0 0 0 0 
1.83971 6.27829 0.0551415 6.06131 
1.82693 6.24953 0.0456018 6.02495 
1.90863 6.42163 0.189923 6.85194 
1.91295 6.42163 0.189923 6.85194 
1.91188 6.42522 0.22296 6.80359 
1.91631 6.42522 0.22296 6.80359 
1.9092 6.39765 0.273889 6.68177 
1.89861 6.36348 0.325877 6.55548 
1.89724 6.35373 0.32394 6.55548 
1.88974 6.35373 0.32394 6.55548 
1.87967 6.30578 0.314877 6.49876 
1.73235 6.12754 0.212349 6.25149 
1.57585 6.04314 0.123402 5.97994 
1.57585 6.04314 0.123402 5.97994 
1.57005 6.04047 0.121814 5.97101 
1.56097 6.04047 0.118185 5.97101 
1.56424 6.0406 0.122167 5.96214 
1.56424 6.0406 0.122167 5.96214 
1.55463 6.03339 0.118441 5.94645 
1.5482 6.03685 0.118496 5.94035 
1.54478 6.03992 0.118531 5.93841 
1.41831 6.03 0.0990881 5.76309 
1.41831 6.03 0.0990881 5.76309 
1.41345 6.06394 0.103585 5.72561 
1.42461 6.07501 0.1057 5.73685 
1.42461 6.07501 0.1057 5.73685 
1.43262 6.11088 0.114967 5.77124 
1.43372 6.1123 0.112707 5.76791 
1.42798 6.1123 0.112707 5.78044 
1.42966 6.12524 0.113438 5.78044 
1.42966 6.1364 0.114734 5.79259 
1.41472 6.15873 0.100137 5.8147 
1.4153 6.15874 0.0995393 5.81655 
1.43568 6.2436 0.109272 5.85203 
1.45266 6.25688 0.110865 5.89054 
1.45496 6.25168 0.109918 5.89121 
1.45496 6.25168 0.109918 5.89121 
1.47694 6.2819 0.118347 5.94296 
1.48008 6.27525 0.116789 5.94314 
1.48844 6.28285 0.114158 5.94552 
1.48844 6.28946 0.114158 5.97954 
1.56277 6.19824 0.107122 6.01152 
1.59188 6.29891 0.11942 6.0852 
1.59188 6.29891 0.11942 6.0852 
1.59986 6.285 0.120218 6.08265 
1.6269 6.27899 0.126033 6.11873 
1.6269 6.27899 0.126033 6.11873 
1.7034 6.15251 0.107012 6.13334 
1.70594 6.14693 0.106776 6.13334 
1.71286 6.15746 0.106776 6.13158 
1.7247 6.18332 0.118669 6.12977 
1.73551 6.14553 0.11746 6.16076 
1.74628 6.22347 0.122208 6.2012 
1.74532 6.21864 0.122699 6.2012 
1.74359 6.21529 0.12098 6.19769 
1.75246 6.2605 0.126626 6.24307 
1.75246 6.2605 0.129959 6.23723 
1.75308 6.26805 0.13066 6.25045 
1.75551 6.28 0.133096 6.26242 
1.76016 6.3018 0.136718 6.28606 
1.7589 6.29355 0.136178 6.26932 
1.72637 6.19406 0.116423 6.15842 
1.74468 6.35363 0.134272 6.28809 
1.74848 6.35736 0.139626 6.28965 
1.74848 6.35736 0.139626 6.28965 
1.74866 6.39908 0.143361 6.32576 
1.74706 6.38381 0.14259 6.30951 
1.7461 6.39237 0.142821 6.31606 
1.74651 6.39785 0.143755 6.32077 
1.7471 6.4025 0.141636 6.30478 
1.74771 6.40634 0.14499 6.32888 
1.70574 6.1501 0.103598 6.07477 
1.70302 6.20151 0.105357 6.10049 
1.70034 6.18464 0.103617 6.08185 
1.70034 6.18464 0.103617 6.08185 
1.69321 6.23018 0.106022 6.11193 
1.69321 6.21273 0.106022 6.11193 
1.68735 6.24716 0.106424 6.09379 
1.68735 6.22862 0.106424 6.11923 
1.67015 6.20561 0.106424 6.11923 
1.66584 6.17571 0.0839512 6.00917 
1.61333 6.11589 0.0669914 5.94492 
1.59477 6.15002 0.0669914 5.94031 
1.57949 6.11665 0.047719 5.84513 
1.56088 6.11665 0.047719 5.87806 
1.55039 6.14717 0.048332 5.89048 
1.55039 6.14717 0.048332 5.89048 
1.55039 6.14717 0.0478043 5.8788 
1.55039 6.14717 0.0478043 5.8788 
1.5345 6.13901 0.0522313 5.93112 
1.53193 6.21324 0.0546587 5.93112 
1.52097 6.14896 0.0461825 5.84993 
1.52281 6.2441 0.0566667 5.93425 
1.52611 6.2307 0.059205 5.92232 
1.52329 6.2824 0.0646037 5.96008 
1.52329 6.2824 0.0646037 5.95124 
1.52422 6.29122 0.0668575 5.96678 
1.52422 6.30904 0.0696136 5.98043 
1.52692 6.29637 0.0693902 5.97153 
1.52606 6.34369 0.0693902 6.00819 
1.52606 6.34369 0.0748005 6.00819 
1.57144 6.1538 0.0595495 5.91378 
1.5912 6.31538 0.058141 5.90804 
1.5912 6.31538 0.058141 5.90804 
1.59864 6.36759 0.0922607 6.13132 
1.59864 6.36759 0.0922607 6.13132 
1.60413 6.36348 0.0921648 6.13689 
1.60413 6.3746 0.0947003 6.14941 
1.61306 6.3746 0.0947003 6.14941 
1.61758 6.39339 0.10125 6.17104 
1.62232 6.39339 0.10456 6.17104 
1.67586 6.09919 0.0761362 6.00773 
1.67586 6.09919 0.0761362 6.00773 
1.6711 6.18364 0.088215 6.0923 
1.6711 6.17242 0.0867775 6.0923 
1.66127 6.22978 0.0927198 6.07859 
1.65893 6.16681 0.080497 6.07197 
1.66252 6.18166 0.0833152 6.08369 
1.66042 6.13673 0.0802254 6.04507 
1.65581 6.13673 0.0772077 6.05728 
1.64854 6.15041 0.0732635 6.04613 
1.56183 6.04627 0.0285975 5.87853 
1.56913 6.23153 0.0549039 6.07182 
1.56913 6.23153 0.0549039 6.07182 
1.57453 6.23153 0.0617986 6.07182 
1.57521 6.30777 0.0799353 6.1172 
1.57521 6.30777 0.0799353 6.1172 
1.5796 6.34766 0.0922007 6.14389 
1.58156 6.35167 0.0923446 6.13083 
1.58164 6.35167 0.0970308 6.14399 
1.58164 6.35167 0.102091 6.14399 
1.57377 6.22896 0.0813114 6.03376 
1.58417 6.321 0.0945933 6.13902 
1.58848 6.29729 0.105788 6.1422 
1.59181 6.29729 0.112806 6.15165 
1.6007 6.3563 0.127456 6.16077 
1.6022 6.33336 0.124395 6.16959 
1.6022 6.33336 0.124395 6.16959 
1.6142 6.38502 0.135078 6.18499 
1.61587 6.35843 0.139295 6.19207 
1.61587 6.35843 0.139295 6.19207 
1.60224 6.04311 0.08008 5.94994 
1.59818 6.02913 0.0765703 5.93452 
1.59974 6.07636 0.0886897 6.02948 
1.6058 6.0882 0.100415 6.03251 
1.61621 6.13477 0.119086 6.06594 
1.61621 6.13477 0.119086 6.06594 
1.61685 6.15276 0.126232 6.07376 
1.61724 6.16963 0.131663 6.08302 
1.62509 6.19119 0.151497 6.12707 
1.62509 6.19119 0.145416 6.11003 
1.54931 6.02758 0.075976 5.93209 
1.54931 6.02758 0.0701901 5.93209 
1.55012 6.10714 0.089507 6.02259 
1.54049 6.08037 0.089507 6.00519 
1.55357 6.09171 0.0877396 6.01992 
1.55357 6.09171 0.0877396 6.01992 
1.59032 6.14886 0.147024 6.08029 
1.58358 6.1329 0.147024 6.08029 
1.58494 6.13933 0.144383 6.06739 
1.58494 6.13933 0.144383 6.06739 
1.44381 6.01687 0.0547007 5.86748 
1.44381 6.01687 0.0547007 5.86748 
1.50013 6.14354 0.123215 6.07176 
1.49146 6.1373 0.120911 6.05579 
1.5051 6.1474 0.133421 6.06848 
1.51855 6.15639 0.146186 6.06395 
1.50868 6.14821 0.141105 6.06395 
1.54348 6.17378 0.169112 6.07557 
1.54348 6.17378 0.169112 6.07557 
1.58779 6.20472 0.204533 6.14821 
1.40799 6.07098 0.0809594 5.89914 
1.42482 6.03267 0.114786 5.95264 
1.41286 6.03319 0.114012 5.95264 
1.41286 6.03319 0.114012 5.9615 
1.4899 6.04725 0.171497 6.01045 
1.476 6.04589 0.165685 5.99644 
1.476 6.04589 0.165685 5.99644 
1.54641 6.05861 0.21128 6.05187 
1.52894 6.05652 0.200128 6.03992 
1.54491 6.05855 0.208078 6.05635 
1.29961 6.06484 0.0886008 5.88951 
1.38099 6.18694 0.158244 6.14077 
1.37067 6.18567 0.164657 6.11332 
1.40414 6.17774 0.185869 6.12701 
1.43534 6.17774 0.185869 6.12701 
1.5117 6.15713 0.225323 6.15395 
1.49352 6.159 0.242667 6.16637 
1.49352 6.159 0.242667 6.16637 
1.59615 6.1295 0.295537 6.22001 
1.57325 6.12933 0.280454 6.20771 
1.47018 6.10034 0.196361 6.1531 
1.47018 6.10034 0.196361 6.1531 
1.57319 6.34392 0.216683 6.65907 
1.57319 6.34392 0.226365 6.65907 
1.60865 6.28248 0.28093 6.59927 
1.60865 6.28248 0.28093 6.59927 
1.68828 6.2473 0.293955 6.64615 
1.72728 6.2473 0.293955 6.65119 
1.82462 6.15217 0.352591 6.68016 
1.7931 6.14926 0.33652 6.65441 
1.259 6.02003 0.149024 6.00635 
1.47364 7.03457 0.37834 7.26009 
1.51822 6.962 0.37834 7.15215 
1.51822 6.962 0.37834 7.15215 
1.51822 6.962 0.397297 7.15215 
1.77506 6.72161 0.473744 7.17803 
1.74337 6.69036 0.453814 7.13007 
1.80138 6.5926 0.468025 7.13007 
1.80138 6.5926 0.482109 7.10474 
1.85209 6.50225 0.482109 7.07606 
1.37108 6.15139 0.233274 6.45348 
1.38591 5.73952 0.220779 6.20477 
1.41205 5.73952 0.23071 6.17655 
1.54905 5.53295 0.247212 6.14518 
1.46179 5.56963 0.257423 6.11834 
1.48575 5.46367 0.266885 6.06846 
1.5046 5.46367 0.266885 6.07989 
1.5046 5.46367 0.266885 6.03776 
1.63939 5.29195 0.300555 6.08328 
1.53657 5.31424 0.256949 6.0461 
0.509706 5.64452 -0.0680678 5.30885 
0.509706 5.64452 -0.0680678 5.30885 
0.718239 5.51847 0.0653691 5.50106 
0.718239 5.51847 0.0653691 5.50106 
0.718239 5.51847 0.0653691 5.50106 
0.983433 5.26406 0.169231 5.51838 
0.983433 5.26406 0.169231 5.51838 
1.09834 5.14808 0.212488 5.52947 
1.09834 5.14808 0.212488 5.52947 
1.20619 5.03755 0.246787 5.54892 
0.479573 5.6934 0.0683235 5.39264 
0.479573 5.6934 0.0683235 5.39264 
0.479573 5.6934 0.112836 5.39264 
0.606063 5.13514 0.153634 5.12804 
0.606063 5.13514 0.153634 5.12804 
0.606063 5.13514 0.153634 5.12804 
0.931505 4.84858 0.246398 5.22362 
0.838311 4.96872 0.231216 5.22792 
0.838311 4.90303 0.253004 5.22792 
1.1447 4.70633 0.273243 5.30662 
0.200408 5.99131 0.163829 5.44626 
0.200408 5.99131 0.163829 5.44626 
0.0885283 5.51683 0.180489 5.45059 
0.0885283 5.51683 0.180489 5.45059 
0.204864 5.43954 0.222801 5.04482 
0.880122 4.7533 0.347813 5.22611 
0.751683 4.7533 0.347813 5.23726 
0.751683 4.94959 0.343141 5.23726 
0.976088 4.77489 0.392444 5.35086 
0.88338 4.91383 0.377358 5.37571 
0.157395 6.24004 0.286165 5.80063 
0.428567 6.16466 0.40679 6.16819 
0.428567 6.16466 0.40679 6.16819 
0.347084 6.28989 0.40679 6.16819 
0.836342 5.8742 0.466576 6.26161 
0.836342 5.78367 0.485436 6.31572 
0.97728 5.64454 0.506051 6.3286 
0.97728 5.64454 0.506051 6.3286 
1.24103 5.39278 0.545941 6.47691 
1.24103 5.39278 0.545941 6.47691 
0.401353 6.62246 0.492044 6.60862 
0.401353 6.62246 0.492044 6.59557 
0.670555 7.07606 0.488734 6.59557 
1.23581 6.36328 0.738036 7.48993 
1.23581 6.36328 0.726054 7.46742 
1.55338 6.2552 0.730723 7.49654 
1.44307 6.05004 0.734813 7.51952 
1.6036 5.8286 0.743995 7.53777 
1.75322 5.62373 0.754703 7.55293 
1.89681 5.42669 0.765896 7.5669 
0.830707 6.36346 0.672944 7.15472 
0.830707 6.36346 0.672944 7.15472 
1.1247 4.77943 0.537073 6.21643 
0.955823 4.77943 0.538021 6.16503 
0.955823 4.77943 0.538021 6.16503 
1.6041 3.88794 0.53858 6.25912 
1.38259 4.15094 0.533192 6.21801 
1.38259 4.15094 0.533192 6.21801 
1.4844 3.99682 0.52032 6.2496 
1.4844 3.50676 0.512099 6.34277 
0.804788 4.8323 0.443791 6.27045 
0.804788 4.8323 0.443791 6.27045 
0.804788 4.8323 0.443791 6.27045 
1.01601 3.69215 0.450756 5.73375 
0.742523 4.06615 0.435527 5.70208 
0.742523 4.06615 0.435527 5.70208 
1.06589 3.84002 0.413995 5.81426 
1.54293 3.05963 0.415242 5.93654 
1.24814 3.47535 0.434104 5.9182 
1.37282 2.91263 0.441542 5.91461 
-0.68171 6.33143 0.604739 5.95954 
-1.49626 7.69908 0.710256 6.21901 
-1.48848 7.62137 0.71349 6.22236 
-1.17053 7.07509 0.717968 6.14955 
-1.17053 7.07509 0.634334 6.29107 
-1.17053 7.07509 0.634334 6.29107 
-0.12798 5.63089 0.521391 6.50381 
-0.372036 5.56192 0.560173 6.43531 
-0.0937307 5.56192 0.548077 6.47831 
-0.0937307 5.56192 0.548077 6.47831 
-0.957597 6.66051 0.89175 6.04862 
-0.957597 6.66051 0.89175 6.04862 
-0.788778 5.25585 0.750731 5.35553 
-0.788778 5.4746 0.750731 5.35553 
-0.039613 4.42043 0.614278 5.53994 
0.169001 4.12053 0.579153 5.58905 
0.420508 4.12053 0.579153 5.58905 
0.676761 3.1216 0.492177 5.72364 
0.923877 3.1216 0.492177 5.79375 
0.923877 3.1216 0.492177 5.79375 
-0.514448 5.155 0.933064 5.69974 
-0.306788 4.72926 0.962324 5.67711 
-0.130884 4.47462 0.783809 5.44835 
-0.145552 4.49281 0.732822 5.5476 
0.154032 4.49281 0.644152 5.67711 
0.154032 4.76702 0.644152 5.67711 
0.154032 3.71113 0.644152 5.67711 
0.431474 3.46354 0.484797 5.92181 
0.618641 2.50196 0.319395 6.15666 
1.60437 2.23327 0.265998 6.34739 
-0.170727 4.78367 0.936838 6.16113 
-0.233757 5.52681 1.00799 6.12752 
0.446809 3.68093 0.607245 5.45131 
-0.167879 4.58769 0.759807 5.69708 
0.41185 3.83334 0.532997 6.02533 
0.023288 4.4027 0.632183 5.97394 
0.831147 3.31563 0.537982 6.13185 
0.451854 3.88762 0.460335 6.27338 
0.198761 4.31141 0.576547 6.23262 
1.54934 2.48637 0.160319 6.7201 
-0.873091 6.39741 1.15664 6.35618 
-0.204159 6.76761 1.18312 7.2816 
-0.595874 7.25884 1.18312 7.2816 
-0.316048 7.25884 1.27646 7.18025 
-0.316048 6.82095 1.27646 7.18025 
-0.316048 6.82095 1.27646 7.18025 
1.29358 4.47719 0.288072 8.076 
1.29358 4.47719 0.288072 7.9262 
1.72775 3.91286 0.378313 8.05049 
1.34723 4.47883 0.315627 8.14622 
-0.138223 6.79136 1.31122 7.59281 
0.0425776 5.83323 1.31122 7.59281 
0.0425776 5.83323 1.02093 7.35881 
-1.33544 7.38273 1.34432 6.12166 
-0.817005 6.90989 0.911643 6.41386 
-0.560635 5.98425 0.725709 6.51992 
-0.363123 5.61936 0.544641 6.64158 
-0.363123 5.61936 0.544641 6.64158 
0.755469 3.97796 -0.0315827 7.10102 
0.347853 4.53703 -0.0315827 6.9122 
-1.40319 6.92815 1.29118 6.03125 
-1.40319 6.92815 1.29118 6.03125 
-0.236252 5.68317 0.568628 6.22929 
-0.707492 6.21643 0.721951 6.04981 
-0.395337 5.71595 0.243403 5.93823 
-0.15491 5.29058 0.243403 6.39623 
-0.15491 5.29058 0.243403 6.39623 
0.637299 4.02594 -0.318285 6.06778 
0.637299 4.61042 -0.0452768 6.52914 
0.186148 4.17795 -0.0452768 6.52914 
-1.44132 6.82001 1.2141 5.54096 
-1.44132 6.82001 1.2141 5.54096 
-0.3393 5.54294 0.264512 5.4526 
-0.838299 6.09577 0.264512 5.4526 
-0.00200638 4.86403 0.191105 5.43908 
-0.457304 5.39369 -0.0308122 5.59226 
-0.179853 4.97593 -0.22274 5.72985 
-0.533004 5.43548 0.00333093 5.54487 
0.893576 3.45087 -0.980003 6.33091 
0.361101 4.1586 -0.627115 6.0282 
-1.26128 6.56495 0.839512 5.0216 
-1.26128 6.56495 0.839512 5.0216 
-1.57858 5.07163 0.462381 5.0216 
-0.924641 4.06311 -0.172668 4.52662 
-0.924641 4.06311 -0.172668 4.52662 
-0.78805 3.97454 -0.474265 4.76771 
-0.62895 3.60729 -0.599956 4.9054 
-0.473679 3.4535 -0.701512 5.03645 
-0.473679 3.4535 -0.701512 5.03645 
-0.601781 2.99242 -0.978559 5.45219 
-0.975428 4.74762 0.155649 4.80054 
-0.79716 4.39511 0.0244542 4.88776 
-0.697846 4.303 0.0244542 5.00258 
-0.697846 4.303 -0.052711 5.00258 
-1.03325 4.87229 -0.194649 5.23972 
-1.03325 4.87229 -0.194649 5.23972 
-1.84667 6.43349 0.669058 4.91972 
-1.506 5.79723 0.795974 4.9429 
-1.506 6.39509 0.795974 4.9429 
-1.54084 5.7608 0.125213 5.52956 
-3.48898 8.63367 1.99587 4.31757 
-3.75252 8.91874 2.15303 4.1696 
-3.68071 8.68477 1.79652 4.67472 
-3.30524 7.96046 1.05024 5.17404 
-3.48395 8.03076 0.944878 5.34329 
-3.67583 8.32136 1.20074 5.19844 
-3.57014 7.93091 0.511811 5.85455 
-3.70622 7.93091 0.511811 5.65437 
-3.70622 8.21599 0.805534 5.65437 
-3.65766 8.14188 0.66349 5.82368 
-3.82254 8.80538 1.59977 5.23278 
-3.59893 8.72621 1.59883 5.5436 
-3.59893 8.86852 1.59883 5.5436 
-3.82529 8.91197 1.46323 5.56414 
-3.82529 8.91197 1.46323 5.56414 
-3.77272 8.92029 1.62554 5.41368 
-3.77272 8.92029 1.62554 5.41368 
-4.35735 9.02727 0.786198 6.15234 
-4.35735 9.02727 0.786198 6.15234 
-4.45679 9.04995 0.970576 5.98181 
-3.55036 8.77067 1.86131 5.23159 
-3.77852 8.60009 1.3519 5.47827 
-3.57745 8.43895 1.53607 5.24953 
-3.64258 8.7259 1.37545 5.36435 
-4.02496 8.7259 1.37412 5.37579 
-4.32435 8.98397 1.35399 5.42341 
-4.60399 9.21946 1.35399 5.42341 
-4.60399 9.21946 1.52276 5.21356 
-5.12067 9.65941 1.36174 5.42629 
-5.34718 9.85349 1.38673 5.39994 
-3.87143 8.4818 1.89261 4.58008 
-3.87143 8.4818 1.84506 4.58008 
-3.50481 8.26854 1.9475 4.69503 
-3.50481 8.26854 1.9475 4.69503 
-3.50481 8.26854 1.9475 4.69503 
-3.80986 8.43078 1.66227 4.96984 
-2.89485 7.84047 1.8136 3.99805 
-2.89485 7.21247 1.70918 3.99805 
-2.89485 6.71863 1.58724 3.99805 
-4.24403 8.44157 1.61661 4.01797 
-3.58252 7.51274 1.4105 3.94714 
0.763358 1.59247 0.204315 3.94679 
0.763358 1.59247 0.204315 3.94679 
0.179557 2.42339 0.258634 4.19814 
0.179557 2.17375 0.28733 4.18517 
0.179557 2.17375 0.28733 4.18517 
-1.58349 4.90028 0.821824 4.14064 
-2.49294 7.34426 1.23992 4.1647 
-3.42406 7.34426 1.23992 4.186 
-5.25015 8.54127 1.60488 4.21739 
-1.1541 4.33326 0.526432 4.78738 
-1.15672 5.12738 0.993724 4.93421 
-2.15909 6.41656 0.993724 4.99663 
-2.15909 6.41656 0.927742 4.99663 
-2.99866 7.51045 1.13747 4.99456 
-3.93722 9.00755 1.43189 4.95393 
-4.85116 10.4711 1.71076 4.91403 
-7.29203 14.0939 1.96443 4.87242 
-9.46024 17.3694 2.97262 4.60761 
-9.46024 16.0978 2.97262 4.67049 
-6.94754 13.4382 1.07538 4.65368 
-7.76971 14.752 1.3799 4.75209 
-8.33876 15.6014 1.66654 4.69307 
-10.4603 19.0273 2.3695 4.48567 
-9.24404 17.2629 1.98314 4.52514 
-10.0662 18.6969 1.98314 4.52514 
-10.0662 18.6969 2.0808 4.3736 
-10.6587 19.824 2.11491 4.11003 
-11.6553 20.8055 2.04603 4.11003 
-11.6553 21.7139 2.04603 3.96963 
-5.34597 10.3175 -0.508563 3.64497 
-5.34597 10.3175 -0.508563 3.64497 
-7.76701 14.5506 0.434003 3.12186 
-7.76701 14.5506 0.434003 3.12186 
-8.38842 16.6243 1.06905 2.68772 
-7.57525 15.4123 0.585581 2.75602 
-7.57525 15.4123 0.831806 2.52986 
-7.57525 15.4123 0.831806 2.35821 
-9.78021 20.3584 1.84201 1.99156 
-8.37676 17.5562 1.02691 2.09147 
-4.80047 9.10086 -1.37392 2.05556 
-3.73657 6.85273 -1.8547 2.05556 
-3.73657 6.85273 -1.8547 2.05556 
-5.68549 11.0711 -1.57367 2.09158 
-7.2064 16.0827 0.73948 1.3235 
-7.2064 16.0827 0.73948 1.3235 
-7.77743 18.31 1.36638 0.564282 
-6.43631 15.1714 0.370734 0.730656 
-6.43631 15.1714 0.370734 0.730656 
-8.63043 20.8421 1.56465 -0.000528208 
-5.44804 9.08889 -2.34415 0.750844 
-4.78096 10.0684 -1.95344 0.586413 
-4.90016 10.7126 -1.59297 0.478073 
-6.42699 15.4072 -0.0883189 -0.00657319 
-6.42699 15.4072 -0.0883189 -0.00657319 
-6.83188 17.5858 0.692428 -0.354319 
-5.49189 13.9115 -0.471418 -0.0334122 
-5.49189 13.9115 -0.471418 -0.0334122 
-5.98734 15.5286 -0.365174 -0.12317 
-5.98734 15.5286 -0.365174 -0.12317 
-3.58426 7.09764 -2.89529 -0.262394 
-2.84579 5.04453 -2.59803 0.543744 
-2.92194 5.81813 -1.78284 0.461083 
-3.05609 6.60909 -1.08129 0.378611 
-2.60951 5.36698 -0.608079 0.281447 
-2.60951 5.36698 -0.608079 0.281447 
-0.928241 -1.7191 0.454326 0.0426068 
-0.430675 -1.7191 0.454326 0.0426068 
0.745418 -3.03494 1.82454 -0.029032 
0.745418 -4.80116 0.57272 0.0362622 
0.745418 -4.80116 0.57272 0.0362622 
0.745418 -4.80116 0.57272 0.489567 
0.626442 -4.39815 -1.03713 0.802165 
0.130945 -2.5584 0.447203 0.436541 
0.153896 -0.384754 3.13571 -0.530696 
0.600182 -0.384754 1.37128 0.473804 
1.14452 -0.975392 2.53015 -0.0699266 
1.3617 -2.14611 0.705682 0.745934 
1.59148 -0.987051 1.96145 -0.0246375 
1.56108 -0.987051 0.245992 -0.0246375 
1.38587 -1.8701 -1.00028 0.654875 
1.19584 -1.8701 -1.00028 0.639396 
1.19584 -2.06674 -1.85887 0.639396 
1.19584 -2.06674 -0.472598 8.81508 
2.12351 0.74249 0.890103 7.75452 
2.19947 -0.45802 -0.554312 8.4366 
2.49835 -0.893737 0.298627 8.08022 
2.58977 -0.918113 0.298627 7.80167 
2.58977 -0.918113 0.298627 7.80167 
2.53857 -0.495685 1.14945 7.27431 
0.654815 -0.823478 -2.09912 8.28241 
0.480914 -0.769872 -2.68065 8.43463 
0.480914 -0.769872 -2.68065 7.33711 
1.88034 0.323404 1.56562 6.26617 
1.7737 -0.353366 1.55094 6.06818 
1.7737 -0.353366 1.55094 6.43181 
1.22631 -0.367865 0.652183 6.43181 
1.22631 -0.367865 0.652183 6.43181 
2.69164 -0.937647 3.82625 4.66656 
1.718 -0.418237 4.25404 4.53263 
-0.698296 -0.321686 -0.173068 6.2302 
-0.195735 -0.617785 -0.173068 6.48235 
0.248701 -0.684498 2.01159 2.28562 
0.462812 -0.617553 2.50198 2.32605 
0.462812 -0.617553 2.50198 2.32605 
1.67747 -1.58999 4.90246 1.00538 
0.640261 -0.651061 2.43557 2.08209 
0.618349 -0.626771 2.18976 1.91965 
0.645869 -0.679516 2.18976 1.77723 
1.51124 -1.38354 2.12602 1.65198 
-1.19983 0.465232 -1.75772 3.42315 
-0.401131 -0.418395 0.0780909 1.36314 
-0.401131 -0.418395 0.0780909 1.36314 
1.35432 -1.71207 3.75908 0.0258447 
0.310121 -0.485603 1.57419 1.19956 
-0.539721 -0.485603 1.57419 1.19956 
0.485026 -0.998904 1.28908 1.36669 
0.763515 -1.23195 1.86063 1.20509 
0.86069 -1.17296 0.183701 2.12299 
0.909844 -0.954694 0.902324 1.83772 
0.93098 0.505741 1.37136 0.680037 
0.93098 -1.11968 -0.426342 2.75294 
-0.151799 0.123439 -0.426342 0.527543 
1.46851 -1.28977 4.69764 -0.310187 
1.46851 -1.28977 1.78096 -0.310187 
1.66969 -1.3081 3.80365 -0.15422 
0.30575 0.204388 3.80365 1.22682 
1.71202 -1.14087 3.019 -0.389179 
1.71202 -1.14087 3.019 -0.389179 
0.0660604 0.802893 -0.463685 1.45171 
-1.33941 1.22272 -3.2825 3.78979 
-1.33941 1.22272 -3.63266 3.78979 
0.924171 -1.27008 0.341502 2.84597 
0.145318 -0.217902 0.341502 2.84597 
-0.984076 1.39283 -0.70108 4.85745 
-0.984076 1.71131 -2.0126 5.70754 
-0.984076 1.54024 -2.0126 5.70754 
2.8607 -1.48034 0.29584 5.01038 
2.8607 -1.48034 0.563826 5.01038 
1.87885 0.223776 3.05842 5.72081 
2.09456 0.26413 3.05842 5.46191 
2.09456 0.26413 3.05842 5.46191 
3.61959 0.217291 4.17521 4.78323 
1.72694 0.603494 4.15872 4.99604 
1.80709 0.522728 1.49281 6.17167 
1.80709 0.631756 5.10656 4.65826 
1.80709 0.614113 5.42669 4.81237 
3.57825 -0.0175283 8.15265 3.58839 
1.6106 -0.0175283 8.15265 3.58839 
3.05561 0.243499 6.48656 3.98414 
-0.384253 1.34123 -0.299894 6.96303 
-0.384253 0.670743 0.97146 6.50497 
0.170769 0.670743 0.97146 6.50497 
2.24069 -0.4396 5.07323 5.10846 
2.13241 -0.282403 5.12708 5.35851 
1.68585 0.465503 5.11131 5.4673 
1.68585 0.981303 4.89061 5.60687 
1.57174 1.1169 4.2982 5.93351 
1.52624 1.1169 4.2982 5.93351 
3.14379 0.81969 7.28959 4.72171 
-2.66373 0.788328 -2.80292 9.12361 
-1.44825 -0.36028 2.83633 9.2032 
-0.472913 -0.128001 2.83633 10.4498 
-0.733304 -0.128001 3.64401 10.1203 
-0.088253 -0.138988 5.19955 10.0115 
0.34792 -0.138988 5.19955 9.93511 
0.649541 0.50999 7.61926 9.93717 
0.649541 0.50999 7.61926 9.93717 
0.722374 0.77235 7.85139 8.69247 
0.722374 0.77235 7.85139 10.3747 
-0.609944 0.191879 2.98571 11.9898 
-0.163679 0.0305472 4.00199 11.6466 
0.286474 0.0305472 4.00199 11.5922 
0.620895 -0.0159209 5.83201 11.6338 
0.828554 0.0633978 6.27502 11.6338 
1.69127 -0.270039 11.3126 10.5051 
-0.169938 -0.194213 11.3126 12.3424 
-0.169938 -0.194213 5.99539 12.3424 
-0.553351 -0.409232 6.00143 12.4526 
-0.881602 -0.809776 2.18164 14.1713 
-1.77461 -0.883077 5.24191 15.4126 
-1.46969 -0.9798 2.23731 15.3783 
-1.20615 -0.955164 8.79181 13.8198 
-1.20615 -0.877285 9.24524 14.0801 
-1.034 -0.799658 8.94104 14.2306 
-1.60006 -1.27773 8.75604 14.6253 
-1.60006 -1.27773 8.75604 14.6253 
-2.25569 -1.79869 8.75604 15.0749 
-2.25569 -1.79869 8.70003 15.0749 
-2.74094 -3.69796 16.907 14.3099 
-3.937 -2.34069 16.907 16.1749 
-4.19434 -2.2109 11.7629 15.4535 
-4.12788 -2.23295 11.7629 16.9971 
-3.90335 -2.26868 4.51482 18.1193 
-3.90335 -2.19009 4.51482 17.2292 
-3.90335 -2.41754 4.51482 17.2292 
-3.58315 -2.41754 4.51482 17.6362 
-3.91761 -3.47488 7.5624 7.13949 
-3.60386 -3.47488 20.9868 7.13949 
-3.3731 -4.16939 35.2526 3.09054 
-3.22553 -3.18157 36.6922 1.12627 
-3.22553 -3.81666 36.6922 1.12627 
-3.22553 -3.81666 36.6922 0.358599 
-3.05267 -5.6601 36.6922 -1.00664 
-3.31375 -5.32116 36.6922 -1.64058 
-3.31375 -5.32116 36.6922 -1.64058 
-5.08968 -7.23789 36.6922 -2.64523 
-5.08968 -7.23789 36.6922 -2.83111 
-6.10266 -6.33538 36.6922 -3.54595 
-6.10266 -3.85854 33.0315 -3.52116 
-3.74783 0.169943 20.1737 -3.78012 
-2.06183 -0.681247 15.6977 -3.78012 
-0.497842 -1.33279 2.49562 -4.75608 
-0.497842 -1.33279 2.49562 -4.74275 
-0.809089 -1.98846 -0.678712 -5.74365 
-0.809089 -1.98846 -0.678712 -5.74365 
-1.65791 -2.52909 -0.325529 -4.14738 
-1.65791 -0.266725 -0.325529 -4.14738 
-2.10323 -2.67674 1.32495 -3.39215 
-1.2496 -0.325093 -4.57376 -4.04296 
-0.101732 1.19776 -8.44476 -4.59777 
3.59378 3.41206 -8.96987 -3.59201 
3.59378 3.41206 -8.96987 -3.59201 
0.429583 1.19731 9.9606 -1.89035 
0.533413 1.19731 9.9606 -1.89035 
-1.03044 -2.88701 15.4095 -0.980907 
-1.03044 -2.88701 10.0741 -0.980907 
-2.63561 -4.42361 15.4793 0.758632 
-2.54482 -2.41875 15.4793 0.76336 
-3.66447 -4.50495 13.733 2.54451 
-3.14821 -0.516915 6.94578 2.06547 
-2.35604 -0.516915 1.19283 2.06547 
-2.35604 -0.516915 1.19283 2.06547 
-3.59179 -5.14181 13.1169 3.79485 
-3.59179 -5.14181 6.26421 3.79485 
-3.1367 -3.17356 9.14667 4.13024 
-2.19048 -3.17356 9.14667 4.13024 
-2.00395 -1.85864 5.50507 3.72981 
-0.951386 0.00740812 -1.10108 6.99695 
-0.355412 0.0136672 -1.74077 9.18894 
1.74665 2.21571 -8.65001 9.59749 
2.48543 2.76847 -11.3514 9.06341 
2.68306 1.66146 -9.26527 10.1116 
2.6374 0.844567 -7.35955 11.0945 
2.6374 0.844567 -1.49273 13.4989 
1.50624 -0.502237 -1.03049 14.7476 
1.27923 0.353639 -1.03049 16.1356 
1.22867 0.852284 -1.21665 15.5437 
1.22867 1.02266 -1.38863 18.6871 
1.5067 1.78351 -4.55216 18.6871 
1.39075 0.569244 -1.07326 20.9334 
1.39075 0.569244 -1.07326 20.9334 
1.00567 -0.362372 2.4032 25.0984 
1.00567 -0.362372 -1.14339 24.4132 
0.621557 0.00705857 1.67331 27.3773 
0.653487 0.846683 -1.79082 27.3773 
0.724102 1.14204 -2.605 27.7798 
0.831729 1.20934 -3.148 28.9871 
0.913724 1.20934 -3.148 28.9871 
0.865524 0.803963 -3.81156 31.2606 
0.882743 1.30139 -8.46571 29.7826 
0.859367 1.03499 -10.1452 28.4596 
0.833139 0.841317 -9.87643 20.1898 
0.923543 1.02623 -9.87643 20.1898 
0.827847 0.653753 -5.65041 25.8366 
0.663638 0.684409 -5.03851 25.8366 
0.663638 0.684409 -5.03851 25.8366 
0.148346 1.17186 -4.76962 28.3852 
-0.00457182 1.11652 -4.6605 29.5371 
-0.164239 0.775891 -6.1356 31.813 
-0.104952 0.775891 -4.21673 30.1442 
-0.104952 0.498387 -4.21673 30.1442 
-0.104952 0.529281 -4.21673 30.1442 
-0.725754 0.526522 -1.79572 35.8489 
-0.725754 0.526522 -3.30608 35.8489 
-1.47131 0.294644 -3.37638 36.6922 
-1.27095 0.294644 -3.37638 36.0212 
-2.30736 0.0935516 -6.04378 36.6922 
-1.84901 0.0935516 -6.99781 36.6922 
-2.66228 -0.134943 -7.79095 36.6922 
-1.49479 -0.675004 -8.85021 36.6922 
-1.49479 -0.675004 -8.85021 36.6922 
-1.72863 -0.443395 -9.02225 36.6922 
-1.72863 -0.443395 -9.02225 36.6922 
-3.0823 0.164604 -9.54941 36.6922 
-3.0823 -0.331448 -9.59964 36.6922 
-2.85951 -0.269942 -10.7885 36.6922 
-2.85951 -0.200425 -11.8388 36.6922 
-1.88615 -0.544233 -11.483 36.6922 
-2.26015 -0.315378 -12.2995 36.6922 
-2.74469 -0.065614 -13.4989 36.6922 
-2.74469 -0.065614 -13.4802 34.7656 
-2.79653 -0.0841616 -13.4802 34.7656 
-2.72754 -0.123272 -13.4802 35.5038 
-2.72754 -0.123272 -13.7582 35.5038 
-3.39372 -0.0493603 -15.117 36.6922 
-1.80909 -0.620105 -13.8265 36.6922 
-1.80909 -0.620105 -13.8265 36.6922 
-3.5515 0.23869 -17.34 36.6922 
-3.52593 0.106061 -17.34 36.6922 
-2.97856 -0.0509195 -17.7531 36.6922 
-2.90161 0.189379 -15.8298 36.6922 
-2.90161 0.189379 -18.1894 36.6922 
0.472516 0.383072 -11.1524 30.0049 
0.472516 0.383072 -11.1524 30.0049 
-1.60984 1.05368 -12.2165 30.9791 
-1.60984 1.05368 -12.2165 30.9791 
-2.94752 0.75597 -13.8136 31.7796 
-2.94752 -0.163378 -13.8136 31.7796 
-3.55048 0.325928 -15.0744 32.4851 
-1.00866 -0.275183 -8.45643 21.9537 
-1.00866 -0.275183 -8.45643 21.9537 
-1.00866 -0.275183 -8.45643 21.9537 
3.06468 -0.157858 -2.25984 4.68311 
3.06468 -0.0748774 -2.25984 4.68311 
3.06468 -0.0748774 -2.25984 4.68311 
-2.07087 1.48901 -8.5461 9.36901 
-0.699002 0.500582 -6.03846 5.50401 
-0.699002 0.22589 -7.76318 6.57848 
-4.044 0.586597 -12.8223 11.7382 
-0.218808 -0.909308 -10.1542 5.02973 
-0.218808 -0.909308 -8.06025 5.02973 
-0.218808 -0.909308 -8.06025 24.0826 
-5.43075 0.840747 -18.9631 28.2903 
-5.07644 0.343895 -15.7151 24.3426 
-2.62274 -0.554557 -18.279 25.874 
-2.62274 -0.554557 -18.279 25.874 
-0.670344 -0.702005 -15.214 25.874 
-3.70716 0.437634 -21.0741 27.5395 
-3.8884 0.517794 -21.7228 27.8413 
0.137859 -0.162213 -15.7576 20.4448 
-0.625352 -0.162213 -17.1695 20.4448 
-0.625352 0.713897 -17.1695 24.7959 
-1.38525 0.713897 -17.7363 25.0266 
-4.50537 1.16077 -18.7957 25.4655 
-1.86531 0.0952897 -19.2201 25.6747 
0.379691 -0.474994 -15.2679 21.2053 
-0.442138 -0.0323788 -16.5501 21.9518 
-0.442138 0.757533 -17.5903 22.5051 
-3.9744 0.757533 -23.443 22.5051 
-1.03192 -0.420182 -19.0268 23.4385 
1.17613 0.234192 -14.9875 21.8584 
-0.743696 0.769939 -16.5894 21.9205 
1.05038 0.547324 -11.9434 16.8012 
-2.42087 1.17135 -12.8766 17.1828 
-2.42087 0.849366 -12.8766 22.3848 
-2.70422 0.849366 -18.3964 22.3848 
-5.75432 0.18847 -25.306 28.775 
0.246249 -0.75006 -14.9765 18.104 
0.246249 -0.75006 -14.9765 18.104 
0.246249 -0.75006 -14.9765 18.104 
-4.97987 1.11078 -23.6263 25.4754 
-2.11344 0.582099 -16.9333 18.7766 
-2.11344 0.582099 -17.5849 18.7766 
-2.08139 0.351072 -17.5849 19.1998 
-2.11394 0.254837 -17.8912 19.2672 
-2.11394 0.254837 -17.8912 19.2672 
-7.69266 -0.0702483 -30.929 32.2785 
-3.67659 -0.562108 -23.7799 25.3836 
0.331239 -0.33382 -18.0603 19.8563 
4.86303 1.39257 -0.118717 6.67496 
1.25757 1.39257 -1.1816 0.296871 
3.01726 1.39257 -1.62043 -0.140329 
-1.2699 1.65314 -1.62043 -0.140329 
-1.2699 1.65314 -4.66713 3.53604 
0.407995 0.0645513 -4.77977 2.76734 
0.404934 -0.249056 -3.43045 -4.99571 
1.20741 -0.221508 -3.43045 -4.99571 
3.91388 -0.0956107 -3.43045 -4.99571 
3.91388 0.0677241 1.04608 -10.591 
3.8037 0.61004 -4.38728 -3.08903 
3.8037 0.61004 -4.38728 -3.08903 
3.57143 0.830764 -4.38728 -3.08903 
2.59181 0.851151 -9.89607 2.58529 
4.97477 0.926412 -1.1116 -5.71649 
3.0785 0.82382 1.34571 -3.66818 
3.0785 0.700275 -1.54997 0.029741 
3.52856 0.606041 -2.658 -0.108699 
4.19119 0.687586 -2.98998 -1.588 
4.14835 0.777956 2.9635 -5.68089 
4.50626 0.940695 5.07349 -5.47189 
3.34322 0.820407 7.90941 4.3522 
3.34322 0.6085 -2.83296 4.3522 
3.34322 0.6085 2.43069 0.344391 
1.75797 0.3951 -11.5403 5.76347 
2.10579 0.513597 -2.83975 -3.56309 
2.19039 0.513597 -2.40341 -3.56309 
2.19039 0.513597 -2.40341 -3.56309 
1.7803 0.0481776 9.20616 0.752732 
1.7803 -0.211772 5.34295 5.2542 
1.1745 -0.235642 8.70903 5.2542 
1.03897 -0.500321 -1.9562 4.45351 
1.03897 -0.500321 -1.9562 4.45351 
0.714727 -0.155613 7.03612 -2.81334 
0.212114 -0.347666 -1.2624 2.42465 
0.212114 -0.347666 4.06717 -3.06472 
0.425831 -0.181312 1.33828 -1.64304 
1.16328 -0.193457 -0.968782 -0.37815 
1.16328 -0.193457 -0.968782 -0.37815 
1.31854 -0.388459 3.05211 4.30876 
0.790801 -0.248244 6.04175 1.94195 
0.790801 -0.248244 6.04175 1.94195 
-0.799119 -0.391158 -1.68134 5.13831 
0.563267 -0.647241 1.82756 0.991903 
0.983262 -0.266804 -0.0512648 -0.417686 
1.3083 -0.266804 -2.16649 -0.729346 
1.3083 -0.266804 -2.16649 -0.729346 
1.03314 0.317545 -3.83546 -2.54009 
3.2731 0.268502 -6.28997 -1.8145 
3.2731 0.268502 -6.28997 -1.8145 
4.29266 0.629917 -7.27322 6.69086 
3.00558 1.01628 -7.9045 6.69086 
3.24792 1.124 -8.51168 8.09453 
4.80149 1.01486 -8.51168 8.09453 
3.26932 1.27247 -8.42016 8.2411 
3.26932 1.27247 -8.42016 8.2411 
6.11406 1.15985 -14.8572 7.94833 
6.11406 1.15985 -14.8572 7.94833 
5.59446 1.45907 -10.9174 6.67497 
5.59446 1.59172 -5.63361 6.67497 
3.24893 1.34297 0.438704 6.0311 
1.37977 1.08777 0.438704 6.02095 
1.37977 1.08777 0.438704 6.02095 
4.49503 0.183355 -4.59364 3.54524 
2.17792 0.373392 -0.321029 3.54005 
3.39549 0.207677 0.400703 2.9205 
1.07995 0.207677 0.400703 2.19261 
1.07995 0.279736 0.951152 2.19261 
2.3829 -0.246428 3.3202 -0.599507 
0.227298 -0.314364 3.3202 -0.939595 
0.0304683 -0.491465 3.12128 -0.382736 
0.0304683 -0.491465 3.12128 -0.382736 
-1.55529 -0.831977 2.44977 0.0336032 
-3.03672 -0.84165 4.91133 1.34366 
-2.43359 -1.15929 6.51916 2.17036 
-2.43359 -1.15929 5.74616 1.8289 
-1.27332 -1.40937 4.92677 0.590737 
-0.916225 -1.27301 4.72936 0.590737 
-0.916225 -1.27301 4.24018 0.590737 
1.19303 -0.970452 1.64218 -1.63411 
-2.1316 -0.389896 4.56026 2.86737 
-2.1316 -0.389896 4.56026 2.86737 
-1.61641 -0.603798 4.54231 1.37951 
-1.06617 -0.811007 4.14057 0.487367 
-1.06617 -0.811007 4.14057 0.487367 
1.01623 -0.697087 0.5703 -1.57775 
0.885722 -0.385511 -0.252391 -0.843928 
0.885722 -0.385511 -0.252391 -0.843928 
-2.02942 -0.641861 2.39242 2.85798 
-0.0295691 -0.641861 2.39242 -4.53955 
-1.39244 -0.496713 1.04653 2.12971 
-0.97719 -0.566835 1.30556 -0.313058 
-0.97719 -0.367758 1.30556 -0.313058 
-0.97719 -0.367758 1.30556 -0.313058 
-0.480373 -0.472 0.32103 -1.50279 
-0.480373 -0.247448 0.32103 -1.50279 
-0.480373 -0.227158 1.04804 -1.50279 
-0.343075 -0.227158 1.04804 -1.50279 
1.15196 -0.301083 -1.20908 -5.43793 
-0.47005 -0.301083 -1.20908 -5.43793 
-0.44036 -0.118201 -1.04267 0.129257 
-0.44036 -0.118201 -1.04267 0.129257 
1.17567 -0.262775 -1.19653 -4.56773 
-0.412831 -0.0912004 -1.19653 -4.56773 
-1.2704 -0.121607 1.56733 -2.35813 
-1.2704 -0.121607 1.56733 -2.35813 
-1.2704 -0.121607 1.56733 -2.35813 
-1.2704 -0.121607 1.56733 -2.35813 
-0.0476064 -0.338429 0.339809 3.52424 
-0.0476064 -0.338429 0.339809 3.52424 
-1.52234 -0.177717 0.339809 2.6442 
-1.52234 -0.177717 0.339809 2.6442 
-1.02902 -0.355497 -0.113696 -3.25117 
-1.02902 -0.355497 -0.113696 -3.25117 
-2.12526 -0.356165 -0.113696 1.20791 
1.79387 -0.624999 -0.113696 -10.2468 
1.79387 -0.624999 -0.113696 -0.959395 
0.838432 -0.184548 -0.113696 -3.48373 
-0.586884 0.018142 -2.50746 0.371579 
-0.668884 0.00808323 -1.15661 0.371579 
-0.668884 0.00808323 -1.15661 0.371579 
-2.70568 -0.945246 7.65811 -2.55666 
-2.70568 -0.992511 7.81895 -2.55666 
-0.701471 -1.1011 3.51893 -3.66059 
-0.701471 -1.09738 3.51893 -3.66059 
-0.701471 -1.09738 3.51893 -3.66059 
0.988574 -0.69271 0.427348 -7.53154 
0.792091 -0.331432 -1.2929 -0.22664 
-0.191749 -0.331432 -1.2929 -0.22664 
-0.126249 0.0805849 -1.68449 -1.42801 
0.0198524 0.0901331 -1.52017 -2.35299 
-0.696355 0.0901331 -1.52017 2.02587 
1.17994 -0.04103 -1.02323 -4.82914 
0.231652 0.0500412 -1.61846 -4.09756 
0.161185 0.0890852 -2.37652 -2.68795 
0.180776 0.0890852 -2.37652 -1.88884 
0.180776 0.114742 -2.37652 -1.88884 
0.358011 0.0362179 -1.42261 -4.38599 
0.217059 0.0347187 -1.43528 -4.27752 
0.217059 0.0445074 -1.8817 -3.05689 
-0.808638 0.0275943 -1.87511 3.33327 
-0.67468 -0.0595925 -0.624315 0.878127 
-0.67468 -0.0595925 -0.624315 0.878127 
-0.525661 -0.142679 0.363374 -1.24619 
0.1915 -0.180041 0.49456 -6.99585 
0.0569468 -0.128088 -0.630054 -4.33867 
-0.111536 -0.0944711 -1.4878 3.22893 
-0.111536 -0.0944711 -1.4878 3.22893 
0.0756514 -0.0322412 -0.784104 -7.24756 
-0.673823 -0.0702753 -1.67641 0.964086 
-1.1422 -0.197278 -0.224948 5.29406 
-1.1422 -0.197278 -0.224948 5.29406 
-0.945041 -0.197278 -0.224948 5.29406 
-0.945041 -0.276451 1.55116 -7.23116 
0.085232 -0.240439 2.43662 -10.2246 
0.085232 -0.240439 0.030436 -10.2246 
-0.408249 -0.213569 -0.717226 -2.34337 
-0.408249 -0.237306 -1.01043 4.21668 
-0.918356 -0.272541 0.0739152 3.38421 
-0.844125 -0.312811 1.33117 1.86783 
-0.787792 -0.377223 2.48961 4.92383 
-1.10209 -0.377223 2.48961 4.92383 
-1.10209 -0.377223 2.48961 4.92383 
-0.197455 -0.350982 3.75137 -2.60581 
-0.197455 -0.350982 2.95973 -2.60581 
-0.73198 -0.328119 2.03793 0.215428 
-0.99968 -0.318743 1.34038 3.8014 
-1.00201 -0.387768 3.44891 7.11066 
-0.741325 -0.516406 5.11923 -1.9919 
-0.741325 -0.516406 5.11923 -1.9919 
-0.420285 -0.373632 1.2506 -1.37599 
-0.420285 -0.373632 1.2506 -1.37599 
-0.485054 -0.311539 0.167119 1.61948 
-0.268146 -0.226036 -0.141782 -0.218699 
-0.0728718 -0.142877 -0.396645 -1.83456 
0.294757 -0.0359842 -0.814215 -2.73216 
0.351111 0.048237 -1.26693 -6.5771 
0.351111 0.048237 -1.26693 -6.5771 
-0.105338 0.116915 0.139537 3.87845 
-0.0406944 0.116915 1.25204 3.87845 
-0.170747 -0.0542544 0.554895 0.853133 
0.0632931 -0.0543789 0.620491 -2.50243 
0.0218758 -0.0607671 1.1603 -2.50243 
0.0218758 -0.0511416 0.730073 -2.50243 
0.162997 -0.0194969 0.0746933 -5.77534 
-0.0280089 -0.0435344 -1.20526 -1.18925 
-0.0280089 -0.0435344 -1.20526 -0.858653 
0.0944365 0.0141178 -1.37509 -3.21955 
-0.0116295 0.00316381 -1.66721 0.0648608 
-0.0165892 0.0217454 -1.34803 0.141368 
-0.00775881 0.0350926 -0.903262 -0.144765 
-0.00775881 0.0350926 -0.903262 -0.144765 
-0.00775881 0.0350926 -0.903262 -0.144765 
-0.00727945 -0.000210629 0.673238 -0.810257 
-0.0446901 -0.0132445 0.717869 -1.18306 
-0.0446901 -0.0132445 0.717869 -1.18306 
-0.0446901 0.00113959 0.717869 -3.10296 
-0.00399039 0.00113959 0.634458 -3.10296 
-0.159639 -0.0281962 -0.289897 -1.5799 
-0.21625 -0.0837959 -0.774015 -1.5799 
-0.21625 -0.0960216 -0.492252 1.58394 
-0.171913 -0.114895 -0.173827 3.062 
-0.122111 -0.0714493 0.665315 0.430756 
-0.122111 -0.0714493 0.665315 0.430756 
-0.120773 -0.0428231 0.976076 -1.18345 
-0.120773 -0.0428231 0.976076 1.29482 
-0.144742 -0.0891668 0.375127 1.42168 
-0.125108 -0.0873734 0.467753 1.22836 
-0.125108 -0.0873734 0.467753 1.22836 
-0.180139 -0.0664689 0.670684 1.49133 
-0.0931393 -0.1144 0.645225 2.45482 
-0.0931393 -0.1144 0.645225 2.45482 
-0.0931393 -0.1144 0.645225 2.45482 
-0.154022 -0.0585638 1.13206 -0.296111 
-0.154022 -0.0585638 0.639763 -0.296111 
-0.147014 -0.0955905 0.690279 0.28555 
-0.0979319 -0.0955905 0.333365 1.60805 
-0.0770939 -0.0943825 0.367563 1.37167 
-0.0770939 -0.0803381 0.436144 1.42024 
-0.0154134 -0.0822028 0.355986 2.01885 
0.16498 -0.0279145 0.481514 1.83004 
0.189385 -0.0135927 0.504578 1.66129 
0.189385 -0.0135927 0.504578 1.66129 
-0.00733988 0.0350694 0.989979 -0.964202 
0.0199874 -0.0166908 0.481205 -0.0221799 
0.0199874 -0.0166908 0.481205 0.158042 
-0.0235679 -0.046766 0.0869847 0.182156 
-0.0358559 -0.0460915 0.0869847 0.117922 
-0.0358559 -0.0460915 0.0869847 0.117922 
-0.1511 -0.0216067 0.180788 0.3346 
0.0125734 -0.0460683 -0.0756742 0.385686 
0.0125734 -0.0606906 -0.0756742 0.727177 
0.00672632 -0.0449708 0.0152055 0.589276 
-0.0753607 -0.0449708 0.0152055 0.589276 
-0.145363 -0.0110135 0.347317 0.157161 
-0.0482344 -0.0434538 0.118866 0.250975 
-0.0482344 -0.0591857 0.118866 0.250975 
0.0378576 -0.0591857 -0.0728529 0.60862 
-0.0378718 -0.0297944 0.115693 0.153485 
-0.106396 -0.0209929 0.173695 0.4485 
0.161263 -0.0474364 -0.0917323 0.691144 
0.161263 -0.00126138 -0.0917323 0.65636 
0.0334138 0.025983 0.0912316 0.39873 
0.105882 0.0119468 0.129852 0.335092 
0.168435 -0.000229115 0.0244216 0.370978 
0.168435 -0.000229115 0.166761 0.370978 
-0.0336252 0.0156528 0.269331 0.16432 
-0.0336252 -0.0158033 0.0946477 0.26452 
-0.0336252 -0.0158033 0.0946477 0.26452 
-0.0423353 -0.012237 0.136458 0.569787 
0.0427969 -0.0245938 0.0601607 0.444531 
0.121021 -0.0294302 0.0601607 0.444531 
0.106936 -0.0155622 0.013794 0.289263 
0.106936 -0.0155622 0.013794 0.289263 
0.0893317 -0.00232844 0.0326029 0.283005 
-0.0662188 0.000507861 0.135071 0.372917 
-0.0662188 0.000507861 0.224296 0.42875 
-0.0228538 -0.0301855 0.0967552 0.201819 
0.0668909 -0.0391499 0.0967552 0.240978 
0.0778205 -0.0310446 0.0967552 0.282105 
0.0825885 -0.0189649 0.00488649 0.286616 
0.0859374 -0.0189649 -0.0594595 0.286616 
0.0252384 -9.43288e-05 0.0602317 0.490843 
0.105451 -0.00696683 0.0155983 0.198616 
0.108653 -0.00481461 0.01762 0.145833 
0.105389 -0.000732629 0.00846582 0.122765 
0.100461 0.0018952 -0.00404224 0.11149 
0.100461 0.0018952 -0.01528 0.11149 
0.101919 0.00102359 -0.0391823 0.104444 
0.111458 -0.000539017 -0.0621689 0.104864 
0.158203 0.0140428 -0.136287 -0.216964 
0.197689 0.0343604 -0.304945 -0.0786909 
0.197689 0.0345436 -0.304945 -0.0786909 
0.197689 0.0345436 -0.304945 -0.0786909 
0.163435 0.0350792 -0.270144 -0.235008 
0.117606 0.017034 -0.0883744 0.0545418 
0.117606 0.00735599 -0.0883744 0.0545418 
0.0469048 0.00112805 0.0298678 0.245335 
0.0469048 0.00112805 0.0298678 0.245335 
0.0620058 -0.0117852 0.0244208 0.126798 
0.121673 -0.0100577 -0.0519542 -0.26572 
0.121673 -0.0100577 -0.0519542 -0.26572 
0.0815949 -0.00329103 -0.0824529 0.004551 
0.0776922 -0.00329103 -0.093577 0.0239158 
0.0776922 -0.00329103 -0.093577 0.0239158 
0.0501806 -0.00680989 -0.0562235 0.152075 
0.0852927 -0.0105616 -0.0460152 -0.109095 
0.0688544 -0.0104742 -0.0414343 -0.117907 
0.0959879 -0.00987738 -0.0727287 -0.152135 
0.112629 -0.0072844 -0.105743 -0.280862 
0.122539 -0.00235799 -0.152182 -0.219347 
0.122539 -0.00235799 -0.152182 -0.219347 
0.132686 0.0149591 -0.255972 -0.178924 
0.132686 0.0149591 -0.225919 -0.178924 
0.129964 0.0150157 -0.194756 -0.178924 
0.113615 0.0118574 -0.183178 -0.0638517 
0.106918 0.00793354 -0.129284 -0.137558 
0.104289 0.00621957 -0.129284 -0.137558 
0.104289 0.00621957 -0.114457 -0.190493 
0.104289 0.00621957 -0.114457 -0.228724 
0.148605 0.0033069 -0.164097 -0.440621 
0.153357 0.0120246 -0.207187 -0.425126 
0.153357 0.0120246 -0.248051 -0.425126 
0.153357 0.0120246 -0.275537 -0.425126 
0.0294374 -0.0194461 -0.0192561 -0.00537577 
0.0294374 -0.0194461 -0.0192561 -0.00717448 
0.0739419 -0.0236816 -0.044258 -0.224725 
0.0739419 -0.0236816 -0.044258 -0.147574 
0.0739419 -0.0236816 -0.044258 -0.147574 
