0 0 0 0 
0.535717 1.82945 0.0174753 1.76759 
0.531984 1.81908 0.0151127 1.75442 
0.55567 1.86955 0.0572381 1.99454 
0.557052 1.86955 0.0572381 1.99454 
0.556798 1.86911 0.0586785 1.99151 
0.558837 1.86911 0.0586785 1.99151 
0.55814 1.86698 0.0670327 1.97526 
0.557624 1.863 0.0815203 1.95068 
0.558322 1.86224 0.0825511 1.95068 
0.55725 1.86224 0.0825511 1.95068 
0.558155 1.85581 0.0854765 1.93684 
0.52972 1.81291 0.0762977 1.86792 
0.487006 1.78283 0.0522132 1.78503 
0.487006 1.78283 0.0522132 1.78503 
0.484565 1.7812 0.051185 1.78133 
0.481583 1.7812 0.0496338 1.78133 
0.482316 1.7799 0.0504744 1.77788 
0.482316 1.7799 0.0504744 1.77788 
0.479362 1.77711 0.0489841 1.77287 
0.477193 1.77638 0.0484566 1.76983 
0.47612 1.77619 0.0482252 1.76844 
0.431882 1.75363 0.032992 1.70134 
0.431882 1.75363 0.032992 1.70134 
0.42986 1.76141 0.0333615 1.68807 
0.431894 1.76423 0.0342165 1.68958 
0.431894 1.76423 0.0342165 1.68958 
0.433664 1.7732 0.037151 1.69697 
0.433676 1.77318 0.0367084 1.69479 
0.431841 1.77318 0.0367084 1.69685 
0.431917 1.77627 0.0374286 1.69685 
0.431917 1.77935 0.0381364 1.69903 
0.420447 1.78583 0.0337709 1.69326 
0.418048 1.78585 0.0329481 1.69222 
0.423106 1.81047 0.0352748 1.70165 
0.42486 1.81706 0.0363776 1.70991 
0.424667 1.81658 0.03596 1.70979 
0.424667 1.81658 0.03596 1.70979 
0.429518 1.82692 0.038681 1.72359 
0.429569 1.82615 0.0382298 1.72359 
0.431341 1.82914 0.0377231 1.7237 
0.431341 1.83201 0.0377231 1.73304 
0.444104 1.81443 0.0344379 1.74065 
0.451908 1.84374 0.0375865 1.76186 
0.451908 1.84374 0.0375865 1.76186 
0.453143 1.84159 0.0373708 1.76198 
0.46058 1.84211 0.0393376 1.77229 
0.46058 1.84211 0.0393376 1.77229 
0.483638 1.80757 0.0339032 1.78124 
0.484656 1.80527 0.0336474 1.78124 
0.487019 1.80766 0.0336474 1.78093 
0.49075 1.8147 0.0368246 1.78061 
0.4997 1.79703 0.035602 1.79329 
0.503489 1.81925 0.0373122 1.80631 
0.503693 1.81776 0.0371751 1.80631 
0.503819 1.81635 0.0369549 1.80545 
0.507077 1.82972 0.0388074 1.81968 
0.507077 1.82972 0.0396588 1.81859 
0.508132 1.83211 0.0402161 1.82286 
0.50913 1.83596 0.0409991 1.82704 
0.51103 1.84346 0.0425016 1.83518 
0.510918 1.84167 0.0422274 1.83214 
0.506227 1.8164 0.0375698 1.80865 
0.511893 1.86247 0.0427762 1.84659 
0.512067 1.86609 0.0434759 1.84935 
0.512067 1.86609 0.0434759 1.84935 
0.51274 1.87975 0.0455004 1.86085 
0.512174 1.87692 0.045123 1.85777 
0.512172 1.88031 0.0455933 1.86037 
0.512202 1.88346 0.0460803 1.86283 
0.512261 1.88644 0.0455993 1.85946 
0.512329 1.88922 0.0469633 1.86739 
0.502623 1.8264 0.0373213 1.80516 
0.502402 1.84054 0.037899 1.81256 
0.501533 1.83606 0.0371751 1.80788 
0.501533 1.83606 0.0371751 1.80788 
0.500299 1.8485 0.0382755 1.81651 
0.500299 1.84403 0.0382755 1.81651 
0.498824 1.85372 0.0384973 1.8118 
0.498824 1.84918 0.0384973 1.81905 
0.494071 1.84275 0.0384973 1.81905 
0.493019 1.83381 0.0326304 1.7874 
0.481449 1.81047 0.0276573 1.76718 
0.476253 1.81556 0.0276573 1.76326 
0.470722 1.8025 0.0210768 1.73155 
0.464567 1.8025 0.0210768 1.74019 
0.460826 1.80967 0.0207706 1.74184 
0.460826 1.80967 0.0207706 1.74184 
0.460826 1.80967 0.0201638 1.73835 
0.460826 1.80967 0.0201638 1.73835 
0.455185 1.80453 0.0211988 1.75024 
0.454126 1.82546 0.0207971 1.75024 
0.446693 1.80555 0.016999 1.7216 
0.446844 1.83185 0.0198698 1.74457 
0.446555 1.82937 0.0196986 1.74193 
0.445638 1.84397 0.0213537 1.75225 
0.445638 1.84397 0.0213537 1.74975 
0.444872 1.8475 0.0218368 1.75373 
0.444872 1.85338 0.0225701 1.75767 
0.444342 1.85069 0.0223485 1.75521 
0.443737 1.86489 0.0223485 1.76556 
0.443737 1.86489 0.0240421 1.76556 
0.450109 1.82078 0.0208055 1.73661 
0.455848 1.8672 0.0204281 1.73445 
0.455848 1.8672 0.0204281 1.73445 
0.456551 1.88562 0.0297133 1.8012 
0.456551 1.88562 0.0297133 1.8012 
0.457608 1.88598 0.0301579 1.80287 
0.457608 1.89045 0.030935 1.80692 
0.459166 1.89045 0.030935 1.80692 
0.459896 1.8989 0.0325717 1.81475 
0.460683 1.8989 0.0334022 1.81475 
0.477939 1.82128 0.0274313 1.77356 
0.477939 1.82128 0.0274313 1.77356 
0.478361 1.84303 0.0306435 1.79845 
0.478361 1.83817 0.0301349 1.79845 
0.478693 1.85224 0.0323684 1.79503 
0.478846 1.83355 0.0297234 1.79215 
0.479701 1.83809 0.0305018 1.79564 
0.480595 1.82371 0.0294158 1.78542 
0.480365 1.82371 0.0287387 1.78883 
0.479421 1.82554 0.0285982 1.78539 
0.464188 1.76979 0.0143614 1.72889 
0.466344 1.82129 0.0214804 1.78367 
0.466344 1.82129 0.0214804 1.78367 
0.465942 1.82129 0.0213352 1.78367 
0.465823 1.84568 0.0265207 1.79898 
0.465823 1.84568 0.0265207 1.79898 
0.465236 1.86013 0.0296491 1.80742 
0.464715 1.86453 0.0294041 1.80455 
0.464523 1.86453 0.0309301 1.80864 
0.464523 1.86453 0.0324713 1.80864 
0.459997 1.84277 0.0289933 1.78301 
0.462808 1.87022 0.0329303 1.81394 
0.462725 1.86584 0.0349324 1.817 
0.463732 1.86584 0.036893 1.82025 
0.466015 1.88436 0.0412251 1.82343 
0.465933 1.87968 0.0407012 1.82658 
0.465933 1.87968 0.0407012 1.82658 
0.469342 1.8972 0.0443886 1.83256 
0.469319 1.89195 0.0461378 1.83544 
0.469319 1.89195 0.0461378 1.83544 
0.46855 1.8083 0.0335363 1.77075 
0.468012 1.80278 0.0324735 1.76607 
0.469157 1.81481 0.0358927 1.79313 
0.470973 1.81761 0.038003 1.79531 
0.47514 1.82913 0.0432903 1.80501 
0.47514 1.82913 0.0432903 1.80501 
0.476675 1.83255 0.0454548 1.80743 
0.478073 1.83605 0.0475262 1.80991 
0.480966 1.84273 0.054548 1.82219 
0.480966 1.84273 0.0533264 1.81741 
0.467237 1.78857 0.0376009 1.76407 
0.467237 1.78857 0.0359688 1.76407 
0.468139 1.80832 0.0386919 1.79111 
0.464478 1.80055 0.0386919 1.7864 
0.467591 1.80362 0.037502 1.79153 
0.467591 1.80362 0.037502 1.79153 
0.478435 1.81971 0.0537385 1.80893 
0.476612 1.81576 0.0537385 1.80893 
0.479012 1.81786 0.0560088 1.80473 
0.479012 1.81786 0.0560088 1.80473 
0.443659 1.77026 0.0308631 1.74195 
0.443659 1.77026 0.0308631 1.74195 
0.458927 1.80568 0.047531 1.80327 
0.456433 1.80329 0.0463952 1.79881 
0.460455 1.80574 0.0501002 1.80195 
0.464462 1.80818 0.0538369 1.80068 
0.461887 1.80581 0.0525981 1.80068 
0.472362 1.81307 0.0611431 1.80383 
0.472362 1.81307 0.0611431 1.80383 
0.486509 1.82262 0.0729968 1.82508 
0.438827 1.78189 0.0404841 1.75228 
0.442906 1.76903 0.0486765 1.76765 
0.439739 1.76736 0.0473008 1.76765 
0.439739 1.76736 0.0473008 1.77064 
0.462012 1.76961 0.0627345 1.78476 
0.45873 1.76815 0.0613174 1.78045 
0.45873 1.76815 0.0613174 1.78045 
0.480494 1.77079 0.0761816 1.79501 
0.476854 1.76949 0.074343 1.79096 
0.482622 1.76998 0.0783028 1.79467 
0.416008 1.7596 0.043681 1.74201 
0.439078 1.79329 0.0616262 1.81486 
0.435224 1.7933 0.0605791 1.81056 
0.444545 1.79114 0.066455 1.81439 
0.453786 1.79114 0.066455 1.81439 
0.476177 1.78476 0.0781337 1.82203 
0.472012 1.78492 0.0838428 1.82581 
0.472012 1.78492 0.0838428 1.82581 
0.50313 1.77809 0.101885 1.84118 
0.498515 1.77803 0.0997428 1.83734 
0.47636 1.77312 0.0865992 1.81945 
0.47636 1.77312 0.0865992 1.81945 
0.508538 1.85782 0.0997651 1.96544 
0.508538 1.85782 0.107029 1.96544 
0.520273 1.83932 0.116798 1.95954 
0.520273 1.83932 0.116798 1.95954 
0.54414 1.82987 0.121264 1.97334 
0.556 1.82987 0.121264 1.97612 
0.585272 1.8034 0.13865 1.98646 
0.578856 1.80159 0.134706 1.98092 
0.432512 1.76623 0.0661026 1.82944 
0.48706 2.07944 0.127336 2.18786 
0.50036 2.06256 0.127336 2.18137 
0.50036 2.06256 0.127336 2.18137 
0.50036 2.06256 0.134471 2.18137 
0.578648 1.9961 0.160026 2.19041 
0.571558 1.9905 0.157081 2.17863 
0.587676 1.96955 0.163325 2.17863 
0.587676 1.96955 0.169407 2.17434 
0.603549 1.94838 0.169407 2.16968 
0.508102 1.84809 0.124191 2.01647 
0.51173 1.73299 0.118836 1.94942 
0.52446 1.73299 0.121853 1.94121 
0.569617 1.65867 0.126289 1.93341 
0.55489 1.65579 0.130548 1.92579 
0.56889 1.60707 0.138105 1.91022 
0.582044 1.60707 0.138105 1.91138 
0.582044 1.60707 0.138105 1.89645 
0.63534 1.5398 0.154445 1.90653 
0.625551 1.52274 0.146469 1.89237 
0.301857 1.58889 0.0226188 1.65775 
0.301857 1.58889 0.0226188 1.65775 
0.35848 1.54135 0.0533765 1.7087 
0.35848 1.54135 0.0533765 1.7087 
0.35848 1.54135 0.0533765 1.7087 
0.435803 1.45906 0.0796605 1.71136 
0.435803 1.45906 0.0796605 1.71136 
0.475146 1.41232 0.0943239 1.7073 
0.475146 1.41232 0.0943239 1.7073 
0.513214 1.36785 0.108104 1.70498 
0.318184 1.51133 0.0604374 1.62964 
0.318184 1.51133 0.0604374 1.62964 
0.318184 1.51133 0.0706499 1.62964 
0.357508 1.31364 0.0752879 1.53601 
0.357508 1.31364 0.0752879 1.53601 
0.357508 1.31364 0.0752879 1.53601 
0.452901 1.22003 0.101485 1.55574 
0.43248 1.24206 0.0981386 1.5524 
0.43248 1.21934 0.105488 1.5524 
0.52573 1.15381 0.112712 1.56585 
0.259223 1.47808 0.0789613 1.57492 
0.259223 1.47808 0.0789613 1.57492 
0.221835 1.33163 0.0703902 1.57625 
0.221835 1.33163 0.0703902 1.57625 
0.249499 1.31064 0.0763574 1.46014 
0.444977 1.10715 0.115267 1.5037 
0.422211 1.10715 0.115267 1.50528 
0.422211 1.14031 0.113794 1.50528 
0.487387 1.08629 0.130638 1.53067 
0.465121 1.11899 0.128435 1.53372 
0.267639 1.46463 0.108897 1.62554 
0.343327 1.44583 0.14144 1.73427 
0.343327 1.44583 0.14144 1.73427 
0.320335 1.48163 0.14144 1.73427 
0.466273 1.3681 0.154741 1.76761 
0.466273 1.33136 0.161066 1.78431 
0.506909 1.29312 0.167387 1.78905 
0.506909 1.29312 0.167387 1.78905 
0.587467 1.21763 0.179853 1.83393 
0.587467 1.21763 0.179853 1.83393 
0.358936 1.58433 0.162679 1.90293 
0.358936 1.58433 0.162679 1.90347 
0.434412 1.72291 0.160785 1.90347 
0.599593 1.52786 0.228867 2.18193 
0.599593 1.52786 0.226988 2.17996 
0.697502 1.50207 0.230436 2.1918 
0.670668 1.44287 0.233696 2.20303 
0.719071 1.38285 0.237023 2.21363 
0.76688 1.32328 0.240365 2.22363 
0.81401 1.26409 0.243701 2.23306 
0.544961 1.54065 0.220025 2.16618 
0.544961 1.54065 0.220025 2.16618 
0.644282 1.05313 0.185122 1.89677 
0.6084 1.05313 0.182622 1.88609 
0.6084 1.05313 0.182622 1.88609 
0.800716 0.789568 0.181281 1.91569 
0.760743 0.831787 0.178846 1.90495 
0.760743 0.831787 0.178846 1.90495 
0.807045 0.764082 0.177094 1.91176 
0.807045 0.589477 0.17648 1.93594 
0.681678 0.87439 0.159142 1.89539 
0.681678 0.87439 0.159142 1.89539 
0.681678 0.87439 0.159142 1.89539 
0.749327 0.511643 0.131527 1.73799 
0.696464 0.578491 0.123255 1.72991 
0.696464 0.578491 0.123255 1.72991 
0.795402 0.509664 0.114268 1.75712 
0.943321 0.247969 0.107495 1.7918 
0.885849 0.323836 0.109541 1.7848 
0.966536 0.135894 0.111322 1.77868 
0.36822 1.04937 0.137032 1.77171 
0.0951435 1.53871 0.184394 1.85951 
0.0870064 1.54365 0.186427 1.86714 
0.159022 1.42874 0.190082 1.85243 
0.159022 1.42874 0.166269 1.89659 
0.159022 1.42874 0.166269 1.89659 
0.450582 1.02794 0.12997 1.96578 
0.396306 1.00354 0.133722 1.95549 
0.460791 1.00354 0.12486 1.97153 
0.460791 1.00354 0.12486 1.97153 
0.162883 1.37117 0.181586 1.8843 
0.162883 1.37117 0.181586 1.8843 
0.223277 0.962562 0.151481 1.67623 
0.223277 1.02199 0.151481 1.67623 
0.431885 0.72849 0.112829 1.72809 
0.50974 0.615477 0.0975036 1.74697 
0.588192 0.615477 0.0975036 1.74697 
0.666389 0.281854 0.0550945 1.78564 
0.743833 0.281854 0.0550945 1.80516 
0.743833 0.281854 0.0550945 1.80516 
0.3878 0.718341 0.146593 1.74755 
0.448572 0.599143 0.158779 1.73824 
0.516436 0.507245 0.112211 1.66765 
0.534054 0.485352 0.101401 1.69018 
0.616196 0.485352 0.0771256 1.72293 
0.616196 0.569687 0.0771256 1.72293 
0.616196 0.260674 0.0771256 1.72293 
0.697619 0.155497 0.0293995 1.78857 
0.77461 -0.145794 -0.0282692 1.86079 
1.13339 -0.331157 -0.0677812 1.92349 
0.623887 0.334674 0.0712047 1.866 
0.606601 0.553655 0.092083 1.85748 
0.824622 0.00287726 -0.0124715 1.66143 
0.671295 0.235201 0.0278728 1.72648 
0.831439 0.0282114 -0.0330769 1.81203 
0.750623 0.15011 -0.0119374 1.8039 
0.981868 -0.16469 -0.0411621 1.8464 
0.899002 -0.0389419 -0.0694452 1.88838 
0.819997 0.0829797 -0.0461416 1.88039 
1.20432 -0.444016 -0.17278 2.02085 
0.539149 0.607685 0.0578509 1.94049 
0.732503 0.740805 0.09504 2.20529 
0.644616 0.870856 0.09504 2.20529 
0.721568 0.870856 0.121126 2.1922 
0.721568 0.768102 0.121126 2.1922 
0.721568 0.768102 0.121126 2.1922 
1.20669 0.0945296 -0.155996 2.46158 
1.20669 0.0945296 -0.155996 2.44386 
1.3542 -0.103923 -0.16299 2.48671 
1.26155 0.0312602 -0.197428 2.52757 
0.806823 0.721331 0.0035691 2.44489 
0.860637 0.457411 0.0035691 2.44489 
0.860637 0.457411 -0.0763941 2.3906 
0.477183 0.978626 0.0697973 2.03026 
0.636396 0.859535 -0.0301408 2.11367 
0.716034 0.612521 -0.0824853 2.15512 
0.792664 0.492641 -0.134997 2.19643 
0.792664 0.492641 -0.134997 2.19643 
1.12073 0.0111074 -0.319289 2.34624 
1.02253 0.13763 -0.319289 2.31208 
0.462704 0.868555 -0.0285589 2.0965 
0.462704 0.868555 -0.0285589 2.0965 
0.815096 0.526046 -0.214635 2.15047 
0.715337 0.649532 -0.174204 2.11183 
0.794953 0.525191 -0.29743 2.07537 
0.872083 0.402763 -0.29743 2.20136 
0.872083 0.402763 -0.29743 2.20136 
1.10505 0.0357964 -0.475162 2.12359 
1.10505 0.162638 -0.428554 2.28467 
1.00311 0.0434718 -0.428554 2.28467 
0.489969 0.80265 -0.154919 2.04072 
0.489969 0.80265 -0.154919 2.04072 
0.828801 0.448213 -0.396793 2.00065 
0.723896 0.57588 -0.396793 2.00065 
0.956225 0.237839 -0.412803 2.00104 
0.850902 0.365528 -0.477951 2.04667 
0.916898 0.258505 -0.541512 2.09143 
0.815542 0.383775 -0.489059 2.0451 
1.21438 -0.18159 -0.779338 2.27035 
1.1054 -0.0443154 -0.719063 2.21781 
0.576341 0.650516 -0.379979 1.94738 
0.576341 0.650516 -0.379979 1.94738 
0.483421 0.249833 -0.459189 1.94738 
0.70216 -0.065708 -0.632624 1.77617 
0.70216 -0.065708 -0.632624 1.77617 
0.777674 -0.130843 -0.750586 1.86704 
0.818192 -0.262402 -0.806283 1.91218 
0.859147 -0.325061 -0.859323 1.95652 
0.859147 -0.325061 -0.859323 1.95652 
0.800138 -0.504559 -1.00449 2.08807 
0.680547 -0.0519968 -0.75236 1.92002 
0.721152 -0.153081 -0.7981 1.94164 
0.763602 -0.202456 -0.7981 1.98212 
0.763602 -0.202456 -0.835219 1.98212 
0.686755 -0.0765533 -0.90543 2.06405 
0.686755 -0.0765533 -0.90543 2.06405 
0.401217 0.386728 -0.692701 1.97406 
0.509643 0.217433 -0.636985 1.96311 
0.509643 0.373708 -0.636985 1.96311 
0.514 0.208697 -0.831803 2.14554 
-0.143074 1.2088 -0.217428 1.76113 
-0.231324 1.33505 -0.140695 1.70974 
-0.224129 1.31481 -0.192506 1.84906 
-0.120748 1.13739 -0.373129 1.99369 
-0.169338 1.1686 -0.414288 2.03738 
-0.251663 1.28346 -0.342044 1.98797 
-0.285787 1.23514 -0.541543 2.17281 
-0.357439 1.23514 -0.541543 2.1218 
-0.357439 1.34144 -0.467296 2.1218 
-0.384381 1.35428 -0.508355 2.16644 
-0.673924 1.72884 -0.272324 2.03212 
-0.635237 1.78955 -0.234635 2.10793 
-0.635237 1.86078 -0.234635 2.10793 
-0.830669 2.03893 -0.208205 2.11262 
-0.830669 2.03893 -0.208205 2.11262 
-0.852234 2.08661 -0.145406 2.06197 
-0.852234 2.08661 -0.145406 2.06197 
-1.09363 2.20465 -0.37205 2.28032 
-1.09363 2.20465 -0.37205 2.28032 
-1.21031 2.28842 -0.330344 2.25077 
-1.15674 2.38866 -0.0390401 2.0502 
-1.24454 2.41796 -0.160985 2.10308 
-1.22176 2.41662 -0.103993 2.04725 
-1.26587 2.57323 -0.13162 2.07115 
-1.40685 2.57323 -0.120942 2.07282 
-1.54116 2.69974 -0.10316 2.07781 
-1.67037 2.82066 -0.10316 2.07781 
-1.67037 2.82066 -0.0518856 2.02373 
-1.91423 3.0475 -0.0874695 2.08143 
-2.02849 3.15323 -0.0796566 2.08192 
-1.79559 2.99312 0.149094 1.81972 
-1.79559 2.99312 0.161962 1.81972 
-1.80611 3.11506 0.259126 1.81076 
-1.80611 3.11506 0.259126 1.81076 
-1.80611 3.11506 0.259126 1.81076 
-1.90062 3.18851 0.20489 1.87473 
-1.93074 3.37778 0.454749 1.50358 
-1.93074 3.25121 0.455787 1.50358 
-1.93074 3.12641 0.45324 1.50358 
-2.30749 3.6337 0.491658 1.47529 
-2.22751 3.52122 0.488661 1.4096 
-0.781677 1.66454 0.255568 1.17308 
-0.781677 1.66454 0.255568 1.17308 
-0.909236 1.80154 0.237604 1.19266 
-0.909236 1.69404 0.224925 1.19417 
-0.909236 1.69404 0.224925 1.19417 
-1.42045 2.47302 0.360608 1.17179 
-1.7169 3.23475 0.492284 1.16371 
-2.01168 3.23475 0.492284 1.15681 
-2.59296 3.61103 0.619043 1.14565 
-1.44573 2.53427 0.374043 1.26858 
-1.49039 2.80265 0.497757 1.30943 
-1.77474 3.16521 0.497757 1.32302 
-1.77474 3.16521 0.476348 1.32302 
-2.05157 3.51911 0.53501 1.32206 
-2.36315 4.00036 0.622729 1.30679 
-2.67256 4.4842 0.711346 1.29091 
-3.42355 5.60127 0.798042 1.27534 
-4.15741 6.69546 1.10648 1.19876 
-4.15741 6.48919 1.10648 1.21377 
-3.61504 6.04714 0.886324 1.24058 
-3.88559 6.49591 0.948983 1.26718 
-4.1424 6.87764 1.00839 1.24871 
-4.84353 8.00714 1.20897 1.18785 
-4.62684 7.70461 1.14474 1.19959 
-4.87545 8.19041 1.14474 1.19959 
-4.87545 8.19041 1.22301 1.16506 
-5.11186 8.65503 1.35791 1.09601 
-5.55734 9.10057 1.41282 1.09601 
-5.55734 9.52855 1.41282 1.06055 
-4.13024 7.29971 0.766385 1.0237 
-4.13024 7.29971 0.766385 1.0237 
-4.93065 8.69883 1.02346 0.887226 
-4.93065 8.69883 1.02346 0.887226 
-5.21617 9.51938 1.22404 0.768572 
-5.04894 9.39729 1.12104 0.772876 
-5.04894 9.39729 1.21841 0.712008 
-5.04894 9.39729 1.21841 0.653424 
-5.75066 11.081 1.5984 0.53399 
-5.42904 10.4945 1.46608 0.542688 
-4.33042 8.42969 0.959974 0.507197 
-4.02343 7.81727 0.818599 0.507197 
-4.02343 7.81727 0.818599 0.507197 
-4.591 9.06093 0.88288 0.516669 
-5.19226 10.7982 1.55802 0.294321 
-5.19226 10.7982 1.55802 0.294321 
-5.35341 11.6173 1.82898 0.0455756 
-5.01895 10.9163 1.65583 0.0639829 
-5.01895 10.9163 1.65583 0.0639829 
-5.59892 12.7418 2.15526 -0.174873 
-4.63165 9.75993 1.31108 -0.0635652 
-4.40955 10.0841 1.39631 -0.123611 
-4.49125 10.3883 1.4825 -0.179803 
-4.96756 11.8573 1.91068 -0.341753 
-4.96756 11.8573 1.91068 -0.341753 
-5.09364 12.7055 2.22524 -0.489006 
-4.75799 11.8656 1.99253 -0.439753 
-4.75799 11.8656 1.99253 -0.439753 
-4.88918 12.6239 2.24033 -0.561341 
-4.88918 12.6239 2.24033 -0.561341 
-4.0761 10.6373 1.67112 -0.618999 
-3.83974 10.067 1.56549 -0.475243 
-3.90723 10.3791 1.71318 -0.520815 
-3.97364 10.6845 1.86295 -0.564507 
-3.85174 10.3887 1.9869 -0.613152 
-3.85174 10.3887 1.9869 -0.613152 
-3.2896 8.2517 2.30228 -0.759994 
-3.11205 8.2517 2.30228 -0.759994 
-2.64606 7.76663 2.73245 -0.803206 
-2.64606 6.93036 2.47992 -0.837726 
-2.64606 6.93036 2.47992 -0.837726 
-2.64606 6.93036 2.47992 -0.666531 
-2.01927 5.1143 2.06716 -0.687716 
-1.9616 4.98903 2.48583 -0.839187 
-1.82857 5.17603 3.30935 -1.1679 
-1.64427 5.17603 3.01455 -1.0306 
-1.40765 4.67303 3.48715 -1.22885 
-1.24621 4.18593 3.15877 -1.08396 
-1.04042 4.2565 3.6069 -1.2819 
-0.911754 4.2565 3.25921 -1.2819 
-0.67075 3.30325 2.9626 -1.04833 
-0.587138 3.30325 2.9626 -0.94178 
-0.587138 2.9603 2.63846 -0.94178 
-0.587138 2.9603 3.17876 1.10133 
-0.161601 3.3895 3.64073 0.858182 
-0.0904883 3.05536 3.27652 1.01225 
0.0816139 2.83717 3.42973 0.953609 
0.236105 2.64719 3.42973 0.894985 
0.236105 2.64719 3.42973 0.894985 
0.372492 2.34108 3.59918 0.773893 
0.480851 1.46496 2.40611 1.22397 
0.447078 1.31993 2.11621 1.33354 
0.447078 1.31993 2.11621 1.09009 
0.8616 1.3912 3.12815 0.79056 
0.948873 1.09159 3.0504 0.763439 
0.948873 1.09159 3.0504 0.867678 
0.884287 0.987392 2.78081 0.867678 
0.884287 0.987392 2.78081 0.867678 
1.46696 0.595656 3.66125 0.373636 
1.35958 0.54602 3.85517 0.261924 
0.93053 0.29683 2.77777 0.651571 
1.00922 0.202669 2.77777 0.764088 
1.09086 0.120514 3.23187 -0.417612 
1.16528 0.0503786 3.42175 -0.510727 
1.16528 0.0503786 3.42175 -0.510727 
1.61719 -0.432892 4.33283 -1.00752 
1.46818 -0.389152 3.95919 -0.841974 
1.55933 -0.532216 4.09443 -0.946568 
1.64446 -0.666051 4.09443 -1.04371 
1.9675 -0.983258 4.34154 -1.13532 
1.2609 -0.621774 3.24518 -0.682363 
1.36413 -0.761289 3.49615 -1.24623 
1.36413 -0.761289 3.49615 -1.24623 
1.82055 -1.2239 4.39122 -1.69556 
1.64544 -1.10052 3.99765 -1.49022 
1.46882 -1.10052 3.99765 -1.49022 
1.74016 -1.39219 3.9919 -1.50211 
1.86567 -1.57674 4.18459 -1.59249 
1.97837 -1.73679 3.7862 -1.37904 
2.0814 -1.87364 3.97124 -1.47228 
2.17535 -1.77777 4.30512 -1.85265 
2.17535 -2.2282 3.87804 -1.38562 
1.95696 -2.00208 3.87804 -2.02943 
2.51925 -2.4346 5.40786 -2.37853 
2.51925 -2.4346 4.91377 -2.37853 
2.74163 -2.63056 5.69442 -2.5219 
2.4789 -2.36106 5.69442 -2.23928 
2.92696 -2.78332 5.90468 -2.6483 
2.92696 -2.78332 5.90468 -2.6483 
2.70676 -2.53216 5.37052 -2.38918 
2.07358 -1.9375 4.41177 -1.72869 
2.07358 -1.9375 3.49524 -1.72869 
2.35914 -2.24602 4.35908 -1.85874 
2.1396 -2.03152 4.35908 -1.85874 
1.95633 -1.91231 3.99284 -1.38749 
1.95633 -1.6959 3.56466 -1.10334 
1.95633 -1.51433 3.56466 -1.10334 
2.45616 -1.89046 3.82441 -1.11175 
2.45616 -1.89046 3.79812 -1.11175 
2.44562 -1.75897 4.49032 -0.926431 
2.62445 -1.82421 4.49032 -1.01905 
2.62445 -1.82421 4.49032 -1.01905 
3.33769 -1.88706 4.86783 -1.25507 
3.04629 -1.97722 5.42079 -1.37753 
3.2988 -2.01795 4.92438 -1.07474 
3.2988 -1.96359 5.99268 -1.5174 
3.2988 -1.91746 6.29601 -1.57736 
4.00308 -2.04499 7.37817 -2.01215 
3.6493 -2.04499 7.37817 -2.01215 
4.18178 -1.95295 7.73767 -2.08226 
3.42601 -1.54781 6.35198 -1.36357 
3.42601 -1.55198 6.5581 -1.46483 
3.51533 -1.55198 6.5581 -1.46483 
4.05398 -1.73333 7.57304 -1.87818 
4.12221 -1.72546 7.72538 -1.88979 
4.27075 -1.58892 7.96071 -1.9156 
4.27075 -1.45213 8.16997 -1.93568 
4.33334 -1.22636 8.51034 -1.95816 
4.39102 -1.22636 8.51034 -1.95816 
4.92033 -1.18259 9.59096 -2.36055 
3.19947 -0.836488 7.06011 -1.15363 
3.31099 -0.73924 7.02628 -0.904822 
3.43158 -0.672794 7.02628 -0.533771 
3.20162 -0.672794 6.79247 -0.574149 
3.33342 -0.641046 7.15505 -0.602413 
3.45476 -0.641046 7.15505 -0.649733 
3.56926 -0.426741 8.10409 -0.690012 
3.56926 -0.426741 8.10409 -0.690012 
3.76359 -0.231831 8.89439 -1.16582 
3.76359 -0.231831 8.89439 -0.763551 
3.53874 -0.0823509 8.65372 -0.375729 
3.629 -0.0344551 8.96514 -0.445375 
3.72286 -0.0344551 8.96514 -0.468848 
3.8142 0.0528856 9.53198 -0.492273 
3.89981 0.095669 9.78971 -0.492273 
4.19588 0.0167028 11.4379 -0.843629 
3.78319 0.0122048 11.4379 -0.416113 
3.78319 0.0122048 10.4694 -0.416113 
3.70682 -0.0395818 10.7726 -0.374811 
3.57059 -0.144742 10.0619 0.0951837 
3.14282 -0.19651 10.7057 0.534511 
3.11548 -0.241732 9.76185 0.563072 
3.09612 -0.279484 11.4403 0.165728 
3.09612 -0.310742 11.7517 0.201046 
3.06125 -0.337336 12.0102 0.234538 
2.88284 -0.507308 12.3721 0.333272 
2.88284 -0.507308 12.3721 0.333272 
2.65523 -0.718005 12.3721 0.453908 
2.65523 -0.718005 12.7482 0.453908 
2.44124 -1.55734 16.2674 0.13971 
2.10194 -1.44854 16.2674 0.579004 
1.90286 -1.57239 16.4354 0.399134 
1.73049 -1.6897 16.4354 0.828878 
1.58251 -1.79807 15.0378 1.23944 
1.58251 -1.89234 15.0378 1.06164 
1.58251 -2.07935 15.0378 1.06164 
1.4577 -2.07935 15.0378 1.21671 
0.787389 -2.71639 15.8132 1.18194 
0.604894 -2.71639 16.7109 1.18194 
0.442026 -2.92964 17.9091 0.8765 
0.186601 -2.90151 17.3888 0.587301 
0.186601 -3.08844 17.3888 0.587301 
0.186601 -3.08844 17.7897 0.339798 
-0.0771916 -3.66177 18.3988 -0.0954963 
-0.191292 -3.79719 19.1222 -0.317801 
-0.191292 -3.79719 19.1222 -0.317801 
-0.781028 -4.69425 20.8171 -0.67254 
-0.781028 -4.69425 20.8171 -0.689885 
-1.2228 -5.00484 23.7918 -0.90211 
-1.2228 -4.60848 24.8841 -0.911835 
-1.33495 -3.86062 21.7397 -1.0355 
-1.32414 -3.98086 21.7177 -1.0355 
-1.2897 -3.87838 19.5326 -1.35218 
-1.2897 -3.87838 19.5326 -1.35386 
-1.4332 -4.17642 19.1263 -1.49235 
-1.4332 -4.17642 19.1263 -1.49235 
-1.7408 -4.56335 18.7669 -1.29631 
-1.7408 -4.12012 18.7669 -1.29631 
-2.01453 -4.88754 18.5609 -1.06764 
-1.8508 -4.41554 16.6954 -1.09238 
-1.76271 -4.08548 14.8992 -1.05686 
-0.588272 -2.00251 6.36061 -0.865049 
-0.588272 -2.00251 6.36061 -0.865049 
-0.15493 -1.09278 4.59877 -0.654061 
-0.125598 -1.09278 4.59877 -0.654061 
-0.575629 -1.98354 7.19117 -0.268944 
-0.575629 -1.98354 6.69277 -0.268944 
-0.980396 -2.74857 9.1752 0.240091 
-0.957201 -2.52291 9.1752 0.23859 
-1.36266 -3.36936 10.7192 0.752037 
-1.31127 -2.78447 9.80152 0.725785 
-1.23778 -2.78447 8.84363 0.725785 
-1.23778 -2.78447 8.84363 0.725785 
-1.92456 -4.35603 13.0375 1.63342 
-1.92456 -4.35603 11.9002 1.63342 
-2.01129 -4.45928 13.3316 2.13853 
-1.86927 -4.45928 13.3316 2.13853 
-1.97963 -4.41802 13.2424 2.6047 
-1.80665 -3.99006 11.9081 2.63342 
-1.75791 -3.97358 11.8165 3.02412 
-1.31791 -3.16954 9.30364 3.28183 
-1.12345 -2.81197 8.14704 3.21235 
-1.06713 -2.88297 8.27465 3.59371 
-1.0227 -2.96134 8.41828 3.92055 
-1.0227 -2.96134 9.79027 4.65199 
-1.09814 -3.42248 9.72077 5.02244 
-1.03006 -3.29272 9.72077 5.47322 
-0.905162 -3.17025 9.59418 5.3753 
-0.905162 -3.06203 9.47377 6.34903 
-0.782157 -2.73352 8.46219 6.34903 
-0.78976 -2.90419 9.28659 7.18498 
-0.78976 -2.90419 9.28659 7.18498 
-0.768811 -3.01577 10.0556 8.54231 
-0.768811 -3.01577 9.07008 8.39909 
-0.710742 -2.85073 9.84305 9.35136 
-0.631957 -2.56219 8.86164 9.35136 
-0.5742 -2.36704 8.55532 9.66888 
-0.517854 -2.19261 8.26845 10.1391 
-0.464957 -2.19261 8.26845 10.1391 
-0.437892 -1.97462 7.75133 11.0411 
-0.272738 -1.41047 5.8115 10.9741 
-0.244974 -1.33135 5.01245 10.7065 
-0.220346 -1.26221 4.71859 8.41567 
-0.175862 -1.12259 4.71859 8.41567 
-0.175947 -1.14326 5.32874 10.2505 
-0.169671 -1.07249 5.26964 10.2505 
-0.169671 -1.07249 5.26964 10.2505 
-0.222497 -0.782066 4.91376 11.201 
-0.24967 -0.661706 4.74921 11.6511 
-0.30034 -0.469294 4.14792 12.5322 
-0.27552 -0.469294 4.50788 12.1636 
-0.27552 -0.42278 4.50788 12.1636 
-0.27552 -0.320386 4.50788 12.1636 
-0.435766 -0.227742 4.71821 14.0217 
-0.435766 -0.227742 4.18988 14.0217 
-0.638361 -0.100868 4.0909 14.51 
-0.61016 -0.100868 4.0909 14.4558 
-0.939087 0.0181272 3.07227 14.7826 
-0.893141 0.0181272 2.60719 14.9245 
-1.2011 0.105626 2.16123 15.062 
-1.05939 0.0476389 1.36355 15.3301 
-1.05939 0.0476389 1.36355 15.3301 
-1.16609 0.0908587 1.05529 15.3301 
-1.16609 0.0908587 1.05529 15.5657 
-1.71659 0.297399 0.385018 15.7147 
-1.71659 0.251362 0.109175 15.7147 
-2.01709 0.310946 -0.478165 15.9757 
-2.01709 0.367308 -1.05504 16.109 
-1.86627 0.313525 -1.24365 16.2381 
-2.0508 0.3706 -1.7428 16.3531 
-2.38637 0.475921 -2.66828 16.6004 
-2.38637 0.475921 -2.9658 16.1665 
-2.53155 0.518777 -2.9658 16.1665 
-2.6595 0.55644 -2.9658 16.4899 
-2.6595 0.55644 -3.3246 16.4899 
-3.19746 0.713865 -4.35375 17.0971 
-2.92769 0.622683 -4.29287 17.2204 
-2.92769 0.622683 -4.29287 17.2204 
-3.51304 0.857472 -5.85577 17.4526 
-3.6514 0.892596 -5.85577 17.4526 
-3.86226 0.920174 -6.68292 17.5922 
-4.03463 0.985725 -6.45533 17.8261 
-4.03463 0.985725 -7.4012 17.9303 
-2.87004 0.750717 -6.59115 16.6673 
-2.87004 0.750717 -6.59115 16.6673 
-3.23289 0.906376 -7.161 17.1679 
-3.23289 0.906376 -7.161 17.1679 
-3.66255 1.02214 -7.95254 17.6391 
-3.66255 0.907339 -7.95254 17.6391 
-4.04009 1.09435 -8.67077 18.0647 
-3.51957 0.910274 -7.17391 15.2686 
-3.51957 0.910274 -7.17391 15.2686 
-3.51957 0.910274 -7.17391 15.2686 
-1.91741 0.682842 -5.52098 10.3765 
-1.91741 0.623783 -5.52098 10.3765 
-1.91741 0.623783 -5.52098 10.3765 
-3.08725 0.970667 -7.32422 12.0733 
-2.80425 0.875346 -6.78089 11.0723 
-2.80425 0.923608 -7.28183 11.3398 
-3.96925 1.1171 -8.81123 12.8148 
-3.27457 0.865662 -8.23861 10.8499 
-3.27457 0.865662 -7.67679 10.8499 
-3.27457 0.865662 -7.67679 16.3084 
-4.91763 1.26612 -11.211 17.7183 
-5.09693 1.27814 -10.5562 16.6995 
-4.85284 1.13492 -11.5044 17.194 
-4.85284 1.13492 -11.5044 17.194 
-4.40213 1.01536 -10.816 17.194 
-5.27878 1.19728 -12.6172 17.8125 
-5.46934 1.22419 -13.1307 18.0769 
-4.64642 1.01892 -12.0265 16.2101 
-4.82377 1.01892 -12.5625 16.2101 
-4.82377 1.11764 -12.5625 17.5349 
-5.00477 1.11764 -12.9698 17.7618 
-5.99673 1.32742 -13.7126 18.1679 
-5.46038 1.18915 -14.0518 18.3531 
-4.92359 1.06044 -13.1226 17.188 
-5.11354 1.07843 -13.5909 17.4693 
-5.11354 1.2096 -14.0902 17.7736 
-6.23667 1.2096 -16.0194 17.7736 
-5.79592 1.06257 -15.3821 18.5673 
-5.21092 0.989991 -14.3285 18.2253 
-5.55833 1.02972 -15.1122 18.4365 
-5.00704 0.948877 -13.9908 17.1378 
-5.92354 1.09765 -14.3321 17.3318 
-5.92354 1.10941 -14.3321 18.9941 
-6.08799 1.10941 -16.1006 18.9941 
-7.26377 1.09826 -18.661 21.2682 
-5.97358 0.863517 -16.1584 18.4818 
-5.97358 0.863517 -16.1584 18.4818 
-5.97358 0.863517 -16.1584 18.4818 
-7.30292 0.937225 -19.0725 21.0006 
-6.65416 0.857907 -17.6841 19.4913 
-6.65416 0.857907 -18.0039 19.4913 
-6.78831 0.84238 -18.0039 19.6983 
-6.9132 0.829037 -18.2953 19.8804 
-6.9132 0.829037 -18.2953 19.8804 
-8.87129 0.763892 -22.7492 24.1911 
-8.09824 0.671726 -21.2033 22.5666 
-7.45047 0.544681 -20.0264 21.5427 
-5.92223 0.481278 -15.4989 18.1373 
-6.28857 0.481278 -15.8114 16.6196 
-5.62539 0.481278 -16.0928 16.7843 
-6.70683 0.487994 -16.0928 16.7843 
-6.70683 0.487994 -16.7232 17.2644 
-6.23847 0.383635 -16.9971 17.4383 
-6.23207 0.300963 -17.4118 16.3968 
-6.00586 0.266345 -17.4118 16.3968 
-5.13631 0.240266 -17.4118 16.3968 
-5.13631 0.225081 -15.955 14.0302 
-4.796 0.215994 -16.6831 13.5317 
-4.796 0.215994 -16.6831 13.5317 
-4.65973 0.21983 -16.6831 13.5317 
-4.36548 0.213842 -18.1662 13.0883 
-3.37327 0.220403 -16.4084 11.6106 
-3.67865 0.211884 -15.1102 10.4179 
-3.67865 0.208151 -15.4757 10.4633 
-3.1414 0.176937 -15.7228 10.2356 
-2.74786 0.180842 -15.9381 9.95816 
-2.53681 0.173837 -14.3391 8.85388 
-1.73726 0.185211 -13.3275 7.64556 
-1.55023 0.173831 -11.9054 7.99817 
-1.55023 0.155899 -14.193 7.99817 
-1.55023 0.155899 -12.7752 7.21723 
-1.60202 0.10998 -16.7787 8.92246 
-1.40188 0.116212 -15.1866 7.83525 
-1.29595 0.116212 -15.3594 7.83525 
-1.29595 0.116212 -15.3594 7.83525 
-0.317898 0.0594269 -9.12823 4.20028 
-0.317898 0.0247923 -9.63061 4.98711 
-0.182696 0.0161437 -8.49609 4.98711 
-0.00380783 -0.0659267 -11.1453 5.34635 
-0.00380783 -0.0659267 -11.1453 5.34635 
0.0267917 -0.0572768 -8.83604 4.20438 
0.139348 -0.122087 -9.81188 4.5327 
0.139348 -0.122087 -8.73108 3.93078 
0.213347 -0.124561 -9.29026 3.97818 
0.432632 -0.139076 -9.71715 3.89427 
0.432632 -0.139076 -9.71715 3.89427 
0.849238 -0.124146 -7.30088 2.78171 
0.782819 -0.116247 -6.44437 2.5325 
0.782819 -0.116247 -6.44437 2.5325 
0.596609 -0.12081 -6.99588 2.65293 
0.973426 -0.173047 -6.25923 2.34818 
1.11468 -0.192637 -6.91544 2.3402 
1.24957 -0.192637 -7.57365 2.35148 
1.24957 -0.192637 -7.57365 2.35148 
1.3019 -0.157524 -8.16631 2.00913 
1.99992 -0.180155 -8.97496 1.88475 
1.99992 -0.180155 -8.97496 1.88475 
2.53188 -0.155341 -8.78878 2.07233 
2.35703 -0.107047 -9.20346 2.07233 
2.57756 -0.0878752 -9.93243 2.25831 
3.18693 -0.0992378 -9.93243 2.25831 
2.95604 -0.052454 -10.2436 2.31219 
2.95604 -0.052454 -10.2436 2.31219 
4.15341 -0.0697238 -12.8195 2.25268 
4.15341 -0.0697238 -12.8195 2.25268 
4.48882 -0.0206452 -12.6646 1.90191 
4.48882 0.0243352 -11.5815 1.90191 
4.25305 0.029535 -10.3134 1.72735 
3.87416 0.0481713 -10.3134 1.72873 
3.87416 0.0481713 -10.3134 1.72873 
5.0125 -0.043232 -11.8702 1.01701 
4.57708 -0.0255238 -10.7467 1.01771 
5.09314 -0.0629292 -10.5684 0.839847 
4.62317 -0.0629292 -10.5684 0.63019 
4.62317 -0.0487191 -10.3843 0.63019 
5.15772 -0.09432 -9.35618 -0.132916 
4.66457 -0.114656 -9.35618 -0.474643 
4.66502 -0.140308 -9.08669 -0.751174 
4.66502 -0.140308 -9.08669 -0.751174 
4.20221 -0.229068 -8.44665 -1.44054 
3.72605 -0.230597 -7.53194 -1.2504 
3.76516 -0.266355 -6.53606 -1.23462 
3.76516 -0.266355 -6.45883 -1.41131 
3.87598 -0.331173 -6.41 -1.93115 
3.92167 -0.347751 -6.21106 -1.93115 
3.92167 -0.347751 -6.04868 -1.93115 
4.49031 -0.380743 -6.48712 -3.10011 
3.60221 -0.327053 -5.16347 -2.38304 
3.60221 -0.327053 -5.16347 -2.38304 
3.65782 -0.335585 -5.07294 -2.65884 
3.72329 -0.348446 -5.0096 -2.91882 
3.72329 -0.348446 -5.0096 -2.91882 
4.32017 -0.373769 -5.54281 -3.91776 
4.36092 -0.360124 -5.55929 -4.06298 
4.36092 -0.360124 -5.55929 -4.06298 
3.51101 -0.323691 -4.61155 -2.85815 
3.98958 -0.323691 -4.61155 -4.77633 
3.59839 -0.306794 -4.14892 -4.40523 
3.66585 -0.323024 -4.06598 -4.91478 
3.66585 -0.299475 -4.06598 -4.91478 
3.66585 -0.299475 -4.06598 -4.91478 
3.77758 -0.311986 -4.02339 -5.60076 
3.77758 -0.28577 -4.02339 -5.60076 
3.77758 -0.279692 -3.63087 -5.60076 
3.81263 -0.279692 -3.63087 -5.60076 
4.20336 -0.277258 -4.17498 -7.29487 
3.78823 -0.277258 -4.17498 -7.29487 
3.77886 -0.242795 -3.78437 -6.71605 
3.77886 -0.242795 -3.78437 -6.71605 
4.17264 -0.245143 -3.93479 -8.07031 
3.76242 -0.222063 -3.93479 -8.07031 
3.37501 -0.200277 -3.08975 -7.61682 
3.37501 -0.200277 -3.08975 -7.61682 
3.37501 -0.200277 -3.08975 -7.61682 
3.37501 -0.200277 -3.08975 -7.61682 
3.67588 -0.215605 -3.02108 -6.10912 
3.67588 -0.215605 -3.02108 -6.10912 
3.28356 -0.197511 -3.02108 -7.68642 
3.28356 -0.197511 -3.02108 -7.68642 
3.21791 -0.194867 -2.77303 -8.48651 
3.21791 -0.194867 -2.77303 -8.48651 
2.85924 -0.186947 -2.77303 -7.61338 
3.89166 -0.21733 -2.77303 -11.0308 
3.89166 -0.21733 -2.77303 -9.87547 
3.74323 -0.190394 -2.77303 -11.1345 
3.36977 -0.168566 -2.52753 -10.1478 
3.29807 -0.156508 -2.41997 -10.1478 
3.29807 -0.156508 -2.41997 -10.1478 
1.78827 -0.201888 -0.737714 -7.02739 
1.78827 -0.210479 -0.588312 -7.02739 
1.9672 -0.225037 -0.540184 -8.31987 
1.9672 -0.238071 -0.540184 -8.31987 
1.9672 -0.238071 -0.540184 -8.31987 
2.36484 -0.232061 -0.780785 -10.2531 
2.36897 -0.210934 -0.787 -9.19443 
2.13517 -0.210934 -0.787 -9.19443 
2.14243 -0.164458 -0.883641 -9.85075 
2.15466 -0.147073 -0.911693 -10.1812 
1.93319 -0.147073 -0.911693 -9.14254 
2.42216 -0.124256 -0.947539 -10.842 
2.19524 -0.109386 -0.990782 -11.0905 
2.20126 -0.0960769 -1.05326 -11.2657 
2.2094 -0.0960769 -1.05326 -11.4204 
2.2094 -0.0836068 -1.05326 -11.4204 
2.20751 -0.0654133 -1.10473 -11.9013 
2.16991 -0.0556972 -1.08202 -12.1728 
2.16991 -0.0463014 -1.08293 -12.3633 
1.87289 -0.034075 -1.03097 -11.2201 
1.84847 -0.0315114 -0.963869 -11.4827 
1.84847 -0.0315114 -0.963869 -11.4827 
1.83028 -0.0311784 -0.884094 -11.768 
1.99702 -0.027484 -0.865189 -13.4584 
1.97379 -0.0238652 -0.869748 -13.5351 
1.94751 -0.0233684 -0.852403 -12.0989 
1.94751 -0.0233684 -0.852403 -12.0989 
1.9745 -0.00287065 -0.817556 -15.0914 
1.76841 -0.0053082 -0.810303 -13.5617 
1.52273 -0.0104899 -0.687919 -12.1129 
1.52273 -0.0104899 -0.687919 -12.1129 
1.48552 -0.0104899 -0.687919 -12.1129 
1.48552 -0.00851032 -0.546584 -13.9326 
1.69387 -0.0026684 -0.361198 -15.3897 
1.69387 -0.0026684 -0.387016 -15.3897 
1.58904 -0.00114864 -0.408205 -14.995 
1.58904 -0.00758407 -0.405274 -13.4316 
1.35087 -0.00830074 -0.338064 -13.2277 
1.29534 -0.0100877 -0.240922 -13.0959 
1.24562 -0.0214309 -0.0587954 -11.6405 
1.1024 -0.0214309 -0.0587954 -11.6405 
1.1024 -0.0214309 -0.0587954 -11.6405 
1.23056 -0.0103391 0.16125 -12.8674 
1.23056 -0.0103391 0.20677 -12.8674 
1.06212 -0.0177643 0.222032 -12.6562 
0.911988 -0.0176824 0.242304 -11.1397 
0.780158 -0.0342595 0.430411 -8.90225 
0.277157 -0.085332 1.06688 -5.49114 
0.277157 -0.085332 1.06688 -5.49114 
0.279194 -0.0792956 0.923344 -5.85051 
0.279194 -0.0792956 0.923344 -5.85051 
0.241251 -0.0787562 0.821457 -5.23069 
0.272281 -0.0688178 0.757845 -5.68536 
0.305002 -0.0577032 0.694646 -6.13588 
0.401738 -0.0375418 0.622514 -6.55262 
0.430549 -0.0243197 0.562991 -7.95906 
0.430549 -0.0243197 0.562991 -7.95906 
0.263829 0.0118867 0.233939 -5.13347 
0.248642 0.0118867 0.295671 -5.13347 
0.206277 0.0155028 0.296565 -4.39101 
0.257882 0.0227735 0.288032 -4.74697 
0.235088 0.019126 0.364674 -4.74697 
0.235088 0.022987 0.370789 -4.74697 
0.295207 0.0344224 0.384212 -6.25854 
0.264322 0.029761 0.289827 -5.63568 
0.264322 0.029761 0.289827 -5.84807 
0.294843 0.0442368 0.263241 -6.65367 
0.266442 0.0402282 0.191498 -5.99637 
0.256489 0.0437322 0.185776 -5.99649 
0.247952 0.0471559 0.194746 -6.01253 
0.247952 0.0471559 0.194746 -6.01253 
0.247952 0.0471559 0.194746 -6.01253 
0.225954 0.0492186 0.266222 -5.58238 
0.199387 0.0503186 0.299357 -5.66248 
0.199387 0.0503186 0.299357 -5.66248 
0.199387 0.0583224 0.299357 -6.3463 
0.210348 0.0583224 0.361503 -6.3463 
0.17805 0.0625159 0.388792 -6.55776 
0.155821 0.0536502 0.323995 -6.55776 
0.155821 0.0514897 0.330869 -5.8735 
0.122608 0.0436835 0.305489 -5.09292 
0.111395 0.0495379 0.397016 -5.46456 
0.111395 0.0495379 0.397016 -5.46456 
0.0891563 0.0545954 0.50076 -5.72957 
0.0891563 0.0545954 0.50076 -5.14085 
0.0672076 0.0455479 0.464231 -5.03679 
0.0587149 0.0445665 0.478532 -4.94277 
0.0587149 0.0445665 0.478532 -4.94277 
0.0151135 0.0465431 0.511312 -4.53765 
0.0091763 0.0326496 0.496386 -3.90077 
0.0091763 0.0326496 0.496386 -3.90077 
0.0091763 0.0326496 0.496386 -3.90077 
-0.0330372 0.0416415 0.631823 -4.28568 
-0.0330372 0.0416415 0.5813 -4.28568 
-0.0510292 0.034747 0.630576 -4.04024 
-0.0478892 0.034747 0.575715 -3.61784 
-0.0655062 0.0314387 0.576362 -3.52954 
-0.0655062 0.0304211 0.576831 -3.34153 
-0.0587325 0.0256773 0.533855 -2.98679 
-0.0404011 0.0149632 0.424604 -1.72933 
-0.0315513 0.0136707 0.40104 -1.54177 
-0.0315513 0.0136707 0.40104 -1.54177 
-0.0842996 0.0269136 0.533921 -1.958 
-0.0758372 0.0229205 0.487503 -1.7662 
-0.0758372 0.0229205 0.487503 -1.75956 
-0.0926625 0.0228326 0.477357 -1.75667 
-0.100266 0.0230846 0.477357 -1.75778 
-0.100266 0.0230846 0.477357 -1.75778 
-0.142605 0.0256068 0.498884 -1.5922 
-0.11642 0.0216499 0.409466 -1.51834 
-0.11642 0.0178887 0.409466 -1.36026 
-0.123902 0.0181246 0.409711 -1.30592 
-0.152222 0.0181246 0.409711 -1.30592 
-0.179569 0.0248533 0.490387 -1.30414 
-0.162885 0.0208196 0.445378 -1.25762 
-0.162885 0.017146 0.445378 -1.25762 
-0.145745 0.017146 0.40034 -1.12473 
-0.171084 0.0206642 0.439416 -1.18445 
-0.20175 0.0214887 0.454805 -1.0151 
-0.141844 0.0151596 0.337937 -0.809463 
-0.141844 0.0146689 0.337937 -0.72365 
-0.171331 0.0182071 0.341154 -0.618402 
-0.152082 0.0165962 0.343203 -0.573921 
-0.133165 0.0148669 0.311537 -0.514 
-0.133165 0.0148669 0.346992 -0.514 
-0.186048 0.0202064 0.380987 -0.484878 
-0.186048 0.0173088 0.346144 -0.4338 
-0.186048 0.0173088 0.346144 -0.4338 
-0.192718 0.016906 0.357248 -0.26852 
-0.172888 0.01452 0.325963 -0.237091 
-0.152977 0.0124137 0.325963 -0.237091 
-0.154982 0.0123708 0.292319 -0.163002 
-0.154982 0.0123708 0.292319 -0.163002 
-0.157338 0.0126493 0.289478 -0.117928 
-0.203846 0.0149445 0.312696 -0.0481855 
-0.203846 0.0149445 0.335827 0.0161082 
-0.202474 0.0121791 0.303668 0.0431404 
-0.181084 0.00992656 0.303668 0.087031 
-0.17838 0.0090293 0.303668 0.133912 
-0.175926 0.00861254 0.273819 0.175955 
-0.173649 0.00861254 0.247046 0.175955 
-0.189835 0.00901372 0.275228 0.30519 
-0.168806 0.00788394 0.250694 0.276706 
-0.166578 0.00768005 0.244526 0.301455 
-0.164767 0.00764308 0.238392 0.324212 
-0.16329 0.00762945 0.232397 0.344979 
-0.16329 0.00762945 0.226668 0.344979 
-0.158025 0.00723442 0.216626 0.38517 
-0.152833 0.00670763 0.205012 0.406618 
-0.130215 0.00612563 0.172601 0.341021 
-0.0699201 0.00744898 0.07833 0.2952 
-0.0699201 0.00767159 0.07833 0.2952 
-0.0699201 0.00767159 0.07833 0.2952 
-0.0721162 0.00803916 0.0655846 0.259956 
-0.0772887 0.00770166 0.0787477 0.374423 
-0.0772887 0.00715911 0.0787477 0.374423 
-0.0933701 0.00655547 0.092357 0.470002 
-0.0933701 0.00655547 0.092357 0.470002 
-0.0875994 0.00450114 0.0862278 0.47652 
-0.0664554 0.00323398 0.0687501 0.37946 
-0.0664554 0.00323398 0.0687501 0.37946 
-0.0731424 0.00238728 0.0680747 0.437375 
-0.0717135 0.00238728 0.0635944 0.44261 
-0.0717135 0.00238728 0.0635944 0.44261 
-0.0771717 0.00135353 0.0623394 0.498852 
-0.0674968 0.000888897 0.0560283 0.446596 
-0.0707774 0.000316172 0.0558588 0.446799 
-0.0615819 5.35082e-05 0.048439 0.431685 
-0.0540413 -0.000238896 0.0407894 0.384116 
-0.0470689 -0.000331726 0.0312177 0.379178 
-0.0470689 -0.000331726 0.0312177 0.379178 
-0.0133145 0.00108118 -0.0132072 0.20964 
-0.0133145 0.00108118 -0.0170139 0.20964 
-0.00488324 0.00162378 -0.0196875 0.20964 
-0.00508251 0.00118843 -0.023948 0.219309 
-0.000156714 0.00117004 -0.0259705 0.19077 
0.00241528 0.00118984 -0.0259705 0.19077 
0.00241528 0.00118984 -0.0262371 0.168183 
0.00241528 0.00118984 -0.0262371 0.143588 
0.0224159 0.000883001 -0.0411217 0.0633486 
0.036924 0.00128449 -0.0482844 -0.0172398 
0.036924 0.00128449 -0.0557987 -0.0172398 
0.036924 0.00128449 -0.0630316 -0.0172398 
0.0289224 -0.00164658 -0.0375989 -0.0517001 
0.0289224 -0.00164658 -0.0375989 -0.0474478 
0.0389199 -0.00267341 -0.0423267 -0.105833 
0.0389199 -0.00267341 -0.0423267 -0.0985164 
0.0389199 -0.00267341 -0.0423267 -0.0985164 
