0 0 0 0 
1.705 6.23241 0.277455 6.18601 
1.69647 6.20285 0.269102 6.15721 
1.69584 6.20062 0.268261 6.15526 
1.69498 6.19881 0.267629 6.15385 
2.15026 6.19881 0.0219672 16.7698 
2.63132 15.6374 0.574051 15.8992 
2.73202 15.4617 0.675418 15.7233 
2.73202 15.4617 0.767438 15.7233 
2.97277 14.9839 0.909854 15.2591 
3.14322 14.6199 1.06761 14.9173 
3.49104 13.7944 1.36299 14.5512 
4.32691 7.89647 1.4364 9.63999 
4.32691 7.89647 1.32105 9.63999 
4.10054 7.56651 1.18225 9.12874 
3.80851 7.27958 1.18225 9.12874 
3.40786 6.61007 0.960545 8.55382 
3.24043 6.26341 0.866632 8.25784 
3.07811 5.91956 0.782254 7.95194 
3.07811 5.91956 0.782254 7.95194 
2.62863 4.90735 0.55633 7.04672 
2.31423 4.28746 0.427128 6.46445 
0.79261 1.61022 -0.0426314 3.30252 
0.566721 1.35893 -0.161588 3.0615 
0.566721 1.35893 -0.161588 2.86711 
0.566721 1.35893 -0.161588 2.70607 
0.517981 1.28719 -0.220309 2.56222 
0.517981 1.28719 -0.220309 2.43739 
0.482996 1.28277 -0.220309 2.43739 
0.482996 1.28277 -0.241032 2.31023 
0.325503 1.31326 -0.280122 2.11205 
0.233634 1.34679 -0.299678 2.02377 
-1.48692 3.19472 -0.482469 1.51502 
-1.48692 3.19472 -0.482469 1.51502 
-1.72203 3.8205 -0.470822 1.8359 
-1.81403 3.8205 -0.470822 1.8359 
-1.90234 4.21962 -0.446299 1.91045 
-1.98467 4.3936 -0.431693 1.93862 
-2.06085 4.58087 -0.414474 1.98068 
-2.13216 4.92689 -0.377626 2.02519 
-2.26104 5.10148 -0.357775 2.06104 
-2.26104 5.10148 -0.357775 2.1122 
-2.42752 7.05378 -0.0227169 3.30105 
-2.42752 7.05378 -0.0227169 3.30105 
-2.35842 7.56941 0.0816453 4.26026 
-2.2184 7.58038 0.176183 4.32368 
-2.15208 7.6032 0.199756 4.38822 
-2.15208 7.6032 0.234276 4.38822 
-2.00017 7.62924 0.270253 4.55781 
-1.92014 7.60227 0.270253 4.6087 
-1.83546 7.56456 0.328203 4.67586 
-1.74776 7.56456 0.356194 4.74169 
-0.601792 6.74292 0.537095 5.39138 
-0.344676 5.98691 0.499851 5.49967 
-0.344676 5.93423 0.499851 4.79606 
-0.179714 5.93423 0.463424 4.79606 
-0.090908 5.87763 0.45637 4.94954 
-0.00322474 5.77232 0.449629 5.04336 
-0.00322474 5.77232 0.449629 5.04336 
-0.00322474 5.77232 0.449629 5.04336 
0.162823 5.65066 0.430417 5.21878 
0.241727 5.65066 0.430417 5.21878 
1.24039 5.2235 0.485101 6.38634 
1.24039 5.2235 0.485101 6.38634 
1.24657 4.96579 0.497487 6.4485 
1.35792 5.01094 0.501816 6.36331 
1.41293 5.08279 0.528884 6.47855 
1.46288 5.08676 0.546878 6.53323 
1.50794 5.12171 0.564464 6.61139 
1.55072 5.15752 0.58111 6.68863 
1.59087 5.19541 0.596888 6.76462 
1.62857 5.23514 0.61218 6.83961 
1.88981 5.64478 0.736932 7.4678 
1.84641 5.6775 0.742647 7.27773 
1.84616 5.54621 0.710546 7.31624 
1.84573 5.60619 0.732154 7.387 
1.84197 5.64133 0.732154 7.40601 
1.83511 5.7049 0.732154 7.44729 
1.81897 5.79078 0.758225 7.48604 
1.81897 5.8247 0.758225 7.54278 
1.80679 5.88527 0.764225 7.54278 
1.80679 5.96761 0.764225 7.60859 
1.56584 6.26688 0.762038 7.56753 
1.51577 6.10953 0.756103 7.54692 
1.51577 6.10953 0.744409 7.54692 
1.46629 6.22256 0.743528 7.39925 
1.44224 6.22843 0.741525 7.37085 
1.44224 6.22843 0.741525 7.3651 
1.38769 6.2967 0.738692 7.35694 
1.35968 6.32693 0.738692 7.34736 
1.30347 6.38111 0.733147 7.33649 
1.30347 6.38111 0.729418 7.3232 
0.86325 6.21316 0.606213 6.66111 
0.804033 6.19198 0.578588 6.50127 
0.804033 6.19198 0.578588 6.50127 
0.655894 6.10012 0.547494 6.25603 
0.626623 6.07569 0.536283 6.25603 
0.568109 6.07781 0.527786 6.19899 
0.568109 6.07781 0.523154 6.18735 
0.540618 6.07694 0.51778 6.15288 
0.514114 6.07652 0.511525 6.12001 
0.488046 6.10266 0.508859 6.10859 
0.0807425 5.64872 0.350311 5.27084 
0.0596546 5.64872 0.350311 5.27084 
-0.026394 5.65252 0.317073 5.14379 
-0.026394 5.65252 0.317073 5.14379 
-0.026394 5.65252 0.317073 5.14379 
-0.0587779 5.67537 0.30409 5.10931 
-0.0720028 5.68623 0.30409 5.10931 
-0.0874228 5.68623 0.30409 5.08474 
-0.103312 5.656 0.308509 5.05717 
-0.103312 5.656 0.308509 5.05717 
-0.204146 5.63057 0.266247 4.92276 
-0.204146 5.63057 0.266247 4.92276 
-0.176083 5.76766 0.298381 5.06066 
-0.176083 5.78292 0.294273 5.06066 
-0.179592 5.78292 0.294273 5.05692 
-0.17657 5.84009 0.301262 5.09173 
-0.178207 5.83585 0.297647 5.07711 
-0.178207 5.83585 0.297647 5.0901 
-0.178207 5.83585 0.297647 5.0901 
-0.179387 5.81825 0.292749 5.07856 
-0.122568 5.68789 0.267234 5.07369 
-0.086457 5.67784 0.270873 5.01812 
-0.086457 5.67784 0.270873 5.01812 
-0.0643474 5.69587 0.270873 5.01812 
-0.0432279 5.66921 0.28284 5.11587 
-0.0304969 5.69103 0.287509 5.15064 
-0.0164678 5.71158 0.29329 5.18405 
-0.00186127 5.73221 0.298964 5.21813 
0.0127486 5.75305 0.298964 5.25261 
0.0276065 5.77372 0.318391 5.28754 
0.196657 5.74388 0.317992 5.50538 
0.230502 5.61679 0.317572 5.42739 
0.230502 5.61679 0.324975 5.42739 
0.31136 5.72732 0.343555 5.57248 
0.349744 5.75599 0.343568 5.66845 
0.349744 5.75599 0.343568 5.66845 
0.349744 5.75599 0.343568 5.66845 
0.349744 5.75599 0.343568 5.66845 
0.404449 5.84716 0.371418 5.75091 
0.445582 5.92951 0.405041 5.88799 
0.576208 5.97265 0.430342 6.09461 
0.653008 5.82933 0.450357 5.99806 
0.653008 5.853 0.450357 5.99806 
0.655267 5.85335 0.448326 6.00516 
0.655267 5.85335 0.448326 6.00516 
0.722949 5.94031 0.495652 6.12631 
0.722949 5.94031 0.490003 6.1324 
0.752953 5.98099 0.50863 6.19443 
0.750693 5.97777 0.500941 6.19995 
0.763984 5.97777 0.505094 6.23356 
0.723298 5.93615 0.446202 6.20137 
0.723298 5.93615 0.446202 6.20137 
0.723298 5.93615 0.446202 6.20137 
0.844803 5.93414 0.506634 6.21739 
0.83583 5.92657 0.500088 6.20669 
0.83583 5.93292 0.507081 6.22552 
0.863855 5.9395 0.5133 6.2438 
0.876129 5.94594 0.518831 6.26171 
0.876129 5.94594 0.518831 6.26171 
0.89776 5.95799 0.526705 6.29696 
0.760299 5.87075 0.427414 6.12285 
0.688712 5.85545 0.405349 6.05965 
0.770986 5.72058 0.428207 5.92372 
0.770986 5.72058 0.428207 5.92372 
0.826664 5.7391 0.464938 5.97597 
0.826664 5.7391 0.464938 5.97597 
0.815217 5.73748 0.453223 5.95793 
0.815217 5.73932 0.457728 5.97107 
0.815217 5.73932 0.457728 5.97107 
0.815217 5.73932 0.457728 5.9842 
0.507794 5.81355 0.318138 5.79379 
0.568155 5.84374 0.344076 5.76975 
0.568155 5.84374 0.355075 5.77454 
0.581475 5.84325 0.355075 5.77454 
0.599894 5.84325 0.368616 5.78311 
0.676703 5.83352 0.38924 5.81688 
0.676703 5.83945 0.38924 5.81688 
0.676703 5.83945 0.38924 5.81688 
0.686403 5.83331 0.412584 5.85313 
0.686403 5.83331 0.412584 5.85313 
0.451153 5.87377 0.288087 5.73505 
0.338278 5.85941 0.279221 5.58794 
0.338278 5.85941 0.279221 5.58794 
0.392634 5.86127 0.279221 5.58794 
0.424561 5.84698 0.288251 5.54787 
0.453572 5.82322 0.277248 5.53153 
0.453572 5.82322 0.31685 5.57412 
0.453572 5.82322 0.31685 5.57412 
0.508882 5.81135 0.301514 5.56128 
0.564562 5.80501 0.348276 5.62496 
0.130334 6.00699 0.17901 5.45003 
0.237762 5.6348 0.200959 5.07417 
0.237762 5.6348 0.200959 5.07417 
0.287662 5.61278 0.177267 5.09398 
0.336726 5.59025 0.228973 5.14663 
0.381721 5.52441 0.218486 5.14153 
0.381721 5.55785 0.218486 5.14153 
0.464448 5.53948 0.264452 5.20464 
0.502741 5.52642 0.28366 5.27174 
0.572018 5.50628 0.297409 5.34613 
0.0288567 6.15469 0.134 5.42233 
0.0288567 6.15469 0.134 5.42233 
0.110738 5.74774 0.137307 5.03389 
0.181268 5.78734 0.125752 5.11351 
0.29552 5.76121 0.196663 5.21696 
0.29552 5.76121 0.196663 5.21696 
0.29552 5.76121 0.196663 5.21696 
0.262669 5.76121 0.196663 5.21696 
0.493481 5.67628 0.292292 5.38505 
0.447658 5.79167 0.273018 5.40659 
0.181551 6.31931 0.174921 5.66784 
0.181551 6.34593 0.178262 5.67294 
0.399292 5.57759 0.249743 5.66945 
0.377837 5.62236 0.214291 4.9938 
0.475432 5.55855 0.246545 5.10229 
0.559867 5.51171 0.276721 5.14438 
0.639598 5.36414 0.262464 5.16678 
0.71275 5.43503 0.315129 5.25589 
0.793082 5.38693 0.327152 5.38471 
0.865189 5.34917 0.335983 5.38471 
0.293848 6.40062 0.170629 5.83847 
0.293848 6.40062 0.170629 5.83847 
0.838699 7.07467 0.427618 6.80192 
0.806034 7.07467 0.415243 6.80192 
0.806034 7.09595 0.415243 6.79236 
0.882449 6.9602 0.49224 6.83618 
1.15336 6.66877 0.48388 6.81163 
1.15336 6.66877 0.48388 6.81163 
1.15336 6.66877 0.48388 6.81163 
1.18922 6.55438 0.48388 6.81163 
1.01875 6.21276 0.324147 6.44295 
1.01875 6.21276 0.324147 6.44295 
0.975872 6.21758 0.313608 6.40044 
1.25775 5.50137 0.313608 6.40044 
1.25775 5.50137 0.298289 5.97908 
1.50166 5.11377 0.281281 5.93226 
1.50166 5.11377 0.281281 5.93226 
1.50166 5.11377 0.281281 5.93226 
1.86648 5.22509 0.266229 5.91902 
1.77142 4.74786 0.335045 6.00026 
0.792981 5.45843 0.219271 5.79244 
0.833088 5.3656 0.147646 5.5007 
0.833088 5.3656 0.147646 5.5007 
0.833088 5.3656 0.147646 5.5007 
0.812848 5.47878 0.124598 5.48947 
0.812848 5.47878 0.124598 5.48947 
1.2423 4.96424 0.185176 5.55251 
1.49422 4.68178 0.225798 5.60649 
1.55504 4.61239 0.225798 5.60649 
1.84083 4.28287 0.268454 5.6946 
-0.0450336 6.50979 0.0789054 5.4766 
-0.0450336 6.50979 0.0789054 5.4766 
0.252249 6.40937 0.131694 5.5915 
0.367858 6.2571 0.131694 5.60366 
0.367858 6.2571 0.145578 5.60366 
0.356061 6.24391 0.159634 5.64434 
0.582536 5.7687 0.150829 5.61736 
0.582536 5.94577 0.156451 5.64046 
0.582536 5.94577 0.156451 5.64046 
0.952248 5.08745 0.215003 5.76604 
-0.62474 7.17326 0.0945727 5.34271 
-0.62474 7.17326 0.0945727 5.34271 
-0.16043 5.64727 -0.0238074 4.54556 
-0.16043 5.64727 -0.0238074 4.54556 
-0.273005 5.71442 -0.0683664 4.56521 
-0.361232 5.82046 -0.0683664 4.56521 
-0.199232 5.61304 -0.0763842 4.62913 
-0.199232 5.75572 -0.0763842 4.6279 
0.158053 5.52505 -0.0735372 4.67505 
0.0291904 5.35073 -0.0683573 4.72264 
-0.724315 6.51703 -0.00121168 4.77328 
-0.801236 6.62948 0.00329367 4.77288 
-0.297096 7.93391 0.263519 4.77206 
-0.0852985 7.60856 0.196566 6.451 
-0.259082 7.71462 0.261713 6.3034 
-0.259082 7.71462 0.261713 6.3034 
1.06102 7.71462 0.261713 6.4827 
1.06102 7.71462 0.261713 6.57398 
1.59687 5.28065 0.167814 6.57398 
1.79187 5.02747 0.179257 6.6827 
0.53804 6.63912 0.392318 6.13084 
0.498693 6.82877 0.413202 6.39787 
0.707276 6.48549 0.404989 6.34719 
0.707276 6.48549 0.404989 6.34719 
1.48395 5.78628 0.309339 6.40785 
1.32321 5.46517 0.309339 6.40785 
1.54574 5.114 0.276688 6.43932 
1.54574 5.114 0.276688 6.43932 
2.30902 4.79283 0.176317 6.5468 
2.20682 3.98244 0.2137 6.48953 
0.370915 6.13386 0.464364 5.84931 
0.370915 6.13386 0.464364 5.84931 
0.375341 5.81877 0.345021 5.84931 
0.905034 5.01523 0.283724 5.79554 
0.905034 5.01523 0.283724 5.79554 
1.03101 4.68769 0.283724 5.79554 
1.03101 4.68769 0.198349 5.76463 
1.03101 4.68769 0.198349 5.76463 
1.53983 3.40269 0.0389009 5.92058 
1.53983 3.83692 0.100116 5.83665 
-0.0109363 5.85634 0.448732 5.38028 
0.1434 5.80564 0.465347 5.33163 
0.1434 5.80564 0.394695 5.78935 
0.458919 5.23985 0.333184 5.81771 
0.458919 5.23985 0.262117 5.86927 
1.08286 4.31648 0.0952123 6.03605 
1.08286 4.31648 0.0952123 6.03605 
1.46013 3.75342 0.0201211 6.11896 
1.46013 3.75342 0.0201211 6.02421 
1.81531 3.25997 -0.0117218 6.18509 
-1.47613 7.53614 0.760644 5.28426 
-1.72718 8.07925 0.702024 5.14418 
-1.53146 8.25459 0.656581 6.45124 
-1.28144 7.77718 0.576525 6.43714 
-1.05598 7.3453 0.452773 6.4882 
-1.05598 7.3453 0.34291 6.53483 
-0.729547 6.65177 0.468422 6.31795 
-0.729547 6.65177 0.468422 6.31795 
-0.729547 6.65177 0.468422 6.31795 
-0.729547 6.65177 0.468422 6.31795 
-1.63355 7.15981 0.924912 5.37284 
-1.44832 6.82996 0.741075 5.7077 
-1.23123 6.37953 0.814179 5.55603 
-0.979867 5.36613 0.496934 5.69716 
-0.951192 5.36613 0.582487 5.55187 
-0.951192 5.65944 0.582487 5.55187 
-0.951192 5.65944 0.582487 5.44585 
-0.0201699 4.12301 0.212632 5.73049 
-0.0201699 4.12301 0.212632 5.73049 
0.922823 2.66499 -0.150217 5.56849 
-1.10465 5.49065 1.02241 4.87088 
-0.576646 4.39678 0.753897 5.30399 
-0.937915 4.39678 0.860258 5.16785 
-0.937915 4.8281 0.860258 5.16785 
-0.428621 3.98393 0.558132 5.27946 
-0.202241 3.62447 0.432612 5.46256 
0.0248662 3.27823 0.32683 5.46256 
-0.258324 3.69449 0.489766 5.54534 
0.462908 2.6998 0.243104 5.59278 
0.462908 3.17958 0.243104 5.59278 
-3.00941 7.30761 1.45938 4.66082 
-3.27352 7.20725 1.60687 5.06772 
-3.33533 6.76156 1.44329 5.19218 
-2.90386 6.33342 1.29473 5.11685 
-2.90386 6.33342 1.29473 5.11685 
-2.90386 6.33342 1.29473 5.11685 
-2.67244 5.89863 0.752993 5.88714 
-1.90519 4.72521 0.277718 5.88714 
-0.90834 3.30472 -0.24439 6.30976 
-1.19301 3.79645 0.030045 6.12014 
-2.28454 6.01538 1.49834 5.27532 
-2.31599 6.26912 1.49834 5.27532 
-2.31599 6.26912 1.63535 5.17656 
-1.6498 5.17076 1.13143 6.6115 
-1.6498 5.17076 1.13143 6.6115 
-1.6498 5.17076 1.13143 6.6115 
-1.58999 4.08153 0.81456 6.94106 
-1.16679 4.57363 0.978832 6.75278 
-1.16679 4.20424 1.21857 6.75278 
-0.612136 3.89944 0.755475 6.99245 
-1.96712 6.20462 2.29654 5.90937 
-2.02551 6.31612 2.0882 5.79719 
-2.02551 5.93216 2.0882 6.88743 
-2.02551 5.93216 2.0882 6.88743 
-1.54407 4.97288 2.0674 6.95519 
-1.87219 5.40557 2.0674 6.95519 
-1.87219 5.40557 1.70748 7.04344 
-1.64793 5.06823 1.54071 7.16174 
-1.05697 4.15972 1.02437 7.54626 
-1.05697 4.15972 1.33923 7.54626 
-2.24516 6.11606 2.65733 6.23838 
-2.24516 6.11606 2.65733 6.23838 
-2.24516 6.11606 2.65733 6.23838 
-2.58641 7.3275 2.78697 6.23838 
-2.58641 7.3275 2.78697 6.23838 
-2.10077 5.87188 0.967426 5.89168 
-2.50609 6.2647 1.1728 6.91867 
-2.50609 6.2647 1.1728 6.91867 
-2.56063 6.70784 0.915052 6.58164 
-2.56063 5.9029 1.21473 6.58164 
-3.46067 6.57455 1.64395 5.98788 
-4.59171 6.9358 1.3159 3.89138 
-4.59171 6.83412 1.3159 3.89138 
-4.24773 5.93163 0.626311 4.33125 
-4.26385 5.90929 0.730789 4.16263 
-4.12576 5.55989 0.430098 4.35732 
-3.98198 5.23633 0.182658 4.35732 
-3.74435 4.66434 -0.383433 4.9277 
-3.67354 4.68982 -0.140359 4.69775 
-3.38201 4.13775 -0.658531 5.12044 
-2.45754 4.39177 1.3726 3.56349 
-3.0124 5.81297 1.3726 3.56349 
-2.80675 5.27996 0.937081 3.42583 
-2.80028 5.30147 0.937081 3.61412 
-3.13808 5.36639 0.512062 3.7715 
-3.01897 5.31985 0.35349 3.927 
-3.30792 5.37893 -0.0649172 4.32754 
-3.15059 5.35369 0.0426431 4.16271 
-3.21383 5.39445 0.0426431 4.31441 
-3.25343 5.42474 0.0426431 4.42697 
-2.35862 5.41916 1.06063 3.81494 
-3.32554 7.48059 0.84453 3.87128 
-3.2429 7.48059 0.84453 3.87128 
-3.36163 7.50123 0.687122 4.02063 
-3.75175 7.84591 0.64527 4.10747 
-4.45005 8.45595 0.539253 4.31705 
-4.45005 8.45595 0.539253 4.31705 
-4.10434 8.45595 0.539253 4.19245 
-4.10434 8.45595 0.539253 4.11 
-4.10434 8.45595 0.539253 4.11 
-3.74834 7.90651 0.953868 4.09344 
-3.45222 7.64003 1.10246 3.69982 
-5.49745 10.8647 0.819552 4.00893 
-5.49745 10.3487 0.819552 4.00893 
-5.70154 10.8989 0.956012 3.91911 
-5.70154 10.8989 0.972574 3.84371 
-5.70154 10.8989 0.972574 3.84371 
-5.70154 10.8989 0.972574 3.84371 
-7.731 10.7797 1.1273 3.90049 
-8.13637 11.6064 1.1273 3.90049 
-7.8634 10.7546 1.25724 3.75323 
-7.8634 10.7546 1.25724 3.75323 
-5.17574 7.79969 1.28772 3.39132 
-5.10474 5.00693 1.28772 3.39132 
-6.75281 6.04662 1.46696 2.32689 
-5.942 5.20956 1.3692 2.29329 
-7.75851 5.20956 1.3692 2.29329 
-8.08479 6.97922 1.53372 2.23038 
-8.47676 7.28122 1.51327 2.19042 
-8.17221 6.81923 1.30434 2.10409 
-3.96522 2.80183 0.793359 2.06221 
-3.73597 2.88765 0.981365 2.12762 
-3.73597 2.88765 0.981365 2.12762 
-4.7075 4.65611 1.22346 2.34803 
-4.7075 4.65611 1.22346 2.34803 
-4.92602 5.31387 1.20871 2.50239 
-4.92602 5.31387 1.20871 2.50239 
-7.08876 8.64591 1.94661 2.51767 
-7.08876 7.31369 1.94661 2.63015 
-8.02399 10.0367 1.77185 2.61425 
-3.78185 5.12754 0.928145 3.41806 
-3.78185 6.08055 0.928145 3.41527 
-6.26364 8.53229 1.17643 3.47726 
-6.26364 8.53229 1.17643 3.64439 
-5.82432 8.73941 1.62402 3.69034 
-6.28759 9.93505 1.62402 3.7541 
-6.73409 11.0348 1.92071 3.82985 
-7.17784 10.8777 2.29482 3.88697 
-6.32043 10.8777 1.95955 4.04113 
-6.32043 10.8777 1.95955 4.04113 
-6.08516 11.1414 1.25541 4.50276 
-7.10895 9.89744 1.44538 4.3173 
-7.10895 13.0669 1.44538 4.3173 
-5.89888 11.2617 1.33133 4.50505 
-9.09731 14.7887 2.10483 4.39497 
-7.89698 15.5872 2.43711 4.4343 
-8.32596 16.6511 2.66711 4.46267 
-8.73998 17.6027 2.73138 4.47868 
-8.73998 17.6027 2.68961 4.49927 
-9.49739 17.1692 1.83915 4.68852 
-6.10002 12.1681 0.741587 5.15372 
-5.15745 10.2839 0.514922 5.25641 
-5.62069 11.1175 0.851572 5.21151 
-5.91301 15.2669 2.16238 5.03988 
-7.53343 15.2669 2.16238 5.00571 
-6.28087 12.7713 1.66643 5.15279 
-8.13646 17.2169 3.07485 4.79341 
-8.26608 17.764 3.33323 4.80376 
-8.26608 17.764 3.33323 4.80376 
-10.2472 22.3127 3.19721 4.69813 
-8.17689 16.8821 1.82372 4.82311 
-8.17689 16.8821 1.82372 4.82311 
-6.47435 12.1689 0.771171 5.30842 
-6.47435 16.0348 0.771171 5.30842 
-8.24507 16.0348 2.25797 5.00031 
-8.96318 17.4686 3.16835 4.72349 
-9.33139 18.3883 3.1549 4.5049 
-9.33139 18.3883 3.1549 4.5049 
-8.26053 15.2015 1.8233 4.7107 
-10.2199 19.7582 2.99632 4.19837 
-6.13227 7.05156 -0.785394 4.69202 
-6.13227 7.05156 -0.785394 4.69202 
-8.16622 11.8499 1.50566 3.79642 
-8.16622 11.8499 1.50566 3.79642 
-3.06898 0.0704791 0.075993 4.04588 
0.00784513 -5.34735 -1.94428 3.71275 
1.29419 -4.70799 -1.72185 2.91842 
1.19199 -3.27295 -2.06426 2.94824 
1.77374 -3.64618 -1.44821 2.52865 
1.77374 -3.64618 -1.44821 2.52865 
1.91008 -0.620204 -1.29538 2.16024 
1.91008 -0.620204 -1.71486 2.16024 
1.91008 -0.620204 -1.71486 2.16024 
1.91008 -0.620204 -1.71486 2.16024 
0.818355 2.26625 0.16523 -1.68252 
-0.310871 6.57296 2.22873 -2.18312 
-0.310871 6.57296 0.916905 -2.18312 
-0.698537 6.37742 2.36109 -0.867775 
-0.153288 2.91528 0.837741 0.282993 
-0.738253 5.01783 2.26336 -0.148384 
-0.257348 -1.55457 -1.4369 0.938104 
2.65439 3.63612 -0.0290588 -1.9153 
2.30375 2.09888 0.491905 -1.66895 
0.912681 2.20526 0.663316 -0.401224 
0.912681 2.20526 0.772929 -0.401224 
0.701908 0.872933 0.917051 -0.0362824 
0.701908 0.872933 0.917051 -0.0362824 
0.00831038 0.44157 2.6128 -0.343547 
-0.292195 -0.991365 2.6128 0.732367 
-0.675151 -0.0999858 2.25684 0.1158 
-1.09472 -1.98554 -0.704964 1.30271 
-1.74402 0.829483 0.970643 -0.161925 
-1.56325 -0.286887 0.374019 0.165731 
-1.39077 -0.461571 0.374019 -0.100801 
-1.39077 -0.461571 0.374019 0.375012 
-0.716951 -1.2065 1.50026 -0.77568 
-0.510531 -1.34909 1.6637 -0.666022 
-0.427151 -1.62025 0.0369619 0.376815 
-0.394791 -0.979047 1.89833 -0.500432 
-0.394791 -0.979047 1.89833 -0.500432 
-0.456825 -0.949107 0.282617 0.457687 
-0.456825 -0.949107 0.282617 0.457687 
-0.33938 -0.833652 0.282617 0.981501 
-0.33938 -0.341568 -1.09222 -0.461681 
0.113355 -0.341568 -1.09222 -0.461681 
1.10816 -1.19227 3.65444 -0.921635 
0.480624 -1.19227 3.65444 0.68136 
0.477695 -1.04429 0.693851 0.72931 
0.49174 -0.952061 0.651149 0.427402 
0.49174 -0.840059 0.777551 2.42427 
-0.339176 -0.305468 -0.541846 4.5598 
0.019818 -0.490135 -0.956557 4.5598 
0.019818 -0.490135 -0.956557 5.32488 
1.20604 -0.911585 4.95171 4.20416 
1.20604 -0.465784 3.25682 4.20416 
1.49974 -1.49054 3.59645 5.41085 
0.588266 -0.654336 3.89972 5.56305 
0.588266 -0.654336 3.89972 5.56305 
0.479682 -0.484758 4.31556 6.13589 
0.479682 -0.484758 4.31556 6.13589 
-0.797479 0.131151 1.21763 9.22116 
-0.797479 0.131151 1.21763 9.22116 
1.21403 -1.53344 5.99388 8.26971 
1.21403 -1.53344 5.99388 8.26971 
1.54178 -1.22198 7.59674 8.45083 
0.463283 -0.158175 5.55935 9.72211 
0.64944 -0.224802 5.90401 9.67832 
0.871806 -0.49672 6.23787 9.75287 
1.02988 -0.49672 6.46062 9.86009 
1.02988 -0.49672 6.46062 9.86009 
0.0723176 0.320751 4.44534 11.3445 
-0.649639 0.707881 2.97802 12.3345 
1.0208 -0.743307 6.27329 11.301 
0.21151 -0.133159 4.90166 12.4859 
0.21151 -0.133159 4.90166 12.4859 
0.21151 -0.133159 4.90166 12.4859 
4.05853 -0.205088 9.28204 11.3355 
4.05853 -0.205088 9.28204 11.3355 
1.3473 0.478638 8.03917 11.8253 
0.0703656 0.966915 5.25348 13.2738 
-0.479585 0.530517 3.78044 14.5311 
-0.479585 0.530517 3.78044 15.4532 
-0.308136 -0.171462 2.30054 16.2415 
0.394772 -0.574295 6.78788 15.8851 
1.99956 -1.29294 10.5371 14.8903 
3.2819 -0.677423 11.1591 15.1463 
1.38943 0.0699541 10.9206 15.3669 
2.50527 -0.183646 13.0714 14.5503 
2.50527 0.642218 13.0714 14.5503 
2.01057 -0.0892307 11.0827 15.2002 
-0.902717 0.46049 4.5993 16.7086 
-0.902717 0.717225 4.5993 17.8257 
1.03434 -0.423737 5.13837 18.8762 
1.27556 -0.423737 5.13837 18.8762 
2.71885 -0.602334 9.85016 17.8132 
0.857422 -0.602334 10.1698 17.8472 
2.26275 0.304155 13.2219 16.7207 
0.422579 0.738248 9.00433 18.2476 
0.456216 0.518578 8.64568 18.1962 
0.456216 0.518578 8.64568 18.1962 
0.728756 0.0392725 8.65531 18.2252 
-0.709024 0.23721 5.62754 19.4003 
-0.709024 -0.298383 5.62754 18.8973 
-0.709024 -0.298383 5.62754 18.8973 
-2.83218 -0.0899964 2.7111 22.3002 
-2.83218 -0.887382 1.93321 22.6819 
2.03246 0.000603344 13.8042 18.3407 
0.16536 0.488003 9.25131 19.5599 
0.16536 0.488003 9.25131 19.5599 
1.63364 0.382094 12.6155 17.6406 
-0.25527 0.262901 6.86683 18.8558 
-0.0738034 -0.00785792 6.86683 18.6087 
-0.0738034 -0.00785792 6.51509 18.6087 
0.151037 -0.154094 3.19172 19.0144 
0.151037 -0.154094 3.19172 19.0144 
0.151037 -0.154094 3.19172 19.0144 
0.151037 -0.154094 3.19172 19.0144 
-0.52473 -0.908603 13.9559 19.1572 
-0.52473 -0.930532 13.9559 19.1572 
-0.994469 -0.930532 14.0024 18.7441 
-2.01957 -1.58477 10.4716 18.7306 
-1.25168 -1.01717 11.752 22.4929 
-1.25168 -1.68936 11.752 22.4929 
-1.4381 -1.57944 10.8267 22.2012 
-1.08133 -2.25231 14.7538 22.3127 
-2.42237 -1.30709 8.60079 22.3127 
-2.47772 -2.49697 13.3273 23.4988 
-2.47772 -1.5759 13.3273 23.4988 
-3.11054 -2.72718 12.665 24.5589 
-3.76231 -2.72718 7.10432 24.5589 
-3.64734 -1.84626 7.48432 25.5737 
-3.8525 -1.08754 3.34849 26.1825 
-3.8525 -1.08754 3.34849 26.1825 
-2.17265 -3.16753 13.3706 28.1222 
-2.74011 -3.16753 8.28372 28.968 
-2.74011 -1.58465 8.28372 28.968 
-2.45044 -2.71298 15.2898 27.1711 
-2.85698 -1.29264 9.21718 27.1711 
-2.75204 -1.38063 9.19373 26.9855 
-2.54996 -1.56568 9.28984 26.3693 
-2.33969 -1.68581 9.36299 25.8222 
-2.41074 -1.68581 3.94893 25.8222 
-1.44788 -3.16376 8.71192 24.5112 
-1.69357 -1.44135 8.95433 23.9141 
-1.69357 -1.12936 8.95433 23.2853 
-1.58742 -1.12936 8.796 23.2853 
-1.98051 -2.7699 8.50642 22.4363 
-2.10996 -2.7699 8.17492 21.7671 
-2.14591 -1.11477 7.76295 20.8078 
-2.06881 -1.31318 7.3259 20.0935 
-1.70413 -0.124303 0.692605 19.3975 
-1.23461 0.810026 -3.93383 19.2688 
-0.849411 -1.3985 4.3082 17.3715 
-0.849411 -1.3985 4.3082 17.3715 
-0.690936 -1.51697 5.74615 15.4551 
-0.690936 -1.51697 5.74615 14.7933 
-2.47578 -4.22443 15.3118 15.6807 
-2.47578 -4.22443 15.3118 15.6807 
-3.38922 -3.00168 9.54106 15.6275 
-2.85443 -0.829785 1.55462 15.2918 
-2.53997 -1.0089 0.727101 14.617 
-2.53997 -1.0089 0.727101 14.617 
0.321189 -1.04651 -2.19696 12.2788 
0.219875 -1.40478 0.785832 12.9377 
-0.11739 -0.905976 2.55022 11.7217 
-0.290311 -0.905976 -1.75086 11.6004 
0.333806 0.572607 -0.907102 11.2005 
0.333806 0.572607 -0.907102 11.2005 
0.640179 0.103225 -4.68592 10.5053 
0.39125 -3.16897 11.6994 10.2962 
0.304012 -0.744884 -0.708449 9.94637 
0.399827 1.2444 -0.708449 9.13334 
0.399827 1.2444 -0.708449 9.13334 
0.264138 -2.122 7.83282 7.05612 
0.264138 -2.122 7.83282 7.05612 
0.08147 -0.908042 4.36067 5.99807 
0.358234 0.875552 -1.66712 5.1359 
0.249512 -0.364145 1.82777 4.91586 
0.249512 -0.364145 1.82777 4.1374 
1.02551 0.722923 -2.95269 3.89747 
1.38103 1.79874 -6.58419 3.58197 
2.51383 1.72412 -11.9246 3.46759 
2.48187 2.18463 -7.45109 2.77856 
2.01183 2.48991 -10.8548 1.34133 
1.60699 1.22333 -7.2277 0.137109 
1.35357 1.22333 -6.17733 0.00824573 
1.35357 1.22333 -6.17733 0.00824573 
0.510976 1.25166 -4.60941 2.0147 
0.578347 0.648217 -5.77415 1.66339 
0.369555 -0.510137 -3.14739 2.04063 
0.098523 0.157379 -2.64173 3.01335 
0.098523 0.157379 -2.64173 3.01335 
-0.115019 0.157379 -2.64173 3.03815 
-0.115019 -0.309041 -0.00934725 3.03815 
-0.906602 -2.61546 8.84023 6.89437 
-1.45514 -1.5925 8.23184 8.30237 
-1.26881 -0.506114 4.05318 8.30237 
-1.37372 -0.892625 6.17797 8.71011 
-0.963185 -0.167244 2.13066 7.05909 
-0.980109 -0.746561 4.43763 9.08844 
-0.170548 -0.0538773 -2.46545 7.43123 
-0.170548 0.313758 -2.46545 6.04695 
-0.0140713 0.313758 -0.86582 11.8357 
-0.215375 -0.448067 2.52303 13.76 
-0.294729 -0.448067 2.52303 13.76 
-0.294729 -0.247671 1.60002 13.7154 
-0.99258 -0.224023 2.575 15.9248 
-0.634332 -0.224023 2.575 15.9248 
-0.583817 0.273006 -2.36902 13.6473 
-0.505517 0.273006 -2.36902 13.6473 
-0.0391946 0.458447 -4.58257 11.8236 
-0.0391946 0.458447 -2.97468 11.8236 
-0.134194 0.322017 -2.7875 18.9965 
-0.255499 0.322017 -2.7875 18.8302 
-0.255499 0.241001 -2.77263 18.8302 
-0.356701 0.163305 -2.91855 18.4095 
-0.890035 0.192232 -5.41578 17.8513 
-0.890035 0.192232 -7.08408 17.6625 
-1.14169 0.192232 -7.08408 17.6625 
-2.03015 0.192232 -8.37684 17.6625 
-1.90287 0.192232 -9.23354 20.7341 
-1.90287 0.192232 -9.23354 18.4397 
-2.45723 -0.186765 -9.62331 26.3576 
-1.44286 -0.0399081 -9.91407 26.3576 
-2.10062 0.00177694 -8.76214 23.9988 
-2.10062 -0.00687216 -8.76214 24.2817 
-2.37673 0.431995 -8.62044 27.1389 
-1.22483 0.30902 -9.04683 23.4946 
-1.22483 0.30902 -9.54844 20.4198 
-2.38956 0.261832 -9.84824 23.409 
0.907461 0.214448 -9.76368 16.6127 
0.386807 0.563787 -9.58857 14.0423 
-0.0576451 0.763932 -9.42171 18.4899 
-0.611829 0.615032 -8.66603 17.6695 
-0.611829 0.615032 -8.66603 17.6695 
-0.752292 0.45202 -8.66603 17.6695 
-2.08421 0.731208 -10.5622 19.9498 
-2.08421 0.731208 -9.77157 19.9498 
-1.9181 0.495736 -10.4283 15.5278 
-0.530494 0.0826082 -10.8441 15.4101 
-0.556664 0.19524 -11.1078 15.1413 
0.53039 0.072163 -10.0486 11.9022 
-0.968996 0.679192 -11.6236 22.3139 
-1.09992 0.653459 -11.3789 20.3586 
-1.09992 0.653459 -11.3789 20.3586 
-1.01286 0.488109 -11.3608 17.053 
-1.01286 0.488109 -11.3608 17.053 
-1.01286 0.480454 -11.316 8.70165 
-1.01286 1.36445 -11.0064 8.91019 
-1.01286 0.863113 -11.0064 5.64987 
2.03058 0.387157 -7.94167 4.30545 
0.104676 0.881205 -7.41962 7.44294 
0.104676 0.881205 -7.41962 7.44294 
0.104676 0.881205 -7.41962 7.44294 
-0.0919676 0.2814 -8.80591 10.125 
0.608408 -0.116398 -5.18591 3.91843 
-0.304852 0.211061 -9.34501 8.85071 
-1.11841 0.450784 -7.0709 4.86936 
-0.646484 0.255919 -3.71721 -0.0900028 
-1.25722 0.255919 -7.97075 -0.0900028 
-1.70284 0.361608 -8.5788 -0.0900028 
-1.70284 0.361608 -8.5788 -0.0900028 
-1.96709 0.361608 -9.26857 -0.0900028 
-5.65148 1.01883 -15.6941 -0.0900028 
-3.1546 1.01883 -15.6941 5.84173 
-2.64312 -0.408511 -12.9218 10.5089 
-2.54743 -0.331009 -12.9218 10.5089 
-4.56028 0.302193 -18.0834 14.6781 
-4.56028 0.302193 -18.0834 14.6781 
-3.86734 0.320304 -18.8264 13.9125 
-1.3264 -0.191044 -15.1372 4.99286 
0.823248 -0.363574 -12.0498 4.99286 
-1.65189 0.713455 -12.846 6.25931 
-1.65189 0.713455 -12.846 6.25931 
-3.65768 1.15211 -20.0324 14.6052 
-0.951716 0.234632 -15.6453 14.6052 
-3.10034 0.530954 -20.5025 13.4497 
-0.40939 -0.042788 -15.9992 13.4497 
-0.0631439 0.0941228 -16.5128 7.94086 
-0.0631439 0.0941228 -16.5189 8.07443 
-0.130799 0.342333 -16.6968 7.992 
1.96737 0.239721 -12.3593 3.21166 
-0.919747 1.10704 -17.3293 -28.2258 
-0.295562 1.15671 -20.3331 -14.8738 
0.41637 1.09688 -22.9754 -1.43118 
0.792141 1.10181 -19.6181 0.755999 
0.711752 1.04895 -25.0237 10.2574 
0.388197 1.0457 -25.4069 14.0793 
0.388197 1.0457 -25.4069 14.0793 
-2.7879 1.32801 -30.5863 24.0213 
4.12082 0.670938 -18.4615 11.4875 
4.12082 1.29589 -13.4227 11.0852 
1.5274 1.6242 -12.8068 9.39089 
2.4781 1.53359 -12.1234 9.39089 
2.4781 0.962401 -6.40472 3.26892 
1.56451 0.874624 -6.55934 4.12532 
-0.138689 0.796565 -6.39991 4.43405 
-0.138689 0.530167 -6.58355 4.93389 
-3.59846 0.250269 -12.72 11.2138 
-3.58285 -0.265945 -11.9129 9.40923 
2.25518 -0.674135 0.298123 -3.70994 
1.34171 -0.140712 -0.848284 -3.70994 
1.34171 -0.140712 -0.848284 3.67547 
-3.18489 0.360828 -0.798196 2.3173 
-0.380335 -0.175719 -0.798196 2.3173 
-2.24993 -0.275058 -7.03957 4.59243 
0.574292 -0.553825 -0.53898 -2.83899 
1.37721 -0.260746 -2.12766 -5.24268 
3.53837 -0.109456 -3.94431 -6.16078 
4.40957 0.378416 -5.96595 -5.85916 
4.40957 0.378416 -5.96595 -5.85916 
4.54134 1.21319 -2.07195 19.3516 
4.54134 0.842805 -2.07195 8.63317 
2.98774 0.658772 3.57667 0.768492 
2.17212 0.44373 1.54299 -3.24424 
2.17212 0.222233 1.54299 -4.10798 
0.250362 0.0346539 -10.9988 0.688587 
1.08956 -0.116463 -4.49201 -4.52433 
0.916518 -0.139589 -4.49201 -3.78084 
0.6064 -0.0686276 -6.91884 -2.74193 
2.17416 0.149137 3.92042 -6.65567 
1.627 0.149137 20.0108 -6.65567 
1.627 -0.0330562 20.0108 12.4911 
-1.38169 -0.346428 8.35561 12.5062 
-0.883996 -0.346428 13.0358 12.5062 
-1.21854 -1.04031 9.78935 0.679012 
-0.898941 -1.26774 9.78935 0.679012 
-0.0386697 -1.26774 5.81873 -2.18742 
1.14103 -0.712824 3.87185 -1.9647 
1.14103 -0.486235 3.87185 -1.9647 
1.36999 -0.163543 -2.3973 -2.70913 
1.36999 0.00351212 -2.3973 -2.70913 
0.87252 0.0499225 -8.59662 4.69483 
0.87252 0.00985823 -8.59662 4.69483 
0.87252 0.00985823 -8.59662 4.69483 
1.38256 0.180531 -8.59662 -1.83919 
0.277537 -0.33232 -2.40406 0.835336 
-0.224367 -0.298737 -3.05282 -1.32679 
-0.224367 -0.230095 -3.05282 -1.32679 
0.665971 -0.230095 -7.72522 -0.594401 
1.18524 0.400305 -4.7578 -5.35042 
-4.18243 36.6922 -11.3972 0.467714 
-4.18243 36.6922 -11.3972 -2.57193 
-0.155228 36.6922 -14.434 -1.02347 
-0.155228 36.6922 -14.434 -5.71227 
2.82724 36.6922 -15.7393 -3.6604 
2.82724 36.6922 -15.7393 -3.6604 
4.7583 36.6922 -11.7043 -6.43078 
5.61785 36.6922 -12.7441 -5.42553 
6.14671 36.6922 -13.335 -5.04174 
2.05091 36.6922 -8.95645 -6.67942 
0.0889158 36.6922 -7.84351 -2.8404 
1.72229 36.6922 -9.2038 -1.7157 
1.72229 36.6922 -5.04133 -3.36933 
1.72229 36.6922 -5.04133 -3.36933 
0.613128 36.6922 -7.87183 -1.61817 
0.613128 36.6922 -7.87183 -1.61817 
-6.8322 36.6922 -7.6231 -5.09825 
-1.46825 36.6922 -7.52376 -5.31185 
-1.46825 36.6922 -7.52376 -5.31185 
-2.51135 36.6922 -4.0259 -4.86191 
-2.51135 36.6922 -5.13367 -2.81665 
-1.76341 36.6922 -6.19011 -1.74112 
-6.91826 36.6922 -6.19011 -2.15788 
-1.09861 36.6922 -2.51183 -2.15788 
-5.40878 36.6922 -10.9523 -1.88297 
-0.822078 35.8945 -6.39676 -3.62231 
-4.83809 36.6922 -5.76591 -4.66457 
-0.201575 32.4279 -5.81688 -4.0382 
-3.43111 32.4279 -5.81688 -4.0382 
-1.97704 36.6922 -6.59207 -2.56144 
-0.690309 36.6922 -6.35865 -2.83768 
-0.690309 36.6922 -6.35865 -3.28491 
2.17245 34.9223 -8.94373 -3.97521 
2.17245 31.787 -32.8529 -3.76334 
2.17245 31.787 -32.8529 -3.76334 
1.0608 31.787 -36.6922 -18.0729 
1.56773 28.6392 -31.9538 -28.4653 
1.56773 28.6392 -31.9538 -34.6018 
1.56773 28.6392 -31.9538 -34.6018 
3.59545 27.6007 -36.6922 -18.7307 
3.63123 27.2707 -36.6922 -18.7307 
5.85994 26.4731 -36.6922 -19.5894 
5.75935 25.6763 -36.6922 -19.181 
5.75935 25.6763 -36.6922 -19.181 
10.121 23.9526 -36.6922 -20.224 
10.2861 23.193 -36.6922 -19.9269 
11.8896 22.4097 -36.6922 -18.2132 
15.1408 21.6464 -36.6922 -21.6406 
15.1408 20.8812 -36.6922 -20.9647 
17.0128 19.4971 -34.5276 -18.2408 
17.0128 19.4971 -34.5276 -18.2408 
17.0128 18.796 -34.5276 -18.2408 
22.3328 18.2472 -34.5306 -19.9896 
20.7617 18.2871 -33.8305 -18.3041 
20.4089 18.3022 -32.8694 -16.9968 
19.9715 18.3474 -31.6054 -16.9968 
18.6195 18.3551 -28.4822 -14.472 
18.6195 18.3551 -28.4822 -14.472 
15.4262 18.3092 -20.1664 -15.2634 
11.5702 16.694 -11.1896 -3.58431 
11.5702 16.694 -11.1896 -3.58431 
13.6481 14.8431 -9.0989 -8.28433 
13.6481 14.1002 -9.0989 -8.28433 
12.9816 13.2111 -6.69376 -4.92366 
12.9816 13.2111 -6.69376 -4.92366 
6.48544 10.7589 5.43327 -1.97852 
6.48544 10.7589 5.43327 -1.97852 
7.15165 9.57609 3.96626 -4.23409 
7.15165 7.27 3.96626 -4.23409 
4.24741 6.22877 3.77796 2.66497 
2.25383 6.22877 3.77796 2.66497 
4.22652 3.29577 4.02864 -4.10039 
4.22652 2.56641 4.14469 1.19412 
2.3742 1.70604 2.54423 -1.28538 
0.191513 1.00751 3.18545 3.19053 
-0.417587 1.00751 3.18545 3.19053 
0.0938118 -0.707302 3.44945 -3.09012 
-1.79306 -0.707302 3.44945 -3.09012 
-1.1533 -1.92611 3.07212 -2.07878 
-3.98609 -2.30483 4.77836 5.5759 
-3.37047 -2.58116 7.10372 -1.49462 
-3.37047 -2.58116 7.0759 -1.49462 
-2.64218 -2.51819 5.53835 -1.6008 
-3.46804 -2.26064 5.53835 -1.6008 
-3.46804 -2.26064 5.04675 3.44315 
-1.5692 -1.91817 3.77183 -2.831 
-1.5692 -1.91817 3.77183 2.24974 
-2.47079 -1.6065 3.32222 2.24974 
-1.01582 -1.2724 2.51596 -4.12023 
-1.91658 -1.05228 1.88407 1.70825 
-2.61984 -0.930812 2.29084 1.70825 
-0.23683 -0.954781 2.64046 -2.29908 
-1.12693 -0.759358 2.12749 -2.47358 
-1.04107 -0.554561 0.346961 -1.40096 
-0.903357 -0.554561 0.346961 -0.604437 
-1.43703 -0.331808 0.465461 -0.972322 
-1.43703 -0.331808 0.465461 3.11282 
-1.57666 -0.466063 3.12282 0.899789 
-1.22245 -0.527246 3.52664 0.899789 
-1.66549 -0.518167 2.12439 3.28283 
-1.31943 -0.518167 2.12439 3.28283 
-1.31943 -0.529975 2.54959 5.90429 
-0.916267 -0.529975 3.10664 -2.93287 
0.104388 -0.453871 1.98847 -2.93287 
0.104388 -0.453871 1.98847 -7.97091 
0.684699 -0.156056 -2.229 -6.13468 
-0.2453 0.0197586 -3.26898 -6.13468 
-0.273889 0.0197586 -3.26898 1.68863 
-0.207767 0.0969598 -1.37361 -0.53971 
-0.165378 0.0701513 0.0151229 -1.56671 
-0.7962 0.028078 0.0151229 2.74325 
-0.654186 -0.0479232 0.940784 0.905405 
0.0976774 -0.102478 1.5369 -0.534369 
0.0335748 -0.0844899 1.36321 -5.44582 
0.0335748 -0.0844899 1.36321 -5.44582 
-0.246149 -0.0566926 -0.7324 -1.03746 
-0.246149 -0.0566926 -0.7324 -1.03746 
-0.347587 -0.117851 -0.210948 -1.62074 
-0.879095 -0.15856 1.45221 2.55008 
-1.54938 -0.350526 3.49385 6.53242 
-1.24346 -0.430705 4.59721 2.95095 
-1.00795 -0.477042 4.59721 0.617768 
-1.00795 -0.483394 4.39695 0.617768 
-0.778857 -0.460747 3.49806 -0.10399 
-0.692434 -0.460747 2.60513 0.125423 
-0.590521 -0.373698 1.90182 0.125423 
-0.532857 -0.373698 1.90182 0.210649 
-0.176548 -0.243738 1.14006 -3.41809 
-0.630539 -0.205981 0.356076 1.90719 
-0.588616 -0.180599 0.431382 1.63659 
-0.857744 -0.190602 0.431382 4.47046 
-0.857744 -0.190602 0.791541 4.47046 
-0.310765 -0.134204 1.62904 -5.41735 
-0.414113 -0.10976 1.45296 -5.41735 
-0.420317 -0.10976 0.0187754 1.21432 
-0.0387336 -0.0636165 0.198553 -2.71115 
-0.0387336 -0.0659384 0.198553 -2.71115 
-0.212963 -0.0611084 0.266004 1.88209 
-0.505026 -0.0611084 0.794492 1.29403 
-0.708363 -0.133392 1.82077 5.60951 
-0.59406 -0.165118 2.80249 -0.305907 
-0.59406 -0.165118 2.80249 -0.305907 
-0.59406 -0.198945 2.80249 -0.305907 
-0.550254 -0.24932 2.04594 -4.37793 
-0.46409 -0.243692 0.953251 0.596278 
-0.46409 -0.243692 0.953251 0.596278 
-0.46409 -0.243692 0.953251 0.596278 
-0.121515 -0.120507 0.221592 -2.95921 
-0.121515 -0.120507 0.221592 -2.95921 
-0.454537 -0.0890107 -0.233757 2.37968 
-0.380566 -0.0915207 0.872371 1.35007 
-0.380566 -0.0988201 0.872371 1.35007 
-0.51484 -0.0988201 0.872371 1.35007 
-0.121557 -0.11054 1.74207 -0.223767 
-0.121557 -0.11054 1.64372 -0.144918 
-0.557409 -0.290025 3.13354 4.12679 
-0.557409 -0.290025 3.13354 4.12679 
-0.385298 -0.119583 1.40201 -1.86528 
-0.134689 -0.119583 1.40201 -1.86528 
-0.0728107 -0.0687221 0.921887 -2.53326 
-0.144618 -0.0566858 0.0509931 -2.53326 
0.0244274 -0.00497247 -0.194801 -2.73625 
0.0244274 0.016977 -0.711106 -2.41609 
0.130463 0.0589812 -1.02041 -4.06483 
0.0221239 0.0517706 -1.68156 -0.765977 
0.00510204 0.0151212 0.831752 -0.538455 
0.00510204 0.0151212 0.831752 -0.538455 
-0.0525238 -0.00391533 0.357916 -1.29888 
-0.0525238 -0.00391533 0.357916 -1.29888 
-0.100771 -0.0407689 -0.0727834 -0.263026 
-0.0271732 -0.0261178 0.0510368 -2.29502 
-0.0650627 -0.0422328 -0.360209 -0.310315 
-0.0244364 -0.0201731 -0.282299 -1.98448 
-0.07392 -0.0201731 -0.282299 0.0364559 
-0.0279613 0.0130032 -0.415862 -1.73798 
-0.0663366 -0.00255714 -0.637305 0.176568 
-0.0506744 -0.00255714 -0.483246 -0.0209409 
-0.0686329 0.0110612 -0.288842 0.0902691 
-0.0890595 0.0288715 0.0271851 -0.983039 
-0.103579 -0.0256731 -0.142186 0.647963 
-0.103579 -0.0256731 -0.138841 1.79642 
-0.0965752 -0.000650948 0.217156 1.17328 
-0.0965752 -0.000650948 0.217156 1.17328 
-0.103018 0.00576558 0.555432 -0.444202 
-0.109235 -0.0316524 0.375453 -0.110335 
-0.100278 -0.0494715 0.100667 1.28758 
-0.100278 -0.0494715 0.350969 -0.171658 
-0.123719 -0.0520628 0.181953 0.975944 
-0.131596 -0.0499372 0.401174 0.301508 
-0.140365 -0.0504025 0.400323 0.514901 
-0.143582 -0.0518674 0.390373 0.770378 
-0.143582 -0.0536034 0.399255 0.770378 
-0.0540041 -0.0681213 0.3115 1.89484 
-0.0784419 -0.0302236 0.42448 1.96831 
-0.0250822 -0.0323655 0.817317 0.387366 
-0.0833172 -0.0121259 0.75847 -0.616659 
-0.0648335 -0.0409664 0.319318 0.522106 
-0.0342732 -0.0409664 0.067988 1.30764 
-0.0342732 -0.0350424 0.067988 0.741313 
-0.0419012 -0.0443826 0.246287 1.03829 
-0.0437459 -0.0354722 0.325825 0.827108 
0.00297584 -0.0353917 0.2692 1.04918 
-0.0221378 -0.00746672 0.400031 0.484702 
-0.0221378 -0.00617236 0.382497 0.342633 
-0.0221378 -0.0104056 0.382497 0.705216 
-0.0345387 -0.00458834 0.348487 0.0664784 
-0.0933542 -0.0291711 0.282629 0.0480513 
0.00905473 -0.0420287 0.282629 0.522293 
-0.0809725 -0.00946784 0.211634 0.382093 
0.0291409 -0.0244605 0.0556029 0.726307 
0.0734172 -0.0173985 0.0420376 0.747461 
-0.00638058 0.01193 0.152943 0.510555 
-0.018146 0.0161771 0.320162 0.143882 
-0.0291619 0.0161771 0.286958 0.143882 
-0.0381732 -0.00320726 0.221917 0.190596 
-0.0381732 -0.00320726 0.221917 0.190596 
-0.0439469 -0.0117136 0.165218 0.227228 
-0.101452 -0.016096 0.1711 0.310764 
-0.0330605 -0.0308394 0.0588191 0.438785 
-0.0262616 -0.0277313 0.0695603 0.450472 
-0.0173569 -0.0116658 0.145247 0.349938 
0.0402709 -0.00696836 0.0810115 0.331639 
-9.24124 17.4598 -0.0270026 0.306735 
-9.24124 17.4598 0.215969 0.0286815 
-14.6026 20.306 0.203532 -0.327997 
-14.6026 20.306 0.203532 -0.327997 
-14.6026 20.306 0.203532 -0.327997 
-14.6026 20.306 0.203532 -0.327997 
-17.5561 21.6782 -0.0766358 -0.141654 
-18.1324 22.6059 -0.206827 -0.201526 
-18.1324 22.6059 -0.206827 -0.201526 
-18.1324 22.9457 -0.206827 -0.201526 
-19.0908 23.2153 -0.152326 -0.172866 
-19.2869 23.2153 -0.228828 -0.325749 
-19.477 23.5151 -0.191233 -0.335176 
-19.477 23.5151 -0.191233 -0.335176 
-19.3806 23.5265 -0.275595 -0.335176 
-19.2186 23.434 -0.275595 -0.335176 
-18.4205 22.7893 -0.391874 -0.365071 
-18.0842 22.4608 -0.415382 -0.458125 
-17.6613 22.0744 -0.406815 -0.470175 
-17.1939 21.6379 -0.40428 -0.474143 
-16.7202 21.1558 -0.369973 -0.391023 
-16.1393 21.1558 -0.369973 -0.391023 
-15.5992 20.0583 -0.415904 -0.479332 
-14.9619 19.4486 -0.423203 -0.459701 
-14.3624 18.8085 -0.403927 -0.390207 
-13.6872 18.1327 -0.440368 -0.469316 
-13.0171 17.4313 -0.461316 -0.494655 
-11.6448 15.9554 -0.513202 -0.497879 
-11.6448 15.9554 -0.513202 -0.517207 
-10.9642 15.1902 -0.538327 -0.520191 
-10.9642 15.1902 -0.538327 -0.520191 
-9.62026 13.6178 -0.496139 -0.40174 
-8.94649 12.8162 -0.482116 -0.390478 
-8.28005 12.0091 -0.466865 -0.377243 
-7.62293 11.1992 -0.451568 -0.359482 
-6.96496 11.1992 -0.451568 -0.359482 
-6.31141 10.3892 -0.447314 -0.486097 
-5.67818 8.78121 -0.462691 -0.512777 
-5.67818 8.78121 -0.462691 -0.512777 
-4.46693 7.20857 -0.493839 -0.555425 
-3.9107 6.44166 -0.502002 -0.398261 
-3.9107 6.44166 -0.502002 -0.277555 
-2.84293 4.96114 -0.447363 -0.381201 
-2.34511 4.25068 -0.417137 -0.362313 
-1.8723 3.56167 -0.391781 -0.325658 
-1.44251 2.89643 -0.354172 -0.191651 
-0.683789 1.64052 -0.315263 -0.100184 
-0.299222 1.05305 -0.21841 0.120442 
-0.299222 1.05305 -0.0715453 0.166179 
0.0316308 0.494632 -0.0715453 0.166179 
0.342246 -0.0359133 -0.0077902 0.198153 
0.58878 -0.519009 0.0628534 0.330305 
0.58878 -0.519009 0.0628534 0.330305 
0.821124 -0.955498 0.124253 0.259195 
0.859975 -0.92922 0.130745 0.230545 
0.859975 -0.92922 0.130745 0.230545 
