0 0 0 0 
0.495801 1.81564 0.0818046 1.80214 
0.493777 1.80597 0.0797992 1.79266 
0.493588 1.80525 0.0796085 1.79196 
0.493395 1.80456 0.0794195 1.79128 
0.625442 1.80456 0.00814799 4.86978 
0.648335 4.72867 0.0357587 4.82763 
0.663231 4.70324 0.0520784 4.80018 
0.663231 4.70324 0.0692664 4.80018 
0.697639 4.64307 0.090133 4.73487 
0.720281 4.59936 0.112947 4.69122 
0.772179 4.49305 0.163443 4.64156 
1.11937 3.28141 0.378549 3.59793 
1.11937 3.28141 0.376174 3.59793 
1.11997 3.17924 0.366604 3.44714 
1.09887 3.09153 0.366604 3.44714 
1.07475 2.8935 0.349426 3.28173 
1.05902 2.7918 0.338665 3.19909 
1.03938 2.691 0.326945 3.11433 
1.03938 2.691 0.326945 3.11433 
0.972582 2.38962 0.285906 2.85957 
0.916047 2.19514 0.256205 2.69072 
0.514498 1.117 0.0922693 1.65698 
0.42645 0.971348 0.0518306 1.56972 
0.42645 0.971348 0.0518306 1.49449 
0.42645 0.971348 0.0518306 1.42911 
0.359851 0.834403 0.0242906 1.36767 
0.359851 0.834403 0.0242906 1.31067 
0.33854 0.795428 0.0242906 1.31067 
0.33854 0.795428 0.0156258 1.25208 
0.296524 0.73149 -0.000430273 1.14868 
0.274786 0.70537 -0.00835906 1.0995 
-0.149618 0.714046 -0.102986 0.600716 
-0.149618 0.714046 -0.102986 0.600716 
-0.220447 0.851533 -0.110045 0.661019 
-0.248771 0.851533 -0.110045 0.661019 
-0.27705 0.927044 -0.112014 0.649243 
-0.304901 0.96131 -0.112808 0.64237 
-0.331623 1.00116 -0.112585 0.64012 
-0.357906 1.07927 -0.111102 0.63936 
-0.408541 1.12149 -0.109395 0.636618 
-0.408541 1.12149 -0.109395 0.638525 
-0.671579 1.78927 -0.0466079 0.811644 
-0.671579 1.78927 -0.0466079 0.811644 
-0.664861 1.97429 -0.0167967 1.09253 
-0.657556 1.99397 -0.000802203 1.10804 
-0.652394 2.01708 0.00485211 1.12385 
-0.652394 2.01708 0.0131068 1.12385 
-0.637328 2.06153 0.0212695 1.17235 
-0.628429 2.07329 0.0212695 1.1878 
-0.617326 2.10092 0.0351908 1.2077 
-0.605095 2.10092 0.0425761 1.22729 
-0.385094 2.05942 0.113811 1.41569 
-0.325575 1.87205 0.106943 1.44667 
-0.325575 1.85769 0.106943 1.22749 
-0.277726 1.85769 0.108448 1.22749 
-0.253629 1.84784 0.113311 1.2677 
-0.228823 1.82675 0.115576 1.29097 
-0.228823 1.82675 0.115576 1.29097 
-0.228823 1.82675 0.115576 1.29097 
-0.18011 1.79439 0.11757 1.33359 
-0.156526 1.79439 0.11757 1.33359 
0.158382 1.61513 0.128285 1.66087 
0.158382 1.61513 0.128285 1.66087 
0.163737 1.53354 0.129971 1.68051 
0.205339 1.52659 0.127317 1.65556 
0.225382 1.53967 0.132875 1.6911 
0.24382 1.53418 0.135539 1.71006 
0.262014 1.5361 0.139279 1.73435 
0.279642 1.53877 0.143103 1.75848 
0.296701 1.54222 0.146968 1.78238 
0.313166 1.5464 0.150878 1.80609 
0.472541 1.58681 0.189903 2.03434 
0.471578 1.59277 0.192251 1.98847 
0.479077 1.54472 0.186075 2.00094 
0.48421 1.55913 0.192597 2.02634 
0.488448 1.56664 0.192597 2.03731 
0.492316 1.58172 0.192597 2.05374 
0.498336 1.60401 0.203096 2.06962 
0.498336 1.6122 0.203096 2.09073 
0.50045 1.62773 0.205693 2.09073 
0.50045 1.6504 0.205693 2.11987 
0.484904 1.75117 0.21805 2.17949 
0.473563 1.7083 0.218184 2.17979 
0.473563 1.7083 0.214596 2.17979 
0.465616 1.74434 0.216394 2.14742 
0.460936 1.74985 0.216231 2.14589 
0.460936 1.74985 0.216231 2.1499 
0.450835 1.77544 0.217495 2.15332 
0.445265 1.78765 0.217495 2.15615 
0.43356 1.81081 0.218238 2.15843 
0.43356 1.81081 0.218406 2.16013 
0.325355 1.82258 0.195299 2.03904 
0.309391 1.81974 0.188747 2.00238 
0.309391 1.81974 0.188747 2.00238 
0.267779 1.81067 0.181628 1.94294 
0.25979 1.80586 0.179098 1.94294 
0.243054 1.81113 0.176638 1.92898 
0.243054 1.81113 0.175815 1.92718 
0.234871 1.81343 0.174362 1.9192 
0.226985 1.8157 0.172844 1.91111 
0.219072 1.82559 0.172359 1.90917 
0.0908631 1.70534 0.126533 1.66139 
0.0839806 1.70534 0.126533 1.66139 
0.0546183 1.69914 0.115779 1.61072 
0.0546183 1.69914 0.115779 1.61072 
0.0546183 1.69914 0.115779 1.61072 
0.0426483 1.70339 0.111067 1.5987 
0.037252 1.70588 0.111067 1.5987 
0.0314591 1.70588 0.111067 1.584 
0.0257581 1.69462 0.112345 1.57317 
0.0257581 1.69462 0.112345 1.57317 
-0.0198946 1.67725 0.0940352 1.50649 
-0.0198946 1.67725 0.0940352 1.50649 
-0.0160763 1.71641 0.101516 1.54196 
-0.0160763 1.72037 0.100018 1.54196 
-0.0205338 1.72037 0.100018 1.53485 
-0.0214483 1.73647 0.10225 1.54226 
-0.0257033 1.73567 0.101001 1.53585 
-0.0257033 1.73567 0.101001 1.53678 
-0.0257033 1.73567 0.101001 1.53678 
-0.0280132 1.73106 0.0994913 1.53095 
-0.0369229 1.69105 0.0870333 1.49618 
-0.0294021 1.68696 0.086806 1.47494 
-0.0294021 1.68696 0.086806 1.47494 
-0.0237104 1.68841 0.086806 1.47494 
-0.0209697 1.6777 0.0899663 1.49214 
-0.0180672 1.68255 0.0915011 1.49918 
-0.0150269 1.68745 0.0930049 1.50638 
-0.0118435 1.69249 0.0945782 1.51387 
-0.00855565 1.69762 0.0945782 1.52159 
-0.00518304 1.7028 0.100134 1.52952 
0.0314762 1.67778 0.0922404 1.56924 
0.0407803 1.63961 0.0914175 1.54221 
0.0407803 1.63961 0.0945066 1.54221 
0.0659039 1.66046 0.100432 1.57685 
0.0781555 1.66278 0.100111 1.59948 
0.0781555 1.66278 0.100111 1.59948 
0.0781555 1.66278 0.100111 1.59948 
0.0781555 1.66278 0.100111 1.59948 
0.0943715 1.68352 0.106808 1.62165 
0.106229 1.70693 0.116121 1.66164 
0.145934 1.72837 0.121691 1.73539 
0.17225 1.68537 0.127836 1.71234 
0.17225 1.6923 0.127836 1.71234 
0.173844 1.69275 0.127975 1.71504 
0.173844 1.69275 0.127975 1.71504 
0.196017 1.71807 0.143418 1.75148 
0.196017 1.71807 0.143169 1.75395 
0.207768 1.73089 0.150378 1.77207 
0.208572 1.73106 0.149754 1.77444 
0.214053 1.73106 0.152758 1.78457 
0.215603 1.73168 0.137324 1.80533 
0.215603 1.73168 0.137324 1.80533 
0.215603 1.73168 0.137324 1.80533 
0.253039 1.73074 0.155013 1.81289 
0.251904 1.72952 0.153991 1.8115 
0.251904 1.73228 0.157442 1.81797 
0.263112 1.73496 0.16075 1.82435 
0.268433 1.73759 0.163884 1.83062 
0.268433 1.73759 0.163884 1.83062 
0.278443 1.74258 0.169583 1.84282 
0.252828 1.72125 0.147214 1.81267 
0.234777 1.71572 0.136727 1.79947 
0.259087 1.67613 0.142436 1.76162 
0.259087 1.67613 0.142436 1.76162 
0.279553 1.67749 0.154967 1.77654 
0.279553 1.67749 0.154967 1.77654 
0.279947 1.67628 0.152641 1.77188 
0.279947 1.67634 0.155671 1.77531 
0.279947 1.67634 0.155671 1.77531 
0.279947 1.67634 0.155671 1.77883 
0.211951 1.67898 0.12063 1.72912 
0.229023 1.68572 0.125203 1.72381 
0.229023 1.68572 0.128041 1.72558 
0.233614 1.68332 0.128041 1.72558 
0.239731 1.68332 0.132045 1.72824 
0.264785 1.67879 0.139855 1.73682 
0.264785 1.6802 0.139855 1.73682 
0.264785 1.6802 0.139855 1.73682 
0.273641 1.6772 0.153086 1.74592 
0.273641 1.6772 0.153086 1.74592 
0.21142 1.68727 0.122361 1.71035 
0.177301 1.67711 0.114726 1.6696 
0.177301 1.67711 0.114726 1.6696 
0.193138 1.67365 0.114726 1.6696 
0.202218 1.6692 0.113975 1.6567 
0.211088 1.66057 0.110801 1.65175 
0.211088 1.66057 0.122909 1.66317 
0.211088 1.66057 0.122909 1.66317 
0.228634 1.65639 0.119467 1.6585 
0.245994 1.65169 0.135532 1.67422 
0.113979 1.70436 0.0785151 1.61793 
0.145506 1.58846 0.0785957 1.51109 
0.145506 1.58846 0.0785957 1.51109 
0.159698 1.58018 0.0756706 1.50864 
0.173951 1.57209 0.0907326 1.52223 
0.187969 1.55085 0.088107 1.51942 
0.187969 1.55694 0.088107 1.51942 
0.215303 1.54968 0.102861 1.53161 
0.228676 1.54288 0.113743 1.54677 
0.254247 1.53027 0.123333 1.56131 
0.0853877 1.69398 0.0573992 1.56984 
0.0853877 1.69398 0.0573992 1.56984 
0.103576 1.57909 0.0559562 1.45885 
0.12536 1.58181 0.0503679 1.47192 
0.158554 1.57095 0.075844 1.49451 
0.158554 1.57095 0.075844 1.49451 
0.158554 1.57095 0.075844 1.49451 
0.150627 1.57095 0.075844 1.49451 
0.218687 1.54111 0.10751 1.53621 
0.211963 1.56742 0.104595 1.53947 
0.118893 1.72582 0.0647151 1.61356 
0.118893 1.73638 0.0636666 1.61887 
0.17419 1.50431 0.066689 1.62681 
0.168078 1.51633 0.0654376 1.43157 
0.196452 1.49818 0.0752784 1.44832 
0.224189 1.48081 0.0849319 1.46037 
0.251428 1.4339 0.0838294 1.4642 
0.277977 1.44792 0.102792 1.48606 
0.304426 1.43172 0.1109 1.51392 
0.330189 1.41624 0.118462 1.51392 
0.177923 1.69272 0.0673455 1.64173 
0.177923 1.69272 0.0673455 1.64173 
0.3262 1.91953 0.136559 1.94562 
0.317398 1.91953 0.134864 1.94562 
0.317398 1.93203 0.134864 1.94749 
0.334639 1.92169 0.160338 1.97687 
0.410836 1.84788 0.158402 1.97616 
0.410836 1.84788 0.158402 1.97616 
0.410836 1.84788 0.158402 1.97616 
0.426798 1.82976 0.158402 1.97616 
0.405574 1.76945 0.134566 1.93837 
0.405574 1.76945 0.134566 1.93837 
0.393917 1.77249 0.130536 1.93021 
0.494387 1.54751 0.130536 1.93021 
0.494387 1.54751 0.129756 1.81312 
0.584774 1.41334 0.129497 1.79954 
0.584774 1.41334 0.129497 1.79954 
0.584774 1.41334 0.129497 1.79954 
0.701305 1.43172 0.128116 1.79322 
0.682756 1.28233 0.151121 1.81482 
0.462498 1.3952 0.123197 1.74752 
0.483502 1.33558 0.0865467 1.66616 
0.483502 1.33558 0.0865467 1.66616 
0.483502 1.33558 0.0865467 1.66616 
0.483659 1.36024 0.0816187 1.65946 
0.483659 1.36024 0.0816187 1.65946 
0.609976 1.20609 0.0971967 1.67775 
0.699374 1.09985 0.109246 1.69268 
0.72857 1.06251 0.109246 1.69268 
0.817244 0.957573 0.124292 1.71273 
0.312988 1.51556 0.0557845 1.63914 
0.312988 1.51556 0.0557845 1.63914 
0.397734 1.48906 0.0689169 1.67568 
0.433046 1.444 0.0689169 1.68203 
0.433046 1.444 0.0718113 1.68203 
0.433251 1.43808 0.076967 1.69485 
0.502962 1.30781 0.0738728 1.68849 
0.502962 1.34817 0.0763898 1.6949 
0.502962 1.34817 0.0763898 1.6949 
0.607158 1.09225 0.0932119 1.73236 
0.139914 1.73225 0.0487684 1.62497 
0.139914 1.73225 0.0487684 1.62497 
0.254112 1.32508 0.0143331 1.39903 
0.254112 1.32508 0.0143331 1.39903 
0.223041 1.32797 0.00282893 1.38723 
0.192507 1.36172 0.00282893 1.38723 
0.231283 1.29679 -0.00330633 1.38989 
0.231283 1.33249 -0.00330633 1.38572 
0.331742 1.26611 -0.00483884 1.39646 
0.300622 1.20246 -0.00433303 1.40761 
0.0579529 1.52464 -0.004366 1.40432 
0.0309419 1.56183 -0.00380014 1.39701 
0.171928 1.94581 0.0711164 1.39586 
0.226236 1.87467 0.0693378 1.87005 
0.173895 1.90864 0.0714696 1.86015 
0.173895 1.90864 0.0714696 1.86015 
0.575925 1.90864 0.0714696 1.91108 
0.575925 1.90864 0.0714696 1.94283 
0.730788 1.20015 0.0473326 1.94283 
0.793238 1.11665 0.0452487 1.98631 
0.445099 1.58602 0.0861352 1.8758 
0.442454 1.65595 0.100572 1.96476 
0.501609 1.5667 0.101838 1.95278 
0.501609 1.5667 0.101838 1.95278 
0.744033 1.35465 0.0818621 1.97286 
0.70894 1.2507 0.0818621 1.97286 
0.777067 1.14622 0.0722401 1.99084 
0.777067 1.14622 0.0722401 1.99084 
1.01382 1.04342 0.0348006 2.02958 
1.03276 0.749996 0.0312325 2.02189 
0.541696 1.2874 0.0901949 1.84874 
0.541696 1.2874 0.0901949 1.84874 
0.549144 1.20111 0.064118 1.84874 
0.715405 0.955466 0.0481538 1.83289 
0.715405 0.955466 0.0481538 1.83289 
0.789549 0.8097 0.0481538 1.83289 
0.789549 0.8097 0.0203094 1.82758 
0.789549 0.8097 0.0203094 1.82758 
0.981996 0.409031 -0.038422 1.87237 
0.981996 0.480466 -0.0311048 1.85477 
0.570257 0.976865 0.040891 1.71602 
0.621125 0.968705 0.0494472 1.70012 
0.621125 0.968705 0.0334675 1.83106 
0.742233 0.771863 0.0129093 1.8469 
0.742233 0.771863 -0.00874516 1.86373 
0.929068 0.494951 -0.0604283 1.91419 
0.929068 0.494951 -0.0604283 1.91419 
1.0487 0.304726 -0.098807 1.94563 
1.0487 0.304726 -0.098807 1.92613 
1.16512 0.123023 -0.131947 1.97468 
0.251987 1.32916 0.0877607 1.7146 
0.182666 1.53796 0.115971 1.66127 
0.232361 1.61636 0.117169 2.0365 
0.296582 1.50051 0.0852162 2.05478 
0.362592 1.3826 0.0501157 2.07546 
0.362592 1.3826 0.0156318 2.0954 
0.431096 1.21711 0.0370316 2.04917 
0.431096 1.21711 0.0370316 2.04917 
0.431096 1.21711 0.0370316 2.04917 
0.431096 1.21711 0.0370316 2.04917 
0.0993628 1.43685 0.0804222 1.86605 
0.14939 1.35785 0.0370208 1.95814 
0.21868 1.22789 0.0560301 1.92443 
0.299254 0.942549 -0.0222837 1.95863 
0.319458 0.942549 -0.00365541 1.92493 
0.319458 1.01015 -0.00365541 1.92493 
0.319458 1.01015 -0.00365541 1.89243 
0.571208 0.577818 -0.120636 1.9771 
0.571208 0.577818 -0.120636 1.9771 
0.874721 0.0971762 -0.249513 1.94181 
0.299993 0.813912 0.0160303 1.73883 
0.457822 0.49873 -0.0516001 1.85616 
0.385881 0.49873 -0.0229501 1.82191 
0.385881 0.587222 -0.0229501 1.82191 
0.542845 0.329075 -0.108251 1.84651 
0.620462 0.203787 -0.151652 1.89991 
0.6961 0.0807644 -0.193045 1.89991 
0.622464 0.176628 -0.16008 1.92628 
0.84801 -0.175023 -0.272354 1.94455 
0.84801 -0.0684027 -0.272354 1.94455 
-0.103709 1.12747 0.060227 1.59379 
-0.183345 1.14938 0.183481 1.68745 
-0.206447 1.03099 0.181358 1.72374 
-0.0730514 0.911535 0.155375 1.70115 
-0.0730514 0.911535 0.155375 1.70115 
-0.0730514 0.911535 0.155375 1.70115 
-0.00514137 0.790861 0.00797933 1.92945 
0.211755 0.453402 -0.142907 1.92945 
0.497393 0.00614012 -0.346596 2.08217 
0.417457 0.112864 -0.309203 2.05098 
-0.00130072 0.739486 -0.0275985 1.85447 
-0.0136673 0.82399 -0.0275985 1.85447 
-0.0136673 0.82399 0.0191906 1.82147 
0.205874 0.502835 -0.124006 2.25622 
0.205874 0.502835 -0.124006 2.25622 
0.205874 0.502835 -0.124006 2.25622 
0.205957 0.195748 -0.227122 2.3771 
0.343644 0.305573 -0.220938 2.33628 
0.343644 0.206068 -0.165395 2.33628 
0.486523 0.107729 -0.309319 2.41162 
0.0815057 0.776387 0.088105 2.1324 
0.0799874 0.825928 0.0740262 2.09059 
0.0799874 0.726282 0.0740262 2.39487 
0.0799874 0.726282 0.0740262 2.39487 
0.234204 0.472958 0.0792668 2.42944 
0.158954 0.578232 0.0792668 2.42944 
0.158954 0.578232 -0.0317389 2.46801 
0.208597 0.497137 -0.0849126 2.50681 
0.376404 0.234864 -0.245806 2.62883 
0.376404 0.234864 -0.183269 2.62883 
-0.00468236 0.807461 0.13608 2.31935 
-0.00468236 0.807461 0.13608 2.31935 
-0.00468236 0.807461 0.13608 2.31935 
-0.100285 1.23959 0.252106 2.31935 
-0.100285 1.23959 0.252106 2.31935 
0.0444464 0.905864 -0.159207 2.17043 
-0.0321401 0.994259 -0.110995 2.46992 
-0.0321401 0.994259 -0.110995 2.46992 
-0.164165 1.23584 -0.198404 2.42085 
-0.164165 1.02394 -0.143473 2.42085 
-0.51779 1.291 -0.0383711 2.25728 
-1.12776 1.97599 0.279728 1.45174 
-1.12776 1.97405 0.279728 1.45174 
-1.07286 1.76339 0.0883766 1.55725 
-1.08743 1.75854 0.101597 1.52286 
-1.07357 1.67155 0.00988253 1.57482 
-1.0568 1.58494 -0.0787671 1.57482 
-1.01281 1.42003 -0.267862 1.75806 
-1.01566 1.41544 -0.242325 1.71824 
-0.964632 1.25264 -0.42317 1.84776 
-0.847262 1.25749 -0.00501795 1.41789 
-1.00497 1.66981 -0.00501795 1.41789 
-0.958616 1.53762 -0.0902615 1.34037 
-0.945759 1.53811 -0.0902615 1.387 
-1.04496 1.55799 -0.198388 1.42634 
-1.02741 1.55555 -0.244624 1.46599 
-1.12259 1.57412 -0.37068 1.57942 
-1.10069 1.57164 -0.370503 1.54319 
-1.13462 1.58041 -0.370503 1.5825 
-1.166 1.58899 -0.370503 1.62045 
-1.00107 1.58914 -0.151367 1.43949 
-1.28227 2.23996 -0.177241 1.42972 
-1.29322 2.23996 -0.177241 1.42972 
-1.33385 2.2643 -0.209245 1.46783 
-1.45655 2.38212 -0.212621 1.48945 
-1.69461 2.60739 -0.221805 1.53549 
-1.69461 2.60739 -0.221805 1.53549 
-1.64258 2.60739 -0.221805 1.50478 
-1.64258 2.60739 -0.221805 1.47568 
-1.64258 2.60739 -0.221805 1.47568 
-1.74268 2.75146 -0.0421814 1.45726 
-1.67129 2.6986 0.0298656 1.32816 
-2.34143 3.74617 -0.0218744 1.40466 
-2.34143 3.66919 -0.0218744 1.40466 
-2.5555 3.99065 0.0680064 1.3692 
-2.5555 3.99065 0.0869519 1.34532 
-2.5555 3.99065 0.0869519 1.34532 
-2.5555 3.99065 0.0869519 1.34532 
-3.21037 4.06428 0.178964 1.3537 
-3.38481 4.37619 0.178964 1.3537 
-3.42693 4.26979 0.220643 1.32337 
-3.42693 4.26979 0.220643 1.32337 
-2.77568 3.59499 0.277672 1.20433 
-2.91898 2.95097 0.277672 1.20433 
-3.40817 3.26212 0.436663 0.85215 
-3.24263 3.09021 0.430877 0.83512 
-3.78007 3.09021 0.430877 0.83512 
-3.94989 3.6896 0.529596 0.797487 
-4.10932 3.82241 0.554013 0.780483 
-4.09845 3.76238 0.553702 0.749405 
-2.9365 2.56612 0.432814 0.671976 
-2.90971 2.26445 0.3836 0.544333 
-2.90971 2.26445 0.3836 0.544333 
-3.20722 2.77806 0.454852 0.554373 
-3.20722 2.77806 0.454852 0.554373 
-3.34002 3.09981 0.445459 0.572931 
-3.34002 3.09981 0.445459 0.572931 
-3.96056 4.22135 0.644062 0.547634 
-3.96056 4.00726 0.644062 0.568974 
-4.24902 4.804 0.628574 0.558025 
-3.03042 3.52844 0.532089 0.715587 
-3.03042 3.81153 0.532089 0.697135 
-3.79231 4.5809 0.514522 0.698649 
-3.79231 4.5809 0.514522 0.733721 
-3.72376 4.7408 0.596384 0.740935 
-3.88072 5.14055 0.596384 0.748849 
-4.0399 5.53097 0.690445 0.75825 
-4.19406 5.64473 0.864437 0.767857 
-3.9688 5.64473 0.830702 0.806583 
-3.9688 5.64473 0.830702 0.806583 
-3.95682 6.10239 0.89878 0.92056 
-4.26041 5.79234 0.902249 0.854916 
-4.26041 6.75931 0.902249 0.854916 
-4.01032 6.41312 0.854766 0.898569 
-4.93336 7.47877 1.08285 0.87133 
-4.6754 7.89071 1.20714 0.873303 
-4.81524 8.30005 1.32396 0.875545 
-4.95365 8.69513 1.42826 0.877693 
-4.95365 8.69513 1.51988 0.880256 
-5.22306 9.00252 1.48905 0.928506 
-4.29234 7.95467 1.22975 1.06574 
-4.02728 7.47841 1.13066 1.10795 
-4.17209 7.77887 1.21246 1.11224 
-4.31811 9.22385 1.61424 1.06799 
-4.82869 9.22385 1.61424 1.05071 
-4.53793 8.6854 1.50428 1.09269 
-5.04325 10.0087 1.93708 1.00265 
-5.14268 10.3691 2.08516 0.983143 
-5.14268 10.3691 2.08516 0.983143 
-5.72814 11.9804 2.32529 0.942169 
-5.14335 10.7373 2.22864 0.968107 
-5.14335 10.7373 2.22864 0.968107 
-4.65322 9.72458 2.0439 1.11179 
-4.65322 10.9142 2.0439 1.11179 
-5.15815 10.9142 2.41008 1.02651 
-5.43451 11.6304 2.66948 0.935617 
-5.62737 12.3037 2.88899 0.842559 
-5.62737 12.3037 2.88899 0.842559 
-5.32151 11.5428 2.6524 0.892893 
-5.85251 12.9354 3.05824 0.749458 
-4.72091 9.9195 2.10777 0.904785 
-4.72091 9.9195 2.10777 0.904785 
-5.40306 11.4673 2.63857 0.726787 
-5.40306 11.4673 2.63857 0.726787 
-3.92764 8.24317 2.25791 0.771485 
-2.97769 5.86297 1.58344 0.766901 
-1.78211 2.96944 1.32286 0.639321 
-1.60016 2.66435 1.14809 0.658733 
-1.26749 1.9876 1.24467 0.563351 
-1.26749 1.9876 1.24467 0.563351 
-0.37833 0.783453 1.14324 0.425308 
-0.37833 0.783453 0.990965 0.425308 
-0.37833 0.783453 0.990965 0.425308 
-0.37833 0.783453 0.990965 0.425308 
1.38216 -0.938571 0.755628 -0.587544 
1.05211 0.54873 1.4182 -0.850986 
1.05211 0.54873 1.28678 -0.850986 
0.651894 1.83579 1.89341 -0.97122 
0.604663 1.66667 1.71372 -0.852246 
0.320034 2.81888 2.27996 -1.04163 
0.239509 1.99271 1.45685 -0.711259 
1.19738 3.08223 1.73204 -1.21855 
1.14307 2.83086 1.92005 -1.27151 
0.83735 3.38089 2.08655 -1.3125 
0.83735 3.38089 2.25076 -1.3125 
0.772806 3.29449 2.41469 -1.33541 
0.772806 3.29449 2.41469 -1.33541 
0.620813 3.37799 3.11634 -1.54604 
0.552437 3.02584 3.11634 -1.36775 
0.468913 3.21569 3.33652 -1.54968 
0.333637 2.56124 2.71099 -1.21167 
0.133685 2.90845 2.96439 -1.249 
0.0871535 2.62232 2.80211 -1.12871 
0.0424426 2.59439 2.80211 -1.18287 
0.0424426 2.59439 2.80211 -1.05947 
0.10407 2.31985 3.1048 -1.33914 
0.158319 2.16101 3.24868 -1.40767 
0.207009 1.92648 2.92893 -1.2511 
0.251067 1.90945 3.50397 -1.51384 
0.251067 1.90945 3.50397 -1.51384 
0.289217 1.53739 3.36463 -1.43218 
0.289217 1.53739 3.36463 -1.43218 
0.329591 1.46552 3.36463 -1.27079 
0.329591 1.50087 3.0125 -1.55011 
0.457043 1.50087 3.0125 -1.55011 
0.80129 1.1281 4.6409 -1.89444 
0.728824 1.1281 4.6409 -1.67457 
0.814933 0.847744 4.25192 -1.70482 
0.966477 0.706788 4.30388 -1.75111 
0.966477 0.581321 4.359 -1.68548 
0.834757 0.383291 3.6424 -1.14046 
0.908886 0.287524 3.29271 -1.14046 
0.908886 0.287524 3.29271 -0.889384 
1.24243 0.0252622 4.58166 -1.20366 
1.24243 0.0220825 4.22567 -1.20366 
1.48467 -0.365176 4.40423 -0.942543 
1.34886 -0.329849 4.57513 -0.941698 
1.34886 -0.329849 4.57513 -0.941698 
1.60242 -0.736966 5.01502 -0.912231 
1.60242 -0.736966 5.01502 -0.912231 
1.21395 -0.634769 3.98392 -0.0403381 
1.21395 -0.634769 3.98392 -0.0403381 
1.65604 -1.0896 4.90632 -0.203081 
1.65604 -1.0896 4.90632 -0.203081 
1.89231 -1.28733 5.39444 -0.22366 
1.71401 -1.15414 5.01762 0.0706608 
1.83256 -1.23678 5.23966 0.0510331 
1.94729 -1.39495 5.45127 0.0377934 
2.0545 -1.39495 5.64745 0.0291822 
2.0545 -1.39495 5.64745 0.0291822 
2.02298 -1.36313 5.52929 0.337244 
1.81396 -1.2179 5.08963 0.641852 
2.21517 -1.51674 5.84762 0.389499 
2.00904 -1.37395 5.43102 0.698055 
2.00904 -1.37395 5.43102 0.698055 
2.00904 -1.37395 5.43102 0.698055 
3.23666 -1.84215 7.34203 0.180665 
3.23666 -1.84215 7.34203 0.180665 
3.08017 -1.80428 7.58178 0.272714 
2.78426 -1.61185 6.98972 0.617531 
2.57259 -1.47688 6.54077 1.00064 
2.57259 -1.47688 6.54077 1.32449 
2.41001 -1.39864 5.54209 1.63687 
2.52012 -1.46012 6.39613 1.6284 
2.9784 -1.69759 7.35002 1.36019 
3.49379 -1.67975 7.65529 1.37158 
3.18039 -1.64149 7.90738 1.38667 
3.65475 -1.76408 8.89569 1.09723 
3.65475 -1.57518 8.89569 1.09723 
3.76663 -1.71264 9.15987 1.1651 
3.06131 -1.53942 7.77754 1.52036 
3.06131 -1.38181 7.77754 1.86349 
3.52878 -1.55427 7.75113 2.23724 
3.5909 -1.55427 7.75113 2.23724 
4.07281 -1.63542 8.85963 1.96242 
3.6966 -1.63542 9.09394 1.96155 
4.18551 -1.46157 10.1831 1.6187 
3.78912 -1.30591 9.42546 1.97377 
3.8323 -1.25172 9.55389 1.97645 
3.8323 -1.25172 9.55389 1.97645 
3.92275 -1.17643 9.7939 1.98456 
3.53037 -1.06375 9.01369 2.32843 
3.53037 -1.1254 9.01369 2.25479 
3.53037 -1.1254 9.01369 2.25479 
2.55181 -0.773767 7.08469 3.52241 
2.55181 -0.881668 6.50056 3.79639 
3.7389 -0.772656 10.0729 2.47953 
3.37409 -0.681706 9.32287 2.78556 
3.37409 -0.681706 9.32287 2.78556 
3.8619 -0.645326 10.5994 2.27221 
3.52444 -0.540971 9.91724 2.50252 
3.57343 -0.515682 9.91724 2.47087 
3.57343 -0.515682 9.95606 2.47087 
3.70374 -0.448189 9.35946 2.58705 
3.70374 -0.448189 9.35946 2.58705 
3.70374 -0.448189 9.35946 2.58705 
3.70374 -0.448189 9.35946 2.58705 
3.43323 -0.732237 11.6325 2.75429 
3.43323 -0.811194 11.6325 2.75429 
3.32932 -0.811194 11.999 2.64518 
3.11049 -1.03346 12.4307 2.60147 
3.28778 -0.955802 13.2964 3.62936 
3.28778 -1.16859 13.2964 3.62936 
3.19213 -1.22286 13.4174 3.55695 
3.2545 -1.50615 14.8783 3.58369 
2.8793 -1.38573 13.657 3.58369 
2.77481 -1.7893 15.243 3.96213 
2.77481 -1.65168 15.243 3.96213 
2.3531 -2.03709 15.5431 4.35828 
2.03893 -2.03709 14.2409 4.35828 
1.87763 -1.98202 14.3612 4.77214 
1.61315 -1.81932 13.1012 5.03126 
1.61315 -1.81932 13.1012 5.03126 
1.6619 -2.52658 15.4137 5.80111 
1.43535 -2.52658 14.1637 6.04675 
1.43535 -2.30935 14.1637 6.04675 
1.27102 -2.8163 16.2583 5.70084 
1.07928 -2.57055 14.9348 5.70084 
0.98153 -2.64949 15.1364 5.79269 
0.89967 -2.7286 15.3235 5.69412 
0.830383 -2.8023 15.5144 5.60983 
0.696119 -2.8023 14.1388 5.60983 
0.809876 -3.26353 15.3738 5.42999 
0.691214 -2.97549 15.5344 5.28551 
0.691214 -3.00343 15.5344 5.15715 
0.656398 -3.00343 15.687 5.15715 
0.386829 -3.57665 16.0916 5.05517 
0.297158 -3.57665 16.25 4.94594 
0.185389 -3.3265 16.3814 4.75282 
0.087957 -3.40316 16.4988 4.62907 
-0.034305 -3.14528 15.0242 4.59353 
-0.0510636 -2.82984 13.5119 4.67662 
-0.121153 -3.32726 15.3216 4.23683 
-0.121153 -3.32726 15.3216 4.23683 
-0.155429 -3.40708 15.5378 3.71956 
-0.155429 -3.40708 15.5378 3.58489 
-0.651161 -4.55903 18.946 3.90225 
-0.651161 -4.55903 18.946 3.90225 
-0.984985 -4.72357 18.6936 4.12485 
-0.958497 -4.2828 16.9205 4.14363 
-1.06909 -4.35853 16.7579 4.09834 
-1.06909 -4.35853 16.7579 4.09834 
-0.982534 -3.82126 13.3776 3.75066 
-1.03168 -3.95124 13.6318 3.90815 
-1.09072 -4.10361 13.8555 3.59199 
-1.10231 -4.10361 12.6057 3.59747 
-0.953967 -3.71516 12.664 3.55757 
-0.953967 -3.71516 12.664 3.55757 
-0.905335 -3.7614 11.3578 3.46585 
-0.995522 -4.67235 15.6768 3.42905 
-0.903704 -4.22781 12.8987 3.37344 
-0.813027 -3.78227 12.8987 3.29106 
-0.813027 -3.78227 12.8987 3.29106 
-0.886117 -4.67587 15.521 2.83315 
-0.886117 -4.67587 15.521 2.83315 
-0.868686 -4.5244 15.1057 2.79842 
-0.777742 -4.06737 13.6097 2.66423 
-0.849055 -4.34693 14.568 2.69763 
-0.849055 -4.34693 14.568 2.5491 
-0.707799 -3.79609 12.6942 2.54062 
-0.60319 -3.39599 11.3412 2.48434 
-0.285055 -2.44624 7.77704 2.11892 
0.0760774 -1.98972 5.52861 1.54861 
0.134884 -1.74735 3.45425 1.27175 
0.117558 -1.21105 4.10982 0.929329 
0.0917645 -1.21105 3.573 0.914059 
0.0917645 -1.21105 3.573 0.914059 
-0.0447192 -1.04903 3.54897 1.45093 
-0.024691 -1.07193 3.06824 1.35854 
-0.0881524 -1.3715 3.66276 1.46806 
-0.138298 -1.23262 3.75771 1.67825 
-0.138298 -1.23262 3.75771 1.67825 
-0.204198 -1.23262 3.75771 1.67981 
-0.204198 -1.37336 4.47563 1.67981 
-0.437911 -2.0613 7.091 2.76351 
-0.561704 -2.09999 7.74676 3.47188 
-0.540427 -1.90458 7.07671 3.47188 
-0.646285 -2.0396 8.07806 4.09724 
-0.604605 -1.8496 7.33413 3.87984 
-0.692899 -1.99036 8.25547 4.63968 
-0.576719 -1.80254 6.6829 4.38448 
-0.576719 -1.61067 6.6829 4.12318 
-0.581147 -1.61067 7.08522 5.82637 
-0.65669 -1.76902 8.00374 6.53466 
-0.666914 -1.76902 8.00374 6.53466 
-0.666914 -1.72696 8.03084 6.92512 
-0.856844 -1.72222 8.46696 7.80436 
-0.789912 -1.72222 8.46696 7.80436 
-0.828952 -1.41635 7.22217 7.85145 
-0.861963 -1.41635 7.22217 7.85145 
-0.77703 -1.2239 6.27265 7.50356 
-0.77703 -1.2239 6.50142 7.50356 
-0.856897 -1.14057 6.37813 9.86142 
-0.886 -1.14057 6.37813 10.0034 
-0.886 -1.10753 6.28266 10.0034 
-0.914638 -1.07925 6.16053 10.0896 
-1.096 -0.985425 5.2518 10.4018 
-1.096 -0.985425 4.57488 10.5534 
-1.22111 -0.985425 4.57488 10.5534 
-1.55837 -0.985425 3.92297 10.5534 
-1.65342 -0.985425 3.33064 11.5943 
-1.65342 -0.985425 3.33064 10.9978 
-2.03414 -0.850227 2.45351 13.1895 
-1.86971 -0.774014 1.9847 13.1895 
-2.1559 -0.741426 1.996 12.7023 
-2.1559 -0.705221 1.996 12.8646 
-2.41545 -0.559067 1.53436 13.8819 
-2.20918 -0.505809 1.16374 13.1816 
-2.20918 -0.505809 0.79281 12.4784 
-2.72339 -0.275358 0.451373 13.4333 
-2.00087 -0.222273 -0.346707 12.0032 
-2.0923 -0.1486 -0.55344 11.254 
-2.18515 -0.0799001 -0.774286 12.4727 
-2.36124 0.0233882 -1.0871 12.5833 
-2.36124 0.0233882 -1.0871 12.5833 
-2.44178 0.0622588 -1.0871 12.5833 
-2.87552 0.216317 -2.04571 13.6268 
-2.87552 0.216317 -2.09499 13.6268 
-3.02372 0.327537 -2.49389 12.7605 
-2.74162 0.291283 -2.86286 12.816 
-2.79909 0.340832 -3.20284 12.821 
-2.51702 0.310154 -3.15234 11.9311 
-2.92023 0.449312 -3.81429 14.8521 
-2.9784 0.493376 -4.06639 14.7869 
-2.9784 0.493376 -4.06639 14.7869 
-3.06936 0.526096 -4.30161 14.5653 
-3.06936 0.526096 -4.30161 14.5653 
-3.06936 0.564979 -4.5147 12.3661 
-3.06936 0.721511 -5.61787 12.2541 
-3.06936 0.668617 -5.61787 11.2556 
-2.17704 0.658184 -5.28639 10.3726 
-2.51273 0.728597 -5.4769 10.9084 
-2.51273 0.728597 -5.4769 10.9084 
-2.51273 0.728597 -5.4769 10.9084 
-2.58032 0.746583 -6.17404 11.2821 
-2.45437 0.699168 -5.35437 9.52593 
-2.68804 0.753895 -6.5877 10.8679 
-2.92586 0.808928 -6.13977 9.9526 
-2.86913 0.781642 -5.25938 8.2333 
-3.08986 0.781642 -6.48571 8.2333 
-3.2987 0.869544 -6.84359 8.2333 
-3.2987 0.869544 -6.84359 8.2333 
-3.49172 0.869544 -7.18978 8.2333 
-4.6891 1.17728 -9.1849 8.2333 
-4.30192 1.17728 -9.1849 9.64254 
-4.40631 1.03989 -8.90328 12.0577 
-4.56227 1.0466 -8.90328 12.0577 
-5.30277 1.18528 -10.8065 13.4887 
-5.30277 1.18528 -10.8065 13.4887 
-5.52864 1.19848 -11.5713 13.8165 
-5.02169 1.07751 -10.8602 11.6486 
-4.51408 0.970836 -10.1475 11.6486 
-5.19678 1.13712 -10.4724 11.8303 
-5.19678 1.13712 -10.4724 11.8303 
-5.93239 1.30784 -13.0902 14.5233 
-5.37707 1.17831 -12.2434 14.5233 
-6.11876 1.27998 -13.8399 14.8283 
-5.53401 1.15416 -12.9342 14.8283 
-5.66407 1.14439 -13.2731 13.7318 
-5.66407 1.14439 -13.5185 13.8562 
-5.72406 1.14992 -13.8319 13.9625 
-5.12805 1.05382 -12.8394 12.7181 
-5.86812 1.19143 -14.3704 3.39162 
-5.89793 1.20857 -14.7408 4.15885 
-5.90514 1.22007 -15.1368 5.19881 
-5.91038 1.23228 -14.2373 4.81986 
-5.96798 1.22125 -15.9496 7.18257 
-6.05182 1.20387 -16.4228 8.2344 
-6.05182 1.20387 -16.4228 8.2344 
-6.94993 1.25019 -18.7019 11.6959 
-4.98744 0.983996 -16.3399 10.1506 
-4.98744 1.00858 -15.3695 10.7974 
-5.27143 1.03217 -15.5523 11.7945 
-4.84755 1.04134 -15.7004 11.7945 
-4.84755 0.961548 -14.3631 10.7072 
-5.01313 0.960327 -14.4946 11.1493 
-5.39762 0.95752 -14.6031 11.5259 
-5.39762 0.915838 -14.8326 12.0024 
-6.42211 0.871746 -16.8039 14.1971 
-6.6145 0.794965 -17.0224 14.5612 
-5.4745 0.56237 -14.1995 12.0665 
-5.6476 0.540794 -14.4125 12.0665 
-5.6476 0.540794 -14.4125 13.8437 
-6.81104 0.528797 -14.7309 14.3322 
-6.16284 0.465639 -14.7309 14.3322 
-6.78866 0.458371 -16.8107 15.7259 
-6.11793 0.398028 -15.2109 14.1128 
-5.92 0.423611 -15.5848 13.1576 
-5.26601 0.387796 -15.9774 12.2977 
-4.87093 0.405219 -16.3918 11.5494 
-4.87093 0.405219 -16.3918 11.5494 
-1.92733 0.468071 -11.5897 11.0494 
-1.92733 0.439768 -11.5897 10.0509 
-1.66784 0.443587 -10.9573 9.4759 
-1.68143 0.440895 -11.6183 8.93138 
-1.68143 0.432719 -11.6183 8.49479 
-2.02528 0.414707 -14.9838 9.42456 
-1.80218 0.372203 -13.6416 8.36864 
-1.85971 0.341203 -13.6416 8.44561 
-1.97117 0.316937 -14.8026 8.54532 
-1.51971 0.257871 -12.2226 6.79669 
-1.59286 0.257871 -7.03005 6.79669 
-1.59286 0.22411 -7.03005 11.5934 
-2.09825 0.199077 -9.50989 12.6527 
-1.92664 0.199077 -8.24547 12.6527 
-2.03093 0.112625 -8.72505 11.2357 
-2.04097 0.0239841 -8.72505 11.2357 
-1.84436 0.0239841 -7.84129 9.995 
-1.44043 -0.0397394 -7.64034 8.91127 
-1.44043 -0.0430645 -7.64034 8.91127 
-1.24353 -0.0502136 -9.08199 7.22923 
-1.24353 -0.0417576 -9.08199 7.22923 
-1.24681 -0.0470148 -10.4219 7.7005 
-1.24681 -0.0436509 -10.4219 7.7005 
-1.24681 -0.0436509 -10.4219 7.7005 
-1.09174 -0.031217 -10.4219 6.8297 
-0.119894 -0.0626141 -4.93812 3.68956 
-0.278195 -0.079392 -5.41162 3.39681 
-0.278195 -0.0892505 -5.41162 3.39681 
-0.122608 -0.0892505 -7.25013 3.56035 
-0.00487902 -0.0646964 -7.39516 2.77506 
-0.2661 1.91163 -9.07724 3.59679 
-0.2661 1.91163 -9.07724 3.1473 
-0.114868 3.24056 -10.5965 3.79657 
-0.114868 3.70883 -10.5965 3.21116 
0.187026 4.09682 -11.8575 3.74065 
0.187026 4.3871 -11.8575 3.74065 
0.592717 4.64947 -11.409 2.9814 
0.894016 4.87243 -11.8269 2.85077 
1.17454 5.05768 -12.2126 2.72616 
1.19346 4.19317 -11.5871 2.16451 
1.15956 5.05105 -11.0334 1.9287 
1.21359 8.79372 -11.4025 1.98541 
1.21359 8.79372 -10.4409 1.68888 
1.21359 8.79372 -10.4409 1.68888 
1.46172 9.65349 -11.1571 2.03343 
1.46172 9.65349 -11.1571 2.03343 
0.984198 5.16205 -11.6821 1.64534 
1.23541 9.85537 -11.7642 1.40305 
1.23541 5.69205 -11.7642 1.40305 
1.07595 11.0269 -10.9898 0.881467 
1.07595 11.0269 -11.1009 0.648082 
1.17434 11.7355 -11.3147 0.612979 
1.01904 7.75109 -11.3147 0.53454 
1.28749 7.75109 -10.3088 0.53454 
1.43193 8.50288 -12.596 0.433216 
1.39752 12.9224 -11.5555 0.262783 
1.64617 9.22567 -11.4396 -0.0504651 
1.60998 12.6201 -11.3514 -0.280675 
1.60052 12.6201 -11.3514 -0.280675 
1.74109 11.2363 -11.2367 -0.62782 
1.8978 11.9005 -11.1729 -0.799538 
1.8978 12.31 -11.1729 -0.971725 
2.5675 12.1132 -11.9474 -1.30035 
2.5675 11.5975 -11.4929 -1.27714 
2.5675 11.5975 -11.4929 -1.27714 
2.3449 11.5975 -12.2309 -2.60204 
2.56623 10.7466 -13.0114 -3.34197 
2.56623 10.7466 -13.0114 -4.06963 
2.56623 10.7466 -13.0114 -4.06963 
3.28585 10.2301 -13.6508 -5.02596 
3.42254 10.0043 -13.8094 -5.02596 
3.98551 9.75031 -14.2197 -6.02792 
3.78243 9.53143 -14.5268 -5.97775 
3.78243 9.53143 -14.8394 -5.97775 
4.63666 9.0353 -15.0982 -6.59325 
4.49732 8.81688 -15.3211 -6.83696 
4.78117 8.58314 -15.5501 -6.66096 
5.39718 8.35092 -15.8852 -7.67244 
5.39718 8.11957 -16.0307 -7.99935 
5.66339 7.6809 -15.8216 -7.96188 
5.66339 7.6809 -15.8216 -7.96188 
5.66339 7.45675 -15.8216 -7.96188 
7.15335 7.21385 -16.2484 -9.01259 
7.0174 7.04923 -16.1587 -9.13219 
7.24991 6.88464 -16.0463 -9.21768 
7.44923 6.73618 -15.9046 -9.21768 
7.71599 6.59173 -15.3182 -9.64126 
7.71599 6.59173 -15.3182 -9.64126 
7.53307 6.19314 -13.7576 -9.49391 
6.52544 5.87707 -11.2727 -7.41385 
6.52544 5.87707 -11.2727 -7.41385 
7.0535 5.56369 -10.8839 -8.45482 
7.0535 5.41802 -10.8839 -8.45482 
7.11921 5.23716 -10.0957 -8.43699 
7.11921 5.23716 -10.0957 -8.43699 
5.83622 4.73677 -6.62253 -6.62092 
5.83622 4.73677 -6.62253 -6.62092 
6.12029 4.51932 -6.54492 -7.73313 
6.12029 4.07913 -6.54492 -7.73313 
5.55917 3.8571 -5.56237 -6.93946 
5.08606 3.8571 -5.56237 -6.93946 
5.69009 3.13659 -5.2518 -8.23793 
5.69009 2.91171 -4.68969 -7.36659 
5.40559 2.66608 -4.81853 -8.34545 
4.88941 2.44353 -4.30544 -7.43431 
4.73756 2.44353 -4.30544 -7.43431 
4.87486 1.96801 -4.09591 -8.82071 
4.36191 1.96801 -4.09591 -8.82071 
4.4964 1.52507 -3.67078 -9.1227 
3.52269 1.15627 -2.8221 -7.23042 
3.28604 0.82744 -2.37451 -7.87237 
3.28604 0.82744 -1.99155 -7.87237 
3.12351 0.561239 -2.12397 -8.33276 
2.74577 0.461968 -2.12397 -8.33276 
2.74577 0.461968 -1.82488 -7.40271 
2.96558 0.286083 -1.89917 -9 
2.96558 0.286083 -1.89917 -8.04123 
2.62477 0.228419 -1.66189 -8.04123 
2.80345 0.129257 -1.68241 -9.84485 
2.49064 0.0968972 -1.50445 -8.80848 
2.19203 0.0680294 -1.30671 -8.80848 
2.72932 0.0327587 -1.40223 -9.38703 
2.44304 0.0155444 -1.38134 -9.63893 
2.4325 -0.0140028 -1.42991 -9.81203 
2.42759 -0.0140028 -1.42991 -9.95675 
2.13993 -0.0346303 -1.29172 -10.329 
2.13993 -0.0346303 -1.29172 -9.25728 
1.88424 -0.0510905 -0.990236 -8.74194 
1.88557 -0.0604607 -0.898331 -8.74194 
1.66713 -0.0748298 -0.74782 -8.51165 
1.68464 -0.0748298 -0.74782 -8.51165 
1.68464 -0.0819497 -0.608698 -7.56251 
1.71213 -0.0819497 -0.649002 -9.39892 
1.96457 -0.0859222 -0.754232 -9.39892 
1.96457 -0.0859222 -0.754232 -11.1114 
2.19408 -0.0720823 -1.03357 -12.6819 
1.97538 -0.0611141 -1.05117 -12.6819 
1.94649 -0.0611141 -1.05117 -11.3522 
1.92405 -0.0390514 -1.02604 -11.5531 
1.90404 -0.0316178 -0.883834 -11.6837 
1.70384 -0.0291859 -0.883834 -10.4984 
1.69303 -0.0267523 -0.813454 -10.6778 
1.86661 -0.0224465 -0.742118 -10.8682 
1.85402 -0.0192646 -0.751989 -12.3168 
1.85402 -0.0192646 -0.751989 -12.3168 
1.81777 -0.0126897 -0.772433 -12.3146 
1.81777 -0.0126897 -0.772433 -12.3146 
1.68946 -0.00510645 -0.698241 -12.1491 
1.50815 -0.00963581 -0.528194 -10.9318 
1.14525 -0.0271521 -0.186613 -8.74365 
1.13807 -0.0330901 -0.0523262 -8.97395 
1.13576 -0.0388534 -0.0523262 -9.21289 
1.13576 -0.0433261 0.128168 -9.21289 
1.13504 -0.0461363 0.159381 -9.57502 
1.13732 -0.0461363 0.16559 -9.7126 
1.14234 -0.0469942 0.158156 -9.7126 
1.13403 -0.0469942 0.158156 -9.92039 
1.21172 -0.0342163 0.151418 -11.0152 
1.07993 -0.0355152 0.128382 -9.88454 
1.05847 -0.0308924 0.124725 -9.88395 
0.938705 -0.0332478 0.124725 -8.84681 
0.938705 -0.0332478 0.142478 -8.84681 
1.03452 -0.0128774 0.180853 -11.1858 
1.0081 -0.0139355 0.187093 -11.1858 
0.995923 -0.0139355 0.126373 -10.029 
1.08005 0.00185954 0.119615 -11.0599 
1.08005 -1.24688e-05 0.119615 -11.0599 
1.0026 0.00836584 0.115078 -9.80541 
0.895982 0.00836584 0.146723 -9.70985 
0.768052 0.00538215 0.218511 -7.76845 
0.749395 0.00591921 0.311506 -8.7904 
0.749395 0.00591921 0.311506 -8.7904 
0.749395 0.00549852 0.311506 -8.7904 
0.714534 -0.00256436 0.363025 -9.82552 
0.689843 0.00348348 0.371649 -8.83932 
0.689843 0.00348348 0.371649 -8.83932 
0.689843 0.00348348 0.371649 -8.83932 
0.756832 0.0206084 0.370348 -10.2278 
0.756832 0.0206084 0.370348 -10.2278 
0.641394 0.019192 0.302279 -8.94871 
0.591443 0.0210218 0.344572 -8.63578 
0.591443 0.0223849 0.344572 -8.63578 
0.524016 0.0223849 0.344572 -8.63578 
0.600935 0.0244101 0.416166 -8.44853 
0.600935 0.0244101 0.438499 -8.35837 
0.158414 -0.0166174 0.724154 -3.30061 
0.158414 -0.0166174 0.724154 -3.30061 
0.050861 -0.0272891 0.598357 -3.25305 
0.0919562 -0.0272891 0.598357 -3.25305 
0.105069 -0.0199808 0.584834 -3.55806 
0.0906053 -0.0193775 0.514478 -3.55806 
0.140568 -0.00568936 0.5125 -4.06532 
0.140568 0.00119521 0.464499 -4.27323 
0.177067 0.0144893 0.444586 -5.05913 
0.159668 0.0143563 0.347886 -4.56057 
0.107447 0.0217164 0.298819 -2.76533 
0.107447 0.0217164 0.298819 -2.76533 
0.101643 0.0268726 0.316494 -3.10252 
0.101643 0.0268726 0.316494 -3.10252 
0.0891377 0.0226385 0.282656 -2.95047 
0.0972948 0.0315082 0.324087 -3.56627 
0.0863199 0.027333 0.277052 -3.21725 
0.0955409 0.031355 0.309483 -3.79354 
0.0842149 0.031355 0.309483 -3.41524 
0.0936689 0.0393766 0.29256 -3.97057 
0.0829601 0.0355181 0.245856 -3.57595 
0.0821383 0.0355181 0.24706 -3.64349 
0.0713543 0.0387334 0.255147 -3.59456 
0.0594007 0.0446213 0.305485 -3.87712 
0.0442235 0.0352905 0.271361 -3.48557 
0.0442235 0.0352905 0.244437 -3.11071 
0.0350888 0.0409146 0.269359 -3.09842 
0.0350888 0.0409146 0.269359 -3.09842 
0.0201384 0.0461872 0.35108 -3.41219 
0.0154952 0.0404817 0.357844 -3.38297 
0.00490727 0.0388757 0.322752 -3.02377 
0.00490727 0.0388757 0.373765 -3.34254 
-0.00727708 0.0373972 0.341882 -3.0007 
-0.0182246 0.0362138 0.38948 -3.10565 
-0.0284633 0.0350604 0.396688 -2.9966 
-0.0377614 0.033932 0.402815 -2.79962 
-0.0377614 0.0328615 0.409093 -2.79962 
-0.0400154 0.0238346 0.353925 -2.2276 
-0.0552681 0.0284225 0.336639 -1.9833 
-0.0498266 0.0250942 0.39933 -2.19609 
-0.0693473 0.0300019 0.459172 -2.38765 
-0.0645188 0.0256804 0.416835 -2.14021 
-0.0590503 0.0256804 0.376368 -1.90297 
-0.0590503 0.0243976 0.376368 -1.94234 
-0.080849 0.0205108 0.382164 -1.66574 
-0.0869438 0.0205609 0.387102 -1.60856 
-0.0782078 0.0178998 0.358955 -1.43743 
-0.0894422 0.019726 0.374174 -1.37986 
-0.0894422 0.020378 0.37889 -1.35798 
-0.0894422 0.0207192 0.37889 -1.21384 
-0.0948224 0.0239251 0.385149 -1.32814 
-0.118701 0.0205229 0.385243 -1.31516 
-0.0972921 0.0173855 0.385243 -1.17664 
-0.124849 0.0196152 0.37096 -1.10211 
-0.101449 0.0149519 0.309925 -0.87949 
-0.0897442 0.0133881 0.283793 -0.78398 
-0.111162 0.0167957 0.289454 -0.754958 
-0.115829 0.017626 0.32393 -0.786809 
-0.120353 0.017626 0.326016 -0.786809 
-0.124658 0.01778 0.325519 -0.735272 
-0.124658 0.01778 0.325519 -0.735272 
-0.128652 0.0175355 0.323847 -0.711015 
-0.151254 0.0178322 0.337925 -0.641589 
-0.137328 0.0151613 0.307414 -0.571881 
-0.139161 0.0143923 0.301624 -0.517868 
-0.142157 0.013876 0.295317 -0.429678 
-0.127443 0.0112431 0.270212 -0.342662 
-0.695813 1.42108 0.222696 -0.305859 
-0.695813 1.42108 0.221355 -0.242762 
-1.74792 2.49114 0.220187 -0.221534 
-1.74792 2.49114 0.220187 -0.221534 
-1.74792 2.49114 0.220187 -0.221534 
-1.74792 2.49114 0.220187 -0.221534 
-2.59635 3.14081 0.217139 -0.15009 
-2.84093 3.71871 0.189992 -0.143592 
-2.84093 3.71871 0.189992 -0.143592 
-2.84093 3.98198 0.189992 -0.143592 
-3.34345 4.22893 0.203986 -0.0723999 
-3.54314 4.22893 0.178712 -0.0779916 
-3.75275 4.66396 0.186744 -0.0510786 
-3.75275 4.66396 0.186744 -0.0510786 
-4.06218 5.02275 0.161605 -0.0510786 
-4.18926 5.17419 0.161605 -0.0510786 
-4.48459 5.51899 0.0955487 -0.0236071 
-4.55826 5.59798 0.0762607 -0.0353212 
-4.60489 5.65865 0.0682732 -0.0252294 
-4.63464 5.70193 0.0609028 -0.0159318 
-4.65773 5.72858 0.0644424 0.0158892 
-4.64572 5.72858 0.0644424 0.0158892 
-4.63807 5.73164 0.0415503 0.00719085 
-4.59682 5.70904 0.0357934 0.0146253 
-4.55815 5.67214 0.0374207 0.0363186 
-4.49087 5.62003 0.0222375 0.0194631 
-4.41612 5.55436 0.0121021 0.0120153 
-4.23128 5.38395 -0.0115107 0.00566855 
-4.23128 5.38395 -0.0115107 -0.00828773 
-4.12717 5.28086 -0.0246428 -0.0207094 
-4.12717 5.28086 -0.0246428 -0.0207094 
-3.89969 5.04246 -0.029134 -0.00709639 
-3.77377 4.90843 -0.0344969 -0.00873986 
-3.6422 4.76562 -0.0389826 -0.00986061 
-3.50573 4.61474 -0.0426965 -0.0103271 
-3.36153 4.61474 -0.0426965 -0.0103271 
-3.21089 4.45657 -0.0559695 -0.0613514 
-3.05788 4.1215 -0.06353 -0.090696 
-3.05788 4.1215 -0.06353 -0.090696 
-2.74509 3.76687 -0.0783598 -0.163728 
-2.59209 3.58386 -0.0843843 -0.155776 
-2.59209 3.58386 -0.0843843 -0.146349 
-2.2822 3.21115 -0.0923151 -0.187998 
-2.12916 3.02272 -0.0944865 -0.201506 
-1.97811 2.83383 -0.0959437 -0.212486 
-1.83473 2.6451 -0.0931934 -0.194431 
-1.56814 2.27058 -0.0921034 -0.177904 
-1.43051 2.08613 -0.0758623 -0.0874119 
-1.43051 2.08613 -0.059425 -0.0476153 
-1.30494 1.90431 -0.059425 -0.0476153 
-1.18293 1.72559 -0.0472293 -0.0107907 
-1.07399 1.55134 -0.0284451 0.0554958 
-1.07399 1.55134 -0.0284451 0.0554958 
-0.873144 1.2409 -0.00597681 0.109575 
-0.774923 1.11062 0.00369106 0.132122 
-0.774923 1.11062 0.00369106 0.132122 
