0 0 0 0 
1.23693 6.03174 -0.042262 5.86476 
1.2363 6.02913 -0.0432748 5.86162 
1.23569 6.02632 -0.0439799 5.85867 
1.23569 6.02632 -0.0439799 5.85867 
3.07311 11.361 1.43176 11.8285 
3.05191 10.8059 1.33746 11.3762 
3.01954 10.6659 1.22599 11.3595 
3.00993 10.4784 1.14474 11.2793 
3.00993 10.4784 1.14474 11.2793 
3.02675 10.2576 1.08418 11.1666 
3.04282 9.79028 0.989091 11.0371 
3.06012 9.53716 0.946117 10.7344 
3.08767 9.14201 0.915487 10.4311 
3.08767 9.14201 0.915487 10.4311 
3.11937 8.89914 0.836508 10.2773 
3.1346 8.39928 0.799552 9.94526 
3.14747 8.1482 0.762359 9.77241 
3.15675 7.89803 0.724698 9.59634 
3.16076 7.89803 0.724698 9.59634 
3.16626 7.64249 0.684324 9.41044 
3.16738 7.40565 0.649389 9.23729 
3.16222 6.91983 0.573745 8.86406 
3.171 6.57059 0.551605 8.5632 
3.15685 6.35676 0.506584 8.3807 
3.15685 6.35676 0.506584 8.3807 
3.06446 6.1466 0.468086 8.20274 
2.98358 5.88241 0.378944 7.86037 
2.90046 5.76467 0.328577 7.69224 
2.81813 5.64609 0.275862 7.52769 
2.81813 5.64609 0.275862 7.52769 
2.65564 5.51745 0.219597 7.35491 
2.57044 5.28951 0.116911 7.03361 
2.51997 5.17913 0.098688 6.87324 
2.43362 5.07912 0.0469544 6.71979 
2.34766 4.97998 -0.00732484 6.55144 
2.34766 4.97998 -0.00732484 6.55144 
2.18231 4.78643 -0.0932261 6.25619 
2.10466 4.6949 -0.130221 6.10233 
2.02863 4.60478 -0.166169 5.95006 
1.95312 4.51904 -0.200593 5.78718 
1.95312 4.51904 -0.200593 5.78718 
1.87252 4.35274 -0.238944 5.50267 
1.75775 4.36444 -0.263533 5.44536 
1.67994 4.30162 -0.295852 5.31323 
1.59892 4.24833 -0.330722 5.18891 
1.51592 4.20217 -0.36939 5.05232 
1.51592 4.20217 -0.36939 5.05232 
1.42664 4.13257 -0.43058 4.83771 
1.26002 4.10615 -0.454733 4.71945 
1.17464 4.08448 -0.478153 4.60299 
1.08985 4.06715 -0.500353 4.49021 
1.00191 4.03812 -0.525877 4.36522 
1.00191 4.03812 -0.525877 4.36522 
0.914383 4.16211 -0.516854 4.24557 
0.807695 4.15862 -0.532546 4.19722 
0.72617 4.16573 -0.551968 4.11115 
0.644949 4.17719 -0.570486 4.02794 
0.558196 4.17778 -0.591389 3.92877 
0.558196 4.17778 -0.591389 3.92877 
0.394085 4.20459 -0.6141 3.85143 
0.310573 4.29016 -0.623223 3.71699 
0.222116 4.3154 -0.635888 3.6275 
0.185076 4.50284 -0.595918 3.70022 
0.185076 4.50284 -0.595918 3.70022 
0.0198163 4.52785 -0.614812 3.61304 
-0.0619504 4.65708 -0.625342 3.52626 
-0.142736 4.71507 -0.634801 3.47882 
-0.221654 4.7752 -0.647727 3.41448 
-0.221654 4.7752 -0.647727 3.41448 
-0.374549 4.81829 -0.656222 3.37412 
-0.446303 4.96607 -0.663572 3.31821 
-0.519889 5.01235 -0.67237 3.26694 
-0.549378 5.19579 -0.636909 3.35512 
-0.549378 5.19579 -0.636909 3.35512 
-0.615314 5.23603 -0.643102 3.30584 
-0.735946 5.38702 -0.646377 3.30733 
-0.792858 5.45077 -0.657545 3.27836 
-0.846147 5.5134 -0.662295 3.26972 
-0.896014 5.57463 -0.666338 3.26299 
-0.896014 5.57463 -0.666338 3.26299 
-0.986492 5.6142 -0.672975 3.23776 
-1.02796 5.72939 -0.674523 3.23343 
-1.0379 5.86946 -0.645584 3.31746 
-1.06849 5.91868 -0.642465 3.31702 
-1.06849 5.91868 -0.642465 3.31702 
-1.12563 5.947 -0.645848 3.30163 
-1.14702 6.06275 -0.639033 3.33863 
-1.16563 6.10434 -0.63562 3.3493 
-1.18052 6.14402 -0.63189 3.36112 
-1.19479 6.15903 -0.631106 3.35366 
-1.20335 6.15903 -0.631106 3.35366 
-1.20769 6.22654 -0.62677 3.38732 
-1.19503 6.30552 -0.599367 3.45387 
-1.19109 6.32902 -0.591103 3.471 
-1.18873 6.32927 -0.588755 3.47152 
-1.18145 6.32927 -0.588755 3.47152 
-1.16693 6.39243 -0.5832 3.54225 
-1.15102 6.40543 -0.563893 3.56714 
-1.13289 6.41734 -0.556702 3.59501 
-1.11497 6.40375 -0.553058 3.6038 
-1.09223 6.40375 -0.553058 3.6038 
-1.06549 6.41711 -0.546254 3.66807 
-1.034 6.45162 -0.526255 3.73233 
-1.00043 6.44956 -0.516135 3.76531 
-0.965762 6.44713 -0.507679 3.80138 
-0.932015 6.41527 -0.503366 3.85843 
-0.932015 6.41527 -0.503366 3.85843 
-0.849126 6.42988 -0.481872 3.91935 
-0.804678 6.41814 -0.471882 3.95885 
-0.759377 6.40582 -0.463037 4.0014 
-0.712282 6.39233 -0.454498 4.04504 
-0.62069 6.31739 -0.446308 4.09519 
-0.62069 6.31739 -0.446308 4.09519 
-0.572578 6.34534 -0.439003 4.18276 
-0.519922 6.30114 -0.431551 4.20625 
-0.519922 6.28329 -0.431551 4.25481 
-0.404494 6.28569 -0.405776 4.32428 
-0.346003 6.26312 -0.394379 4.37246 
-0.287676 6.24176 -0.384325 4.42282 
-0.228554 6.21943 -0.379363 4.45363 
-0.228554 6.1751 -0.379363 4.5071 
-0.114065 6.15428 -0.360474 4.55963 
-0.066575 6.14861 -0.36382 4.62865 
-0.00804457 6.10237 -0.356569 4.65987 
0.0544896 6.10237 -0.356569 4.65987 
0.123678 6.07787 -0.344838 4.7869 
0.187994 6.05359 -0.313441 4.83971 
0.250891 6.03079 -0.301924 4.89418 
0.313434 6.00868 -0.290753 4.9487 
0.369477 5.94659 -0.286231 5.04133 
0.430376 5.94659 -0.286231 5.04133 
0.491435 5.92644 -0.265932 5.09667 
0.535351 5.92324 -0.272918 5.17058 
0.652847 5.88335 -0.266363 5.2042 
0.652847 5.88335 -0.266363 5.2042 
0.722701 5.86485 -0.253384 5.33247 
0.783455 5.84486 -0.218995 5.38516 
0.84251 5.82824 -0.20721 5.43946 
0.900236 5.81264 -0.203682 5.47525 
0.947946 5.81264 -0.203682 5.47525 
1.01077 5.78623 -0.193552 5.60323 
1.05633 5.7559 -0.17172 5.63733 
1.05633 5.72909 -0.170105 5.67359 
1.09941 5.74562 -0.171791 5.76024 
1.2002 5.73192 -0.157249 5.80808 
1.2524 5.72127 -0.144482 5.85803 
1.29038 5.69989 -0.141853 5.89078 
1.29038 5.69989 -0.141853 5.89078 
1.39883 5.70036 -0.108604 6.0058 
1.44434 5.69514 -0.0975817 6.05232 
1.48737 5.69155 -0.0878409 6.09935 
1.51588 5.6642 -0.0893091 6.15901 
1.5426 5.6642 -0.0893091 6.15901 
1.58127 5.66671 -0.0911932 6.22316 
1.62305 5.66299 -0.0893028 6.24742 
1.62305 5.66299 -0.0893028 6.24742 
1.64513 5.66104 -0.0525747 6.3435 
1.70116 5.66259 -0.0412976 6.38135 
1.76934 5.66503 -0.0314482 6.41946 
1.80044 5.6682 -0.0224571 6.45697 
1.81135 5.66687 -0.0260811 6.47807 
1.84606 5.67373 -0.0220797 6.53238 
1.84606 5.67373 -0.0220797 6.53238 
1.8318 5.66036 -0.0522776 6.53238 
1.90971 5.65689 -0.0100116 6.59707 
1.93401 5.66322 0.00148147 6.62367 
1.95775 5.66785 0.0114142 6.65097 
1.97934 5.6734 0.00570155 6.66387 
1.97437 5.6734 0.00570155 6.66387 
2.01711 5.68726 0.0363552 6.72515 
2.03064 5.69726 0.0426508 6.7473 
2.00569 5.72307 0.0238395 6.76346 
2.00569 5.72307 0.0238395 6.76346 
2.00569 5.72307 0.0238395 6.76346 
2.05524 5.68257 0.00662632 6.75418 
2.0668 5.67996 0.0426028 6.79198 
2.07779 5.68513 0.049906 6.80451 
2.08676 5.69088 0.0561221 6.81569 
2.06027 5.71322 0.0438573 6.81592 
2.06673 5.71322 0.0438573 6.81592 
2.10241 5.71905 0.0494512 6.82481 
2.03505 5.76409 0.0430202 6.83492 
2.03505 5.76409 0.0430202 6.83492 
2.07581 5.66283 0.0445496 6.80019 
2.07541 5.67157 0.0496422 6.80221 
2.07541 5.67157 0.0496422 6.80221 
2.08336 5.70341 0.0349773 6.79444 
2.07954 5.67809 0.0625239 6.79667 
2.0757 5.68309 0.0693919 6.79367 
2.06991 5.68826 0.0710449 6.78992 
2.01863 5.72453 0.0514369 6.77837 
1.95841 5.8023 0.0164313 6.75733 
1.90641 5.69431 -0.00184038 6.66311 
1.89869 5.69595 0.00445768 6.65063 
1.89611 5.69238 0.0122431 6.63442 
1.89224 5.68884 0.0193383 6.61738 
1.89224 5.68884 0.0193383 6.61738 
1.8839 5.67821 0.0319293 6.59651 
1.86972 5.68423 0.0349637 6.56538 
1.85762 5.68464 0.0370003 6.54807 
1.84418 5.68475 0.0379584 6.5304 
1.63723 5.78039 -0.0286163 6.45883 
1.64559 5.82632 -0.0424449 6.36118 
1.63651 5.68108 -0.0371567 6.33859 
1.63153 5.66768 -0.0298447 6.31223 
1.62631 5.65395 -0.0233984 6.28618 
1.62631 5.65395 -0.0233984 6.28618 
1.54841 5.71343 -0.0446353 6.23268 
1.60093 5.62209 -0.00952588 6.20897 
1.58799 5.61354 -0.00826686 6.18502 
1.57387 5.60483 -0.00821219 6.16126 
1.40648 5.72716 -0.0611182 6.11091 
1.32586 5.59984 -0.0845096 6.08355 
1.34234 5.58607 -0.0929129 5.93965 
1.34081 5.56246 -0.0860822 5.91072 
1.2517 5.63637 -0.108809 5.88464 
1.2517 5.63637 -0.108809 5.88464 
1.34213 5.48238 -0.100661 5.82242 
1.32724 5.47585 -0.0646358 5.79842 
1.31896 5.45832 -0.0634988 5.77411 
1.30995 5.44157 -0.063525 5.75093 
1.11955 5.6772 -0.120321 5.71091 
1.02864 5.45764 -0.153734 5.68868 
1.07496 5.43722 -0.150638 5.55015 
1.08066 5.40466 -0.143863 5.52462 
0.980091 5.50086 -0.167693 5.50626 
0.980091 5.45471 -0.167693 5.50626 
0.996155 5.29511 -0.158852 5.47948 
1.09781 5.2848 -0.120474 5.43132 
1.09762 5.26099 -0.118308 5.41343 
1.09671 5.23832 -0.116965 5.39668 
0.785571 5.54932 -0.197158 5.3655 
0.867912 5.31415 -0.198726 5.27441 
0.873143 5.28792 -0.224437 5.26982 
0.873143 5.41451 -0.224437 5.26982 
0.761279 5.18699 -0.213814 5.24955 
0.922966 5.16793 -0.16897 5.20903 
0.935382 5.13434 -0.163535 5.19649 
0.819556 5.26771 -0.188362 5.19553 
0.819556 5.26771 -0.188362 5.19553 
0.843653 5.02664 -0.180564 5.16361 
0.737052 5.31846 -0.197244 5.17144 
0.737052 5.31846 -0.197244 5.17144 
0.737052 5.31846 -0.197244 5.17144 
1.03554 4.76899 -0.161338 5.05771 
1.02861 4.7681 -0.165376 5.06513 
1.05047 4.7263 -0.162874 5.06473 
0.921104 4.89317 -0.187012 5.07715 
0.921104 4.89317 -0.187012 5.07715 
1.1225 4.83733 -0.149628 5.07635 
1.11653 4.60918 -0.149832 5.07808 
0.84795 4.97217 -0.19691 5.11684 
0.720888 4.85421 -0.215775 5.13385 
0.881864 4.83241 -0.210881 5.09209 
0.910433 4.79331 -0.204994 5.10018 
0.941126 4.75259 -0.198046 5.10911 
0.941126 4.75259 -0.198046 5.10911 
0.793314 4.97001 -0.212785 5.13189 
1.02205 4.65755 -0.174196 5.14244 
1.04207 4.63748 -0.166751 5.15722 
1.06327 4.61846 -0.158747 5.17294 
0.623213 5.29121 -0.191395 5.25468 
0.623213 5.29121 -0.191395 5.25468 
0.880835 5.50959 -0.168865 5.23043 
0.880274 4.88429 -0.167452 5.25131 
0.918973 4.83584 -0.160325 5.26759 
0.962824 4.78429 -0.151961 5.28481 
0.799611 5.04314 -0.156832 5.31483 
0.799611 5.04314 -0.156832 5.31483 
1.09647 4.97121 -0.12192 5.33837 
1.10282 4.64179 -0.114616 5.36134 
0.778905 5.16595 -0.118786 5.42514 
0.778905 5.16595 -0.118786 5.42514 
1.01579 4.73077 -0.111578 5.36071 
1.01579 4.73077 -0.111578 5.36071 
1.31226 4.70486 -0.116295 5.4102 
1.33033 4.28476 -0.113219 5.43848 
1.3693 4.2424 -0.108817 5.46782 
1.40067 4.21559 -0.103431 5.50514 
1.40067 4.21559 -0.103431 5.50514 
1.18088 4.57273 -0.09962 5.55874 
1.02773 4.8836 -0.0811467 5.63952 
1.02773 4.8836 -0.0811467 5.63952 
1.03894 4.8836 -0.0717647 5.67569 
1.57534 4.00318 -0.0493731 5.69238 
1.55564 4.03815 -0.0588891 5.73362 
1.55888 4.03948 -0.0642866 5.76971 
1.3397 4.46995 -0.0527076 5.80526 
1.3397 4.46995 -0.0543567 5.84225 
1.62868 3.98124 -0.0715426 5.88066 
1.5958 4.04253 -0.0719774 5.91934 
0.918358 5.20253 -0.00245683 6.02421 
1.19737 4.70339 0.0636501 6.02618 
0.927191 5.14553 0.0851211 6.05802 
0.927191 5.14553 0.0851211 6.05802 
0.996364 4.50866 0.0168242 6.09247 
1.31608 4.5045 0.00987266 6.16139 
1.35099 4.45826 0.00670542 6.19161 
1.3867 4.87591 0.048012 6.21057 
1.3867 4.87591 0.048012 6.21057 
1.15784 4.29377 0.00157425 6.24242 
0.948739 5.18371 0.0974995 6.3082 
0.948739 5.18371 0.0974995 6.3082 
1.5791 4.06593 0.0823551 6.29305 
1.5791 4.06593 0.0823551 6.29305 
1.23271 4.01678 0.0378741 6.30593 
1.57535 4.03348 0.0289818 6.39969 
1.54973 4.06178 0.017352 6.43054 
1.52352 4.09362 0.0087033 6.46176 
1.50346 4.12205 0.0748409 6.46721 
1.50346 4.12205 0.0748409 6.46721 
0.967231 5.06733 0.147354 6.53436 
0.967231 5.06733 0.147354 6.53436 
1.70413 3.9454 0.0733506 6.63937 
1.32878 4.5614 0.162511 6.61814 
1.32878 4.47355 0.13756 6.61814 
1.37402 3.87215 0.0134183 6.72707 
1.63774 3.94823 0.00897282 6.74137 
1.58624 4.00615 0.00230963 6.7621 
1.22981 4.60879 0.106798 6.73693 
1.22981 4.53696 0.10294 6.73693 
0.976754 5.06103 0.223422 6.75352 
0.976754 5.06103 0.223422 6.75352 
1.12847 5.06103 0.223422 6.75352 
1.7619 4.92033 0.331854 6.72233 
1.66331 3.83606 0.00747539 6.86632 
1.59457 3.89182 -0.00949262 6.88475 
1.53452 3.94928 -0.0204655 6.90188 
1.53452 3.94928 -0.0204655 6.90188 
1.5289 4.59016 0.12405 6.84667 
1.46783 4.00552 -0.0150118 6.95067 
0.796819 5.19326 0.306296 6.82216 
0.796819 5.19326 0.306296 6.82216 
0.796819 5.19326 0.306296 6.82216 
1.53014 4.38749 0.24307 6.76435 
1.43989 3.93801 0.00623082 6.8895 
1.38391 3.97283 -0.00393996 6.90607 
1.32197 4.02807 -0.00784166 6.91733 
1.32197 4.02807 -0.00784166 6.91733 
1.26281 4.69568 0.190636 6.8219 
1.17187 4.16259 0.00863562 6.95088 
0.796551 5.41746 0.427795 6.73329 
0.470989 5.41746 0.427795 6.73329 
1.34807 4.14649 0.137489 6.97654 
1.15124 4.33975 0.366367 6.83052 
1.15124 5.0058 0.366367 6.83052 
0.75124 4.37099 0.0314467 7.0386 
1.01724 4.48705 0.0351893 7.02409 
0.80299 4.56247 0.040319 7.02295 
0.726741 4.63415 0.0547818 7.01689 
0.348114 5.31369 0.322228 6.86515 
-0.430768 6.5841 0.7977 6.58924 
-0.782515 6.30411 0.938371 6.46635 
-0.782515 6.30411 0.938371 6.46635 
-0.281419 5.8285 0.55561 6.65642 
-0.463621 5.92546 0.493546 6.65898 
-0.574687 5.94765 0.430747 6.68078 
-0.67468 5.96781 0.380488 6.69816 
-0.67468 5.96781 0.380488 6.69816 
-1.02971 5.96186 0.282308 6.7386 
-0.970564 6.03877 0.28263 6.70197 
-1.60606 6.6439 0.575453 6.34086 
-1.60606 7.16715 0.83633 6.34086 
-0.897744 5.65427 0.410757 6.42992 
-1.35079 6.37072 0.712834 6.20133 
-1.35079 6.37072 0.712834 6.25024 
-1.46863 5.9322 0.23435 6.48648 
-1.5816 6.03735 0.235434 6.44802 
-1.69395 6.11002 0.233711 6.43828 
-1.9735 6.67103 0.581357 6.2081 
-1.9735 6.67103 0.581357 6.2081 
-2.41964 6.71673 0.551864 6.21069 
-2.41964 6.71673 0.551864 6.21069 
-1.49737 6.10704 0.150924 6.44388 
-1.79959 6.36947 0.186801 6.37584 
-1.97033 6.50989 0.196046 6.36466 
-1.97033 6.50989 0.196046 6.36466 
-2.23705 7.00899 0.584193 6.10203 
-2.40344 6.71378 0.182818 6.32431 
-2.53679 6.9897 0.287154 6.28821 
-2.66103 7.09079 0.335345 6.24692 
-2.99387 8.00022 1.1427 5.69347 
-2.99387 8.00022 1.1427 5.69347 
-2.99387 8.39959 1.4836 5.69347 
-2.54455 7.05592 0.180042 6.11226 
-2.89574 7.39345 0.280799 5.97547 
-3.10639 7.59198 0.316701 5.95133 
-3.2859 7.76663 0.356476 5.93116 
-3.2859 7.76663 0.356476 5.93116 
-3.37166 8.10002 0.40166 5.92356 
-3.6323 8.25409 0.48624 5.83752 
-3.86581 8.59989 0.943444 5.49618 
-3.18353 8.08792 0.773589 5.26704 
-3.18353 8.25776 0.773589 5.22627 
-3.39102 8.46252 0.444535 5.49183 
-4.18475 8.75755 0.526522 5.4128 
-4.45271 9.04704 0.585327 5.38285 
-4.70953 9.32308 0.644879 5.35328 
-4.65438 9.53274 1.09135 5.00703 
-4.65438 9.78801 1.09594 5.01445 
-4.92277 10.0407 0.739669 5.28245 
-5.33183 10.1494 1.20674 4.88121 
-5.2456 10.1494 1.20674 4.88121 
-5.10027 10.112 1.58103 5.23753 
-5.52437 10.5643 0.789513 5.1218 
-5.85872 10.9498 0.851415 5.10479 
-6.1766 11.3165 0.905621 5.09731 
-5.92953 11.2745 1.30898 4.75735 
-6.29412 11.6564 1.30898 4.78061 
-7.1353 12.3322 0.994544 5.07339 
-7.30851 12.5112 1.0764 4.98505 
-6.68489 12.3365 1.79745 4.62563 
-6.68489 12.3365 1.79745 4.32009 
-6.97212 12.4242 0.796602 4.78073 
-7.36525 12.9355 0.973318 4.63644 
-7.36525 12.9355 0.973318 4.63644 
-6.8767 12.574 1.10704 4.2838 
-8.41995 14.3152 1.21036 4.50972 
-8.70243 14.6788 1.29077 4.45592 
-8.9817 15.0347 1.35741 4.40062 
-8.39921 14.508 1.68076 4.03462 
-8.13394 14.8843 1.95994 3.64915 
-8.13394 14.2692 1.95994 3.64915 
-8.82067 15.1416 0.920105 3.90185 
-9.14049 15.7227 1.15306 3.75936 
-9.14049 15.7227 1.44481 3.75936 
-8.35749 14.9071 1.37476 3.63525 
-10.1932 17.4494 1.49758 3.53088 
-10.4539 17.8972 1.58389 3.44587 
-10.7362 18.3326 1.6102 3.35546 
-10.7362 18.3326 1.6102 3.35546 
-9.87395 17.7914 1.60459 2.93237 
-9.8755 18.9114 1.09332 3.37338 
-9.95943 18.9884 1.08501 3.26244 
-8.98612 17.7214 1.21765 2.9458 
-8.98612 17.7214 1.19119 2.9458 
-10.6412 19.9157 1.06641 3.01517 
-10.5472 19.861 1.06306 2.90287 
-10.6232 19.9368 1.03752 2.81058 
-10.7081 18.4468 1.08158 2.49505 
-10.7081 18.4468 1.08158 2.49505 
-9.85179 18.5993 0.909548 2.32309 
-10.2128 19.6766 0.331866 2.34402 
-8.97048 17.8432 0.413663 2.01418 
-8.97048 17.8533 0.413663 1.96793 
-9.10467 20.204 0.252622 2.05315 
-9.9221 20.1575 0.205543 1.92603 
-9.8514 20.2179 0.112076 1.82325 
-9.78768 20.3213 -0.012188 1.54039 
-9.78768 20.3213 -0.012188 1.54039 
-8.60283 20.5455 -0.292534 1.53641 
-8.44582 18.2301 -0.440456 1.23638 
-9.81256 20.4808 -0.802354 1.00428 
-9.49918 20.1238 -0.9885 0.725803 
-9.49918 17.8671 -0.9885 0.725803 
-8.24374 20.8894 -0.955976 0.623162 
-9.05306 20.8099 -0.962663 0.487532 
-8.90183 20.8175 -1.01788 0.363557 
-8.76757 20.88 -1.10538 0.243465 
-8.76757 20.88 -1.10538 0.243465 
-7.50927 21.0327 -1.20862 0.0489659 
-7.27776 18.1356 -1.45293 -0.177774 
-9.00358 21.5064 -1.23579 -0.0758725 
-7.52286 18.4608 -1.46132 -0.280726 
-7.52286 18.4608 -1.46132 -0.319334 
-7.53362 21.5579 -0.546301 -0.371169 
-8.03621 21.4659 -0.314791 -0.449572 
-7.89859 21.3911 -0.193246 -0.512038 
-7.77885 21.3509 -0.166079 -0.519225 
-7.77885 21.3509 -0.166079 -0.519225 
-6.57146 21.2795 -0.118267 -0.487821 
-6.38605 17.7048 -0.718734 -0.481472 
-8.31114 21.0285 -0.687106 -0.892854 
-6.88341 17.2586 -1.1027 -0.784213 
-6.88341 17.2586 -1.1027 -0.784213 
-6.91019 20.908 0.0439957 -0.815196 
-7.46015 20.5734 0.146307 -0.693671 
-7.36641 20.428 0.080603 -0.506059 
-7.27737 20.3105 -0.0348222 -0.358281 
-7.27737 20.3105 -0.0348222 -0.358281 
-6.09458 20.1189 0.00468885 -0.178273 
-5.94651 15.8921 -0.847542 -0.302267 
-6.74123 16.2099 -1.1695 -0.898468 
-6.74123 16.2099 -1.1695 -0.841865 
-6.28168 15.6726 -1.00083 -0.819454 
-3.94832 10.423 -0.453767 -0.538213 
-2.05986 5.59546 -0.667671 -0.325115 
-2.05986 5.59546 -0.667671 -0.325115 
-1.1766 2.15478 -1.31443 -0.349333 
3.50396 -7.88332 -0.531784 -0.346665 
4.17643 -8.79424 -0.189033 -0.267083 
2.93963 -6.8067 -0.619651 -0.0713991 
-5.03717 -6.49618 -0.229852 0.0932394 
-5.03717 -6.49618 -0.229852 -0.0545874 
-2.1481 -6.58276 0.169366 -0.329515 
-2.05795 -2.24649 1.61897 -0.306774 
-1.62198 0.179363 1.68689 -0.133286 
-0.906921 1.24789 1.58953 0.0578972 
0.229851 -0.671766 0.470914 0.44127 
0.229851 -0.671766 0.470914 0.272307 
0.647872 3.06907 1.61048 -0.174941 
1.52163 0.461023 0.402813 0.19402 
-2.66196 4.78536 1.63734 1.1187 
-1.09047 4.78536 1.63734 1.1187 
-0.300358 0.944687 0.486501 0.119658 
0.815084 -0.591702 1.42901 0.0354843 
1.43413 -1.79625 0.843864 0.093077 
1.65298 -2.07932 -0.373927 1.78249 
1.66799 -2.55607 -1.98458 2.84061 
1.66799 -2.55607 -1.98458 2.84061 
1.62041 -0.479962 -2.02906 2.71887 
1.62041 -1.08242 -2.15131 3.1324 
1.852 -0.133657 -1.12469 2.28331 
1.97898 -0.210533 -1.25238 2.50845 
2.18367 -0.569465 -1.307 2.61968 
2.18367 -0.569465 -1.307 2.61968 
2.13868 -1.14075 -1.10614 2.98525 
2.54986 -1.03739 -1.11193 2.83743 
2.38719 -0.852482 -1.16973 2.94147 
2.25158 -0.670663 -1.25178 3.04118 
2.1275 -0.528409 -2.48191 3.42638 
1.77006 -0.576017 -2.33822 3.42142 
1.77006 -0.612855 -3.3014 3.7394 
2.06621 -0.0987976 -0.609136 2.22135 
2.056 -0.240653 -0.619641 2.44241 
1.59787 -0.325419 -1.85305 2.8369 
1.59787 -0.702015 -1.65118 2.8369 
1.68179 -1.20398 -0.220779 2.40292 
1.96056 -1.00441 -0.314633 2.53797 
1.68024 -0.726925 -0.307456 2.63199 
1.43897 -0.520606 -0.216897 2.71319 
0.764773 -0.0800506 -1.33865 3.1627 
0.939642 0.110247 -2.32464 3.5008 
0.939642 0.110247 -2.32464 3.5008 
1.51434 -0.502543 0.648554 2.58749 
1.45022 -1.19482 0.868148 2.70332 
1.25308 -1.11612 1.06414 2.76598 
1.0271 -0.966437 -0.107496 3.28502 
1.0271 -0.966437 -0.107496 3.28502 
0.976274 -0.0133451 0.17023 2.90399 
0.858803 -1.06643 1.85112 3.11911 
0.00382318 -0.0672012 0.618428 3.70067 
0.755652 -1.0877 1.98027 3.232 
0.639592 -0.952307 2.04522 3.47818 
0.508369 -0.780568 0.779676 4.09744 
0.508369 -0.780568 1.00291 4.09744 
0.864685 -1.29425 2.75389 3.72367 
0.838046 -1.22934 2.87379 3.96899 
0.682126 -0.953227 2.95858 4.14445 
-0.289947 0.344644 1.51847 4.83498 
-0.289947 0.344644 1.51847 4.83498 
-0.0721555 -0.00340287 1.80228 4.89126 
0.198907 -1.68331 3.34997 5.02182 
0.975795 -1.21227 3.41046 5.01057 
0.700074 -0.645665 3.44899 5.22693 
0.624383 -0.202573 3.57127 5.39133 
0.624383 -0.202573 3.57127 5.39133 
-0.324821 -0.444249 4.01639 6.1606 
1.10143 -0.440217 4.14311 5.9001 
1.02099 -0.256234 4.13656 6.1331 
0.91298 -0.0766513 4.0735 6.37418 
-0.13147 0.975943 2.40694 7.20014 
0.155663 0.527481 2.47435 7.16169 
0.155663 0.527481 2.47435 7.16169 
1.68026 -1.10397 4.63229 7.27398 
1.56611 -0.602989 4.82503 7.10104 
1.33603 -0.0507884 4.92884 7.29394 
1.33603 -0.0507884 4.92884 7.29394 
0.0575862 -0.0681518 5.23946 8.16656 
1.39513 -0.0774193 5.31996 7.85241 
1.24478 0.0406967 5.25037 8.10729 
-0.0167007 1.01229 3.33607 9.02373 
1.31593 -0.269506 5.34003 8.11913 
0.133144 0.614768 3.5648 9.11524 
0.133144 0.614768 3.5648 9.11524 
1.742 0.326873 3.75584 8.59579 
1.63917 -0.140915 6.02069 8.88945 
1.423 0.306586 6.00987 9.10602 
1.24716 0.552369 5.86701 10.0812 
1.24716 0.552369 5.86701 10.0812 
1.47616 1.25601 3.87429 9.54027 
0.200918 0.738177 4.33263 10.5932 
1.63578 -0.195392 6.35343 9.7639 
0.228947 0.559356 4.28787 10.8428 
0.228947 0.559356 4.28787 10.8428 
1.87678 0.393934 4.45531 10.1589 
1.77325 0.318292 6.93028 10.4365 
1.56623 0.694103 6.89243 10.6258 
0.0133305 1.16258 4.43955 11.6716 
0.0133305 1.16258 4.43955 11.6716 
1.98157 0.897087 4.8642 10.832 
1.98157 0.270175 5.09452 10.832 
1.9391 0.197533 7.3924 11.0702 
1.70012 0.309663 7.24824 11.3808 
1.38492 0.424034 6.97963 11.6106 
1.17506 0.751683 6.90475 11.6748 
-0.394226 0.754377 4.3148 12.7619 
-0.394226 0.754377 4.86114 12.7619 
1.73697 0.617708 7.79994 11.4259 
1.67672 0.620579 7.74321 11.6552 
1.44725 0.662706 7.44108 11.758 
-0.250005 0.620273 4.49918 12.8809 
1.35357 0.474678 7.61722 11.7264 
-0.215882 0.365443 4.91082 12.9423 
-0.215882 0.365443 4.91082 12.9423 
1.5842 0.220635 5.08518 11.6911 
1.41457 0.660492 8.0854 11.9531 
1.15282 0.813187 7.82888 12.0998 
0.926873 0.810832 7.42007 12.2429 
-0.485749 0.360084 4.12458 13.2677 
-0.485749 0.360084 4.12458 13.2677 
-0.485749 0.217955 4.76719 13.2677 
1.49426 0.449393 8.48825 12.2655 
1.32846 0.464783 8.29413 12.5554 
1.038 0.453108 7.70288 12.7084 
0.36193 0.0734357 7.58528 13.5577 
-1.25896 -0.30399 4.13766 14.6822 
-1.25896 -0.759074 5.36263 15.4733 
-0.797764 -1.15377 9.95374 16.1993 
-1.17098 -1.23288 10.3407 17.3222 
-1.56381 -1.22883 10.3306 18.3595 
-2.77355 -1.15357 6.61462 19.4376 
-1.76703 -1.36002 10.6127 17.9398 
-1.76703 -1.36002 10.6127 17.9398 
-2.73742 -1.418 7.06719 19.1252 
-1.63451 -1.61364 11.3353 19.7762 
-2.53458 -1.84988 11.5936 22.154 
-2.96241 -2.01415 11.6172 23.337 
-3.24607 -2.12435 7.68273 24.2895 
-3.24607 -1.66734 7.68273 24.2895 
-3.7087 -2.34044 8.85964 26.2447 
-3.51933 -1.85035 10.2957 26.2447 
-2.93654 -2.40118 14.8271 24.322 
-2.94918 -2.26559 14.4806 25.6571 
-3.34933 -1.60729 9.66907 26.5013 
-3.34933 -1.60729 9.66907 26.5013 
-2.57456 -2.58356 14.7382 27.3225 
-2.60313 -2.51788 14.4315 28.4114 
-2.67105 -2.3185 13.7098 29.0193 
-2.67124 -2.13051 13.0317 29.5733 
-2.42291 -1.28321 9.18412 30.261 
-2.42291 -1.45952 9.18412 30.4947 
-2.02389 -0.91936 6.13332 30.9493 
-2.02389 -0.91936 6.13332 28.4062 
-1.11317 -2.54295 15.9182 28.6749 
-1.46871 -2.21815 15.4224 29.4478 
-1.99604 -2.00904 14.3004 30.021 
-1.99604 -2.00904 14.3004 30.5425 
-2.3316 -0.945576 13.1684 30.7098 
-2.3594 -2.285 12.7526 31.2204 
-2.36944 -2.17105 12.0853 31.5942 
-2.1487 -1.04786 7.25398 31.9378 
-2.07007 -2.21208 12.3624 31.5917 
-1.94995 -2.09262 7.84795 31.9811 
-1.94995 -0.84944 7.84795 31.9811 
-1.62282 -2.06794 8.14705 32.0278 
-1.90191 -2.19654 11.9859 32.734 
-2.11624 -2.17719 11.4508 33.4207 
-2.24968 -2.11568 6.69422 33.4805 
-2.24968 -2.11568 6.69422 33.4805 
-1.69856 -2.34082 6.78935 34.2656 
-1.4207 -0.985449 6.53153 34.2656 
-1.75282 -2.45811 11.3942 34.2773 
-1.72336 -2.24221 10.9575 35.5375 
-1.7066 -1.93833 10.4682 35.8006 
-0.904905 -0.406789 5.90103 35.5006 
-0.904905 -0.654476 5.90103 35.5006 
-1.2912 -2.22987 9.71524 35.4383 
-1.24735 -2.01954 9.19139 36.3769 
-1.22627 -1.67317 8.65132 36.4952 
-0.573754 -0.11289 4.31184 35.9026 
-0.347759 -0.328918 4.43214 35.6793 
-0.124458 -0.62466 4.85413 36.2135 
-0.124458 -0.62466 4.85413 35.9877 
0.014476 -2.15733 9.07794 36.2849 
-0.638424 -1.72918 8.66845 36.5041 
-0.812205 -1.25181 7.89163 36.6922 
-0.171292 0.2604 3.76386 35.8076 
-0.171292 0.2604 3.76386 35.8076 
-0.0614289 0.013255 3.66663 36.69 
-0.623224 -1.43363 6.78498 36.6922 
-0.623224 0.0457239 2.99352 35.6294 
-0.578721 -1.31472 6.56044 36.6922 
-0.558086 -1.18667 6.35637 36.6922 
-0.543282 -0.999039 6.13557 36.6922 
-0.543282 -0.999039 6.13557 35.7694 
-0.478524 0.365042 2.49689 36.6922 
-0.466241 -0.804217 5.17608 36.6922 
-0.453426 -0.644741 4.84742 36.6922 
-0.419312 -0.527188 4.52718 36.6922 
-0.419312 -0.527188 4.52718 36.6922 
0.452263 0.303601 1.48622 35.325 
0.452263 0.00270582 1.78202 35.325 
0.46805 -1.2532 5.14566 36.6922 
-0.45265 -1.07055 5.12553 36.6922 
-0.54757 -0.773171 4.9378 36.6922 
-0.594946 -0.352183 1.89325 35.0918 
-0.594946 0.656785 1.67749 35.0918 
0.267292 -0.236009 4.00648 35.0431 
-0.444416 -0.26675 3.75487 36.6922 
-0.346062 -0.255087 3.57321 36.6922 
0.453263 0.530248 0.910741 34.5292 
-0.348287 -0.424326 3.36206 36.6922 
-0.374834 -0.446461 3.33809 34.4163 
-0.374834 -0.446461 3.33809 34.4163 
-0.437956 0.38 0.788815 35.5802 
-0.486755 -0.495874 3.38507 35.6128 
-0.47992 0.113585 2.53169 35.4994 
-0.42302 0.222308 2.18795 35.42 
-0.34582 0.22478 -0.0266475 32.7194 
0.536517 0.22478 -0.0266475 32.7194 
0.495304 0.60105 -0.118627 32.1507 
-0.387499 0.500918 -0.0934277 34.6091 
-0.432786 -0.0707904 1.79364 34.145 
-0.450834 -0.107488 1.77406 33.6947 
-0.466441 -0.127149 -0.172333 30.709 
0.337657 -0.127149 -0.172333 30.0253 
-0.789236 0.250913 -0.0739687 32.385 
-0.833224 0.369813 0.585488 31.8785 
-0.796532 0.268709 0.306462 31.3714 
0.155733 0.252596 -1.28756 28.1185 
0.0256811 0.248597 -1.45139 27.5985 
-0.140127 0.248337 -1.50397 26.9878 
-0.140127 0.219185 -1.46416 26.9878 
-0.285592 0.0643749 -0.147647 26.3275 
-1.22546 -0.0795381 -0.0635403 27.5467 
-1.54976 -0.13117 -2.15369 27.1522 
-1.76518 -0.185926 -4.11779 26.6348 
-1.76518 -0.185926 -4.11779 26.6348 
-0.498143 -0.119656 -7.67239 22.9471 
-2.14413 -0.136758 -8.79086 24.8991 
-0.571954 -0.15201 -8.89808 21.1201 
-2.00395 -0.0286962 -12.2003 23.7711 
-1.802 0.013057 -12.668 22.8908 
-1.50734 0.0438044 -12.1764 19.0308 
0.14796 0.120448 -12.1764 19.0308 
-1.45403 0.520557 -14.5163 21.21 
-1.4346 0.710527 -14.7503 20.5632 
-1.2688 0.743075 -15.0924 20.056 
-1.06396 0.71987 -15.3474 19.5652 
0.702093 0.500539 -14.0692 15.5742 
0.498267 0.734917 -14.38 15.2335 
0.22609 0.940969 -13.0006 11.213 
0.22609 0.940969 -13.0006 11.213 
0.0292849 1.18794 -17.4474 16.9102 
-1.28668 0.89446 -16.7163 16.0712 
-0.993389 0.722925 -16.8137 15.749 
0.931798 0.371205 -14.8011 11.6689 
0.931798 0.371205 -14.8011 11.6689 
0.685996 1.26369 -17.3549 15.0041 
-1.19719 1.11735 -16.8049 14.3297 
0.811207 0.565882 -14.3679 10.1175 
-1.02099 0.96449 -16.9295 13.7729 
-0.862392 0.860111 -16.2698 13.096 
1.0812 0.423132 -13.6073 8.82023 
0.893677 0.611006 -13.4301 8.82023 
-1.31647 1.15531 -15.9001 12.2431 
-1.38405 0.998037 -15.8249 11.7774 
-1.2472 0.736432 -15.9438 11.5518 
0.945324 0.122033 -13.0076 7.25594 
0.617131 0.361534 -13.4257 7.25594 
0.617131 0.361534 -13.4257 7.38644 
-2.06737 1.07453 -17.1809 11.0737 
-1.79796 0.852815 -16.4952 10.4075 
-1.37213 0.548015 -16.1921 10.1253 
-0.986227 0.367147 -12.7897 5.73345 
-0.986227 0.367147 -12.7897 5.73345 
-1.39448 0.657305 -17.2168 10.3926 
-1.51561 0.784974 -16.9457 9.93594 
-1.4031 0.690485 -17.0704 9.89992 
1.05141 0.211968 -13.1738 5.3289 
0.748134 0.428902 -13.7225 5.73236 
0.344039 0.673417 -14.7682 5.67307 
0.344039 0.673417 -14.7682 5.67307 
0.0350858 0.814232 -18.6209 5.46256 
-2.0055 0.836051 -17.876 9.31372 
-1.63641 0.479533 -17.9252 9.48224 
-1.41236 0.288442 -18.2845 9.83971 
-1.41236 0.288442 -18.2845 9.83971 
1.25875 -0.0415994 -19.3698 10.8151 
-1.63774 0.683963 -18.8476 10.391 
1.11176 0.332442 -13.7062 5.17302 
-1.65816 0.829782 -21.1305 10.9458 
-1.46364 0.802606 -20.2248 10.2452 
-1.46364 0.802606 -20.2248 10.2452 
-1.3203 0.900573 -19.907 4.88624 
-0.0588992 0.849424 -18.4854 10.1142 
1.94383 0.796687 -17.101 5.23573 
4.11321 0.73311 -11.647 -0.032314 
4.11321 1.11218 -11.0075 -0.032314 
5.1146 1.71299 -14.5636 -9.36793 
6.21409 1.71299 -14.5636 -13.4553 
5.80263 1.69094 -16.3862 -14.8162 
6.02136 2.0957 -14.9127 -13.0219 
6.17694 2.07736 -13.2781 -11.0388 
6.77845 1.8015 -7.06387 -9.76962 
6.46159 1.8015 -7.06387 -9.76962 
5.14979 1.78971 -10.7333 -1.4361 
4.65196 1.75626 -8.5838 -0.759594 
4.22746 1.52184 -5.88818 -1.59111 
4.56433 1.08452 1.42018 -5.35825 
3.94215 0.899811 1.59238 -2.82675 
3.25962 0.744333 -6.93786 -7.68124 
3.25962 0.744333 -6.93786 -7.68124 
2.83928 0.833284 -10.6278 1.71816 
1.65267 0.738947 -7.42587 0.17821 
1.77885 0.582069 -3.96922 -2.23367 
2.07069 0.404167 -1.43008 -3.75686 
2.07069 0.404167 -1.43008 -3.75686 
2.53733 0.230277 -0.567254 -0.359581 
1.92444 0.209383 -0.115427 0.380236 
2.11779 0.0485829 5.95293 0.380236 
1.51374 0.128928 8.2065 7.70573 
1.13793 -0.017395 8.64603 5.3751 
0.802582 -0.222048 8.8148 2.74439 
0.871947 -0.559826 13.1157 -0.688527 
0.541294 -0.559826 10.5405 -0.688527 
0.819521 -0.714206 3.53366 3.65929 
1.20927 -0.6704 3.13262 1.80466 
1.53082 -0.537157 3.09892 -0.234123 
1.76222 -0.376327 7.23806 -2.41208 
1.50741 -0.373596 5.30155 -0.95424 
1.92038 -0.204764 -1.14307 1.58382 
1.92038 -0.204764 -1.14307 1.58382 
1.61469 0.0376561 3.27414 0.242276 
1.97418 0.154342 -1.8988 -1.05961 
2.04795 0.237356 -1.48435 -2.33098 
2.35966 0.266316 -1.05729 -3.29995 
2.35966 0.266316 -1.05729 -3.29995 
1.82954 0.254002 2.91422 -3.54195 
2.72726 0.327538 -2.40127 -1.54415 
1.92766 0.327538 1.94138 -1.54415 
2.61619 0.386829 -2.73253 -1.30783 
2.49145 0.415855 -2.53035 -1.64533 
2.3288 0.447312 -2.11646 -2.13942 
1.42523 0.395043 2.18569 -2.60279 
1.32892 0.395043 1.3459 -2.60279 
2.20965 0.150944 -2.81388 -0.924317 
2.18263 0.165956 -2.07004 -1.92684 
2.07338 0.227663 -1.34258 -2.63589 
1.9256 0.264964 2.4939 -2.14453 
0.792509 0.194462 1.96299 -1.1405 
0.749929 0.0431622 1.40581 -0.370989 
0.749929 0.0431622 1.40581 -0.201392 
1.67939 -0.0937908 1.11182 -0.849605 
1.54107 -0.0536317 -1.87175 -1.61643 
1.38664 0.0514452 -1.25402 -2.10969 
0.285068 0.0798345 2.46215 -1.43339 
0.285068 0.0798345 2.46215 -1.16676 
0.444616 -0.0493656 2.48681 -1.86932 
1.64198 -0.114117 -0.530229 -1.56841 
0.359391 -0.0223383 2.64946 -1.56841 
1.47593 -0.0691167 -0.308868 -1.27398 
1.3438 -0.0451764 -0.123492 -1.20342 
1.17049 -0.00776299 0.105317 -1.09978 
-0.118236 -0.0108002 3.1981 0.237503 
-0.0938979 -0.0108002 2.99448 0.237503 
1.18231 -0.312968 0.380377 0.405522 
1.11699 -0.280637 0.684013 -1.6077 
0.963711 -0.190857 0.865487 -1.36866 
0.798568 -0.126342 0.987538 -1.01155 
-0.54063 -0.116735 3.46734 1.12763 
0.739905 -0.263186 1.17717 -1.0779 
-0.523342 -0.29693 3.5133 0.944241 
-0.523342 -0.29693 3.5133 0.944241 
-0.441624 -0.480854 3.39311 -1.35433 
0.754901 -0.383748 0.605075 -0.972417 
0.571095 -0.254547 0.979851 -1.18826 
-0.783089 -0.183177 3.09271 1.33222 
-0.783089 -0.183177 3.09271 1.33222 
-0.706309 -0.437592 3.40736 0.56858 
-0.675752 -0.437592 3.05114 -2.45392 
0.556482 -0.439584 1.03729 -1.64447 
0.439181 -0.356345 0.785029 -1.06687 
0.28986 -0.259068 0.651145 -0.559024 
0.167625 -0.200972 0.688473 -0.351523 
0.167625 -0.200972 0.688473 -0.351523 
0.173561 -0.191519 1.50701 -1.85214 
0.0796406 -0.351617 1.59751 -1.82435 
-0.0719573 -0.330781 1.3991 -1.12672 
-0.20594 -0.310211 1.26226 -0.542438 
-1.39997 -0.312971 2.70654 2.74305 
-0.128988 -0.429593 1.77914 -1.65117 
-0.142167 -0.435736 1.6293 -1.40498 
-0.142167 -0.435736 1.6293 -1.40498 
-1.31953 -0.45574 2.71554 2.37277 
-0.0563814 -0.413954 1.4755 -1.15275 
-0.235077 -0.337008 1.22627 -0.960318 
-0.391528 -0.29029 1.28292 -0.79973 
-1.48754 -0.296925 2.38938 2.91052 
-1.48754 -0.416597 2.38938 2.91052 
-0.159073 -0.523897 3.33432 0.0316837 
-0.159073 -0.523897 3.33432 0.0316837 
-1.20016 -0.498162 1.6622 -3.84891 
-0.230316 -0.508398 0.643534 -1.97497 
-0.318061 -0.342204 -0.0109948 -0.523657 
-0.347304 -0.272546 -0.103017 -0.0543995 
-1.32009 -0.24303 1.17899 3.37573 
-1.32009 -0.24303 2.22895 1.1196 
-0.199447 -0.319536 2.11966 -4.62054 
-0.318413 -0.380853 1.37276 -3.15033 
-0.318413 -0.345366 1.37276 -3.15033 
-0.361277 -0.366462 0.866904 -2.19673 
-0.380606 -0.336985 0.69604 -1.74402 
-0.431501 -0.289951 0.446445 -0.984675 
-0.431501 -0.289951 0.446445 -0.984675 
-1.31242 -0.311106 1.09957 3.55194 
-0.25849 -0.290827 1.09549 -2.20271 
-0.515341 -0.256922 0.962367 -1.6098 
-0.651443 -0.246583 0.769256 -0.94858 
-1.43472 -0.279204 1.22356 3.89341 
-1.27802 -0.3608 2.08231 1.90323 
-1.09764 -0.434179 2.70756 0.0871544 
-0.971456 -0.434179 2.75356 -0.712043 
-0.184957 -0.469051 1.90559 -5.21706 
-0.30485 -0.361449 0.687633 -2.91664 
-0.413608 -0.272857 -0.200832 -0.927519 
-1.14985 -0.232324 0.0580943 4.41955 
-1.14985 -0.232324 1.13789 2.17443 
-0.355119 -0.257788 1.81701 -5.00866 
-0.4654 -0.278927 1.26025 -3.86945 
-0.4654 -0.287292 1.26025 -3.86945 
-0.519729 -0.292973 0.80558 -2.8928 
-0.538587 -0.282383 0.573044 -2.23404 
-0.575162 -0.258221 0.26814 -1.26055 
-0.575162 -0.258221 0.26814 -1.26055 
-1.15185 -0.260124 0.443443 4.2811 
-0.451708 -0.24207 1.04169 -2.49435 
-0.592964 -0.218468 0.987845 -0.292299 
-0.690434 -0.214244 1.046 0.791432 
-0.731948 -0.228543 1.44511 5.36762 
-1.12833 -0.269526 2.47143 3.65614 
-1.00874 -0.324981 3.27707 1.93626 
-1.00874 -0.324981 3.53178 1.00659 
-0.409058 -0.375819 3.22997 -3.33644 
-0.490534 -0.354646 2.21045 -1.49628 
-0.561483 -0.319413 1.35063 0.249022 
-0.628806 -0.289907 1.09969 5.2433 
-0.628806 -0.289907 1.09969 5.2433 
-0.963761 -0.291519 2.61699 1.53414 
-0.575583 -0.281223 2.85316 2.0636 
-0.575583 -0.310592 2.85316 2.0636 
-0.526341 -0.304334 3.24808 5.20572 
-0.519974 -0.30298 3.19944 2.3086 
-0.529455 -0.294782 2.99389 2.61521 
-0.5264 -0.2871 2.80642 5.2238 
-0.5264 -0.2871 2.80642 5.2238 
-0.410222 -0.289628 3.00434 0.543981 
-0.486032 -0.286182 2.69501 0.705706 
-0.562722 -0.280564 2.11587 1.23249 
-0.60148 -0.276359 1.66416 1.58189 
-0.813825 -0.29436 1.37398 4.15523 
-0.501834 -0.269751 1.60879 0.44898 
-0.679921 -0.272678 1.40341 2.77972 
-0.679921 -0.272678 1.42976 2.77972 
-0.297071 -0.20704 1.42452 1.96075 
-0.297293 -0.173395 0.908957 -0.811675 
-0.338806 -0.143507 0.390274 0.280574 
-0.401991 -0.126375 0.139119 1.54282 
-0.401991 -0.126375 0.139119 1.54282 
-0.357311 -0.115153 0.711812 3.6872 
-0.357311 -0.115153 0.711812 1.50819 
-0.46842 -0.116703 0.893358 0.778777 
-0.284939 -0.115409 1.15163 0.878032 
-0.286365 -0.11361 0.982294 1.15521 
-0.278478 -0.112635 0.842004 1.33893 
-0.389103 -0.12772 0.725824 2.95824 
-0.389103 -0.12772 0.725824 2.23396 
-0.20949 -0.115904 0.913199 1.00596 
-0.238866 -0.113244 0.95756 1.5477 
-0.262021 -0.110711 0.867769 1.99191 
-0.331189 -0.118267 0.851934 2.90355 
-0.236878 -0.11249 1.00246 1.84212 
-0.219944 -0.111482 1.0304 1.69283 
-0.219944 -0.111482 1.0304 1.69283 
-0.176254 -0.105387 1.0115 2.35403 
-0.161816 -0.0990216 0.911579 1.26862 
-0.162886 -0.0946778 0.751467 1.36327 
-0.192553 -0.09914 0.563482 2.05797 
-0.21904 -0.0970986 0.614404 2.31632 
-0.21904 -0.100628 0.614404 2.31632 
-0.1699 -0.100584 0.734882 2.21953 
-0.1699 -0.100584 0.734882 2.21953 
-0.134088 -0.094824 0.790491 1.89211 
-0.118306 -0.082777 0.719943 1.68455 
-0.10469 -0.0729844 0.695025 1.50016 
-0.0920431 -0.065641 0.644747 1.34482 
-0.0920431 -0.065641 0.644747 1.34482 
-0.0981726 -0.0563078 0.667117 0.0800068 
0.0122428 -0.0443677 0.675513 -0.501934 
0.023626 -0.0213764 0.387772 -0.730015 
-0.0337973 -0.0253523 0.0708782 0.0726958 
0.0483414 -0.0107995 0.0771272 -1.0599 
0.0501429 -0.00662567 -0.0884282 -1.0174 
0.0455409 -0.00183825 -0.330541 -0.0323954 
0.0455409 -0.00183825 -0.309839 -0.0323954 
0.0701396 0.00975935 -0.167757 -0.231615 
0.0592127 0.0118285 -0.27302 -1.04512 
-0.00962489 0.00435461 -0.456792 0.0453056 
-0.0532528 -0.00402696 -0.460355 0.737281 
-0.0717791 -0.0118884 -0.302654 1.01399 
-0.0754626 -0.0181455 -0.0798504 1.03659 
-0.0742263 -0.0227571 0.123894 0.963627 
-0.0742263 -0.0227571 0.123894 0.886169 
-0.0715324 -0.0263919 0.267673 0.831484 
-0.0705511 -0.0334615 0.380854 0.792748 
-0.0684473 -0.0368168 0.384011 0.756039 
-0.0645875 -0.0401339 0.371663 0.711879 
-0.0645875 -0.0401339 0.371663 0.711879 
-0.053877 -0.0420989 0.351131 0.599285 
-0.047673 -0.0426051 0.297749 0.538264 
-0.047673 -0.0412716 0.267171 0.538264 
-0.0349377 -0.0391234 0.235549 0.478719 
-0.0286909 -0.0366049 0.20401 0.37132 
-0.0227746 -0.0336125 0.173333 0.324688 
-0.0170988 -0.0303742 0.144424 0.282757 
-0.0170988 -0.0303742 0.144424 0.282757 
-0.0115727 -0.0243317 0.0939862 0.210037 
-0.0019358 -0.0217058 0.0725564 0.179318 
0.00224938 -0.0187197 0.0535397 0.152164 
0.00621802 -0.0165736 0.0371546 0.128128 
0.00960948 -0.0143055 0.0229518 0.10685 
0.012754 -0.0123848 0.0107853 0.0883416 
0.0154821 -0.0111881 0.000428263 0.0720296 
0.0154821 -0.0111881 0.000428263 0.0720296 
0.0198718 -0.00983765 -0.00805891 0.0581333 
0.0215168 -0.00746453 -0.0208356 0.0358476 
0.0229746 -0.00667958 -0.0253942 0.027007 
0.024258 -0.00603398 -0.0289441 0.0188105 
0.025132 -0.00516762 -0.0316785 0.0125084 
0.0261562 -0.00516762 -0.0316785 0.0125084 
0.0267647 -0.00481239 -0.0350338 0.00172123 
0.0267647 -0.00469335 -0.0350338 0.00172123 
0.0275737 -0.00455369 -0.0368108 -0.00579179 
0.0277452 -0.00482368 -0.0370698 -0.00869573 
0.0280115 -0.0045226 -0.0371157 -0.0115699 
0.0281945 -0.00494625 -0.0368425 -0.0135529 
0.0281945 -0.00494625 -0.0368425 -0.0135529 
0.0281324 -0.00489149 -0.0362252 -0.0168602 
0.0279896 -0.00479919 -0.0357636 -0.0184538 
0.0280227 -0.00504734 -0.0350597 -0.0196917 
0.0280955 -0.00520956 -0.0346608 -0.0202907 
0.0279049 -0.00559224 -0.0341435 -0.0214249 
0.0278447 -0.00568506 -0.0336127 -0.0225005 
0.0278447 -0.00568506 -0.0336127 -0.0225005 
0.0274058 -0.00581254 -0.0331004 -0.0235752 
0.0273302 -0.00596773 -0.0320527 -0.0237114 
0.0272933 -0.00634615 -0.0316446 -0.0243412 
0.0272498 -0.00638277 -0.0314346 -0.0245311 
0.0269335 -0.00638277 -0.0314346 -0.0248756 
0.0268294 -0.00628705 -0.0310301 -0.0254164 
0.0268766 -0.0063422 -0.0301712 -0.0254164 
0.0267676 -0.00606473 -0.0300299 -0.0259079 
0.0269519 -0.00636817 -0.0297641 -0.0260868 
0.0269973 -0.00642258 -0.0295175 -0.0261741 
0.0269922 -0.00642746 -0.029405 -0.0267456 
0.0269922 -0.00645832 -0.0293123 -0.0267456 
0.0266328 -0.00656526 -0.0292104 -0.0267079 
0.0266836 -0.00673513 -0.0288601 -0.0269683 
0.0267966 -0.00689812 -0.028803 -0.0268967 
0.0266548 -0.00696183 -0.0287255 -0.0273339 
0.0266803 -0.00689295 -0.0285905 -0.0273692 
0.0265125 -0.00670899 -0.028422 -0.0271677 
0.0265894 -0.00650833 -0.0282446 -0.0273542 
0.0265894 -0.00650833 -0.0282446 -0.0273542 
0.026563 -0.0063912 -0.0284296 -0.0275409 
0.0265979 -0.00662459 -0.0282273 -0.027805 
0.0266834 -0.00655067 -0.0283106 -0.0278545 
0.026815 -0.00661685 -0.0280887 -0.0275173 
0.0267481 -0.00674659 -0.0281818 -0.0278527 
0.0267481 -0.00674659 -0.0281818 -0.0278527 
0.0265805 -0.00693873 -0.0280817 -0.0278628 
0.0265805 -0.00693873 -0.0280817 -0.0278628 
0.0266965 -0.00677285 -0.0280856 -0.0281818 
0.0265703 -0.00659352 -0.0280013 -0.02791 
0.0266725 -0.00645945 -0.0280763 -0.0276161 
0.0266408 -0.00643969 -0.0278364 -0.0280778 
0.0266408 -0.00643969 -0.0278364 -0.0280778 
0.0266026 -0.00680443 -0.0279725 -0.0279903 
0.0269031 -0.00702211 -0.0278492 -0.0278819 
0.0268119 -0.00709198 -0.0279187 -0.0283023 
0.0266154 -0.00695936 -0.0280598 -0.0283571 
0.0266416 -0.00668053 -0.027943 -0.0282479 
0.0265154 -0.00637865 -0.0279815 -0.0280744 
0.0266725 -0.00678265 -0.0280325 -0.0279448 
0.0266806 -0.00678265 -0.0280325 -0.0279448 
0.026638 -0.00670562 -0.027925 -0.0281124 
0.0265966 -0.00659018 -0.0277762 -0.028369 
0.0265902 -0.00651883 -0.0279072 -0.0280724 
0.0266406 -0.00654479 -0.0278571 -0.0281527 
0.0267373 -0.00654479 -0.0278571 -0.0281527 
0.0268473 -0.00683168 -0.0278936 -0.0281182 
0.0268473 -0.00683168 -0.0278936 -0.0281182 
0.0269168 -0.00692474 -0.0277793 -0.0279598 
0.0267777 -0.00679552 -0.0277879 -0.028421 
0.0267636 -0.00659582 -0.0279111 -0.0284641 
0.0267092 -0.00641528 -0.0278414 -0.0282643 
0.0267092 -0.00641528 -0.0278414 -0.0282643 
0.0266742 -0.00647791 -0.0278847 -0.0279536 
0.0266742 -0.00647791 -0.0278847 -0.0279536 
0.0266742 -0.00647791 -0.0278847 -0.0279536 
0.0266742 -0.00647791 -0.0278847 -0.0279536 
0.0266742 -0.00647791 -0.0278847 -0.0279536 
0.0266742 -0.00647791 -0.0278847 -0.0279536 
0.0266742 -0.00647791 -0.0278847 -0.0279536 
0.0266742 -0.00647791 -0.0278847 -0.0279536 
0.0266742 -0.00647791 -0.0278847 -0.0279536 
0.0266742 -0.00647791 -0.0278847 -0.0279536 
0.0266742 -0.00647791 -0.0278847 -0.0279536 
0.0266742 -0.00647791 -0.0278847 -0.0279536 
0.0266742 -0.00647791 -0.0278847 -0.0279536 
0.0266742 -0.00647791 -0.0278847 -0.0279536 
0.0266742 -0.00647791 -0.0278847 -0.0279536 
0.0266742 -0.00647791 -0.0278847 -0.0279536 
0.0266742 -0.00647791 -0.0278847 -0.0279536 
0.0266742 -0.00647791 -0.0278847 -0.0279536 
0.0266742 -0.00647791 -0.0278847 -0.0279536 
0.0266742 -0.00647791 -0.0278847 -0.0279536 
0.0266742 -0.00647791 -0.0278847 -0.0279536 
0.0266742 -0.00647791 -0.0278847 -0.0279536 
0.0266742 -0.00647791 -0.0278847 -0.0279536 
0.0266742 -0.00647791 -0.0278847 -0.0279536 
0.0266742 -0.00647791 -0.0278847 -0.0279536 
0.0266742 -0.00647791 -0.0278847 -0.0279536 
0.0266742 -0.00647791 -0.0278847 -0.0279536 
0.0266742 -0.00647791 -0.0278847 -0.0279536 
0.0266742 -0.00647791 -0.0278847 -0.0279536 
0.0266742 -0.00647791 -0.0278847 -0.0279536 
0.0266742 -0.00647791 -0.0278847 -0.0279536 
0.0266742 -0.00647791 -0.0278847 -0.0279536 
0.0266742 -0.00647791 -0.0278847 -0.0279536 
0.0266742 -0.00647791 -0.0278847 -0.0279536 
0.0266742 -0.00647791 -0.0278847 -0.0279536 
0.0266742 -0.00647791 -0.0278847 -0.0279536 
0.0266742 -0.00647791 -0.0278847 -0.0279536 
0.0266742 -0.00647791 -0.0278847 -0.0279536 
0.0266742 -0.00647791 -0.0278847 -0.0279536 
0.0266742 -0.00647791 -0.0278847 -0.0279536 
0.0266742 -0.00647791 -0.0278847 -0.0279536 
0.0266742 -0.00647791 -0.0278847 -0.0279536 
0.0266742 -0.00647791 -0.0278847 -0.0279536 
0.0266742 -0.00647791 -0.0278847 -0.0279536 
0.0266742 -0.00647791 -0.0278847 -0.0279536 
0.0266742 -0.00647791 -0.0278847 -0.0279536 
0.0266742 -0.00647791 -0.0278847 -0.0279536 
0.0266742 -0.00647791 -0.0278847 -0.0279536 
0.0266742 -0.00647791 -0.0278847 -0.0279536 
0.0266742 -0.00647791 -0.0278847 -0.0279536 
0.0266742 -0.00647791 -0.0278847 -0.0279536 
0.0266742 -0.00647791 -0.0278847 -0.0279536 
0.0266742 -0.00647791 -0.0278847 -0.0279536 
0.0266742 -0.00647791 -0.0278847 -0.0279536 
0.0266742 -0.00647791 -0.0278847 -0.0279536 
0.0266742 -0.00647791 -0.0278847 -0.0279536 
0.0266742 -0.00647791 -0.0278847 -0.0279536 
0.0266742 -0.00647791 -0.0278847 -0.0279536 
0.0266742 -0.00647791 -0.0278847 -0.0279536 
0.0266742 -0.00647791 -0.0278847 -0.0279536 
0.0266742 -0.00647791 -0.0278847 -0.0279536 
0.0266742 -0.00647791 -0.0278847 -0.0279536 
0.0266742 -0.00647791 -0.0278847 -0.0279536 
0.0266742 -0.00647791 -0.0278847 -0.0279536 
0.0266742 -0.00647791 -0.0278847 -0.0279536 
0.0266742 -0.00647791 -0.0278847 -0.0279536 
0.0266742 -0.00647791 -0.0278847 -0.0279536 
0.0266742 -0.00647791 -0.0278847 -0.0279536 
0.0266742 -0.00647791 -0.0278847 -0.0279536 
0.0266742 -0.00647791 -0.0278847 -0.0279536 
0.0266742 -0.00647791 -0.0278847 -0.0279536 
0.0266742 -0.00647791 -0.0278847 -0.0279536 
0.0266742 -0.00647791 -0.0278847 -0.0279536 
0.0266742 -0.00647791 -0.0278847 -0.0279536 
0.0266742 -0.00647791 -0.0278847 -0.0279536 
0.0266742 -0.00647791 -0.0278847 -0.0279536 
0.0266742 -0.00647791 -0.0278847 -0.0279536 
0.0266742 -0.00647791 -0.0278847 -0.0279536 
0.0266742 -0.00647791 -0.0278847 -0.0279536 
0.0266742 -0.00647791 -0.0278847 -0.0279536 
0.0266742 -0.00647791 -0.0278847 -0.0279536 
0.0266742 -0.00647791 -0.0278847 -0.0279536 
0.0266742 -0.00647791 -0.0278847 -0.0279536 
0.0266742 -0.00647791 -0.0278847 -0.0279536 
0.0266742 -0.00647791 -0.0278847 -0.0279536 
0.0266742 -0.00647791 -0.0278847 -0.0279536 
0.0266742 -0.00647791 -0.0278847 -0.0279536 
0.0266742 -0.00647791 -0.0278847 -0.0279536 
0.0266742 -0.00647791 -0.0278847 -0.0279536 
0.0266742 -0.00647791 -0.0278847 -0.0279536 
0.0266742 -0.00647791 -0.0278847 -0.0279536 
0.0266742 -0.00647791 -0.0278847 -0.0279536 
0.0266742 -0.00647791 -0.0278847 -0.0279536 
0.0266742 -0.00647791 -0.0278847 -0.0279536 
0.0266742 -0.00647791 -0.0278847 -0.0279536 
0.0266742 -0.00647791 -0.0278847 -0.0279536 
0.0266742 -0.00647791 -0.0278847 -0.0279536 
0.0266742 -0.00647791 -0.0278847 -0.0279536 
0.0266742 -0.00647791 -0.0278847 -0.0279536 
0.0266742 -0.00647791 -0.0278847 -0.0279536 
0.0266742 -0.00647791 -0.0278847 -0.0279536 
0.0266742 -0.00647791 -0.0278847 -0.0279536 
0.0266742 -0.00647791 -0.0278847 -0.0279536 
0.0266742 -0.00647791 -0.0278847 -0.0279536 
0.0266742 -0.00647791 -0.0278847 -0.0279536 
0.0266742 -0.00647791 -0.0278847 -0.0279536 
0.0266742 -0.00647791 -0.0278847 -0.0279536 
0.0266742 -0.00647791 -0.0278847 -0.0279536 
0.0266742 -0.00647791 -0.0278847 -0.0279536 
0.0266742 -0.00647791 -0.0278847 -0.0279536 
0.0266742 -0.00647791 -0.0278847 -0.0279536 
0.0266742 -0.00647791 -0.0278847 -0.0279536 
0.0266742 -0.00647791 -0.0278847 -0.0279536 
0.0266742 -0.00647791 -0.0278847 -0.0279536 
0.0266742 -0.00647791 -0.0278847 -0.0279536 
0.0266742 -0.00647791 -0.0278847 -0.0279536 
0.0266742 -0.00647791 -0.0278847 -0.0279536 
0.0266742 -0.00647791 -0.0278847 -0.0279536 
0.0266742 -0.00647791 -0.0278847 -0.0279536 
0.0266742 -0.00647791 -0.0278847 -0.0279536 
0.0266742 -0.00647791 -0.0278847 -0.0279536 
0.0266742 -0.00647791 -0.0278847 -0.0279536 
0.0266742 -0.00647791 -0.0278847 -0.0279536 
0.0266742 -0.00647791 -0.0278847 -0.0279536 
0.0266742 -0.00647791 -0.0278847 -0.0279536 
0.0266742 -0.00647791 -0.0278847 -0.0279536 
0.0266742 -0.00647791 -0.0278847 -0.0279536 
0.0266742 -0.00647791 -0.0278847 -0.0279536 
0.0266742 -0.00647791 -0.0278847 -0.0279536 
0.0266742 -0.00647791 -0.0278847 -0.0279536 
0.0266742 -0.00647791 -0.0278847 -0.0279536 
0.0266742 -0.00647791 -0.0278847 -0.0279536 
0.0266742 -0.00647791 -0.0278847 -0.0279536 
0.0266742 -0.00647791 -0.0278847 -0.0279536 
0.0266742 -0.00647791 -0.0278847 -0.0279536 
0.0266742 -0.00647791 -0.0278847 -0.0279536 
0.0266742 -0.00647791 -0.0278847 -0.0279536 
0.0266742 -0.00647791 -0.0278847 -0.0279536 
0.0266742 -0.00647791 -0.0278847 -0.0279536 
0.0266742 -0.00647791 -0.0278847 -0.0279536 
0.0266742 -0.00647791 -0.0278847 -0.0279536 
0.0266742 -0.00647791 -0.0278847 -0.0279536 
0.0266742 -0.00647791 -0.0278847 -0.0279536 
0.0266742 -0.00647791 -0.0278847 -0.0279536 
0.0266742 -0.00647791 -0.0278847 -0.0279536 
0.0266742 -0.00647791 -0.0278847 -0.0279536 
0.0266742 -0.00647791 -0.0278847 -0.0279536 
0.0266742 -0.00647791 -0.0278847 -0.0279536 
0.0266742 -0.00647791 -0.0278847 -0.0279536 
0.0266742 -0.00647791 -0.0278847 -0.0279536 
0.0266742 -0.00647791 -0.0278847 -0.0279536 
0.0266742 -0.00647791 -0.0278847 -0.0279536 
0.0266742 -0.00647791 -0.0278847 -0.0279536 
0.0266742 -0.00647791 -0.0278847 -0.0279536 
0.0266742 -0.00647791 -0.0278847 -0.0279536 
0.0266742 -0.00647791 -0.0278847 -0.0279536 
0.0266742 -0.00647791 -0.0278847 -0.0279536 
0.0266742 -0.00647791 -0.0278847 -0.0279536 
0.0266742 -0.00647791 -0.0278847 -0.0279536 
0.0266742 -0.00647791 -0.0278847 -0.0279536 
0.0266742 -0.00647791 -0.0278847 -0.0279536 
0.0266742 -0.00647791 -0.0278847 -0.0279536 
0.0266742 -0.00647791 -0.0278847 -0.0279536 
0.0266742 -0.00647791 -0.0278847 -0.0279536 
0.0266742 -0.00647791 -0.0278847 -0.0279536 
0.0266742 -0.00647791 -0.0278847 -0.0279536 
0.0266742 -0.00647791 -0.0278847 -0.0279536 
0.0266742 -0.00647791 -0.0278847 -0.0279536 
0.0266742 -0.00647791 -0.0278847 -0.0279536 
0.0266742 -0.00647791 -0.0278847 -0.0279536 
0.0266742 -0.00647791 -0.0278847 -0.0279536 
0.0266742 -0.00647791 -0.0278847 -0.0279536 
0.0266742 -0.00647791 -0.0278847 -0.0279536 
0.0266742 -0.00647791 -0.0278847 -0.0279536 
0.0266742 -0.00647791 -0.0278847 -0.0279536 
0.0266742 -0.00647791 -0.0278847 -0.0279536 
0.0266742 -0.00647791 -0.0278847 -0.0279536 
0.0266742 -0.00647791 -0.0278847 -0.0279536 
0.0266742 -0.00647791 -0.0278847 -0.0279536 
0.0266742 -0.00647791 -0.0278847 -0.0279536 
0.0266742 -0.00647791 -0.0278847 -0.0279536 
0.0266742 -0.00647791 -0.0278847 -0.0279536 
0.0266742 -0.00647791 -0.0278847 -0.0279536 
0.0266742 -0.00647791 -0.0278847 -0.0279536 
0.0266742 -0.00647791 -0.0278847 -0.0279536 
0.0266742 -0.00647791 -0.0278847 -0.0279536 
0.0266742 -0.00647791 -0.0278847 -0.0279536 
0.0266742 -0.00647791 -0.0278847 -0.0279536 
0.0266742 -0.00647791 -0.0278847 -0.0279536 
0.0266742 -0.00647791 -0.0278847 -0.0279536 
0.0266742 -0.00647791 -0.0278847 -0.0279536 
0.0266742 -0.00647791 -0.0278847 -0.0279536 
0.0266742 -0.00647791 -0.0278847 -0.0279536 
0.0266742 -0.00647791 -0.0278847 -0.0279536 
0.0266742 -0.00647791 -0.0278847 -0.0279536 
0.0266742 -0.00647791 -0.0278847 -0.0279536 
0.0266742 -0.00647791 -0.0278847 -0.0279536 
0.0266742 -0.00647791 -0.0278847 -0.0279536 
0.0266742 -0.00647791 -0.0278847 -0.0279536 
0.0266742 -0.00647791 -0.0278847 -0.0279536 
0.0266742 -0.00647791 -0.0278847 -0.0279536 
0.0266742 -0.00647791 -0.0278847 -0.0279536 
0.0266742 -0.00647791 -0.0278847 -0.0279536 
0.0266742 -0.00647791 -0.0278847 -0.0279536 
0.0266742 -0.00647791 -0.0278847 -0.0279536 
0.0266742 -0.00647791 -0.0278847 -0.0279536 
0.0266742 -0.00647791 -0.0278847 -0.0279536 
0.0266742 -0.00647791 -0.0278847 -0.0279536 
0.0266742 -0.00647791 -0.0278847 -0.0279536 
0.0266742 -0.00647791 -0.0278847 -0.0279536 
0.0266742 -0.00647791 -0.0278847 -0.0279536 
0.0266742 -0.00647791 -0.0278847 -0.0279536 
0.0266742 -0.00647791 -0.0278847 -0.0279536 
0.0266742 -0.00647791 -0.0278847 -0.0279536 
0.0266742 -0.00647791 -0.0278847 -0.0279536 
0.0266742 -0.00647791 -0.0278847 -0.0279536 
0.0266742 -0.00647791 -0.0278847 -0.0279536 
0.0266742 -0.00647791 -0.0278847 -0.0279536 
0.0266742 -0.00647791 -0.0278847 -0.0279536 
0.0266742 -0.00647791 -0.0278847 -0.0279536 
0.0266742 -0.00647791 -0.0278847 -0.0279536 
0.0266742 -0.00647791 -0.0278847 -0.0279536 
0.0266742 -0.00647791 -0.0278847 -0.0279536 
0.0266742 -0.00647791 -0.0278847 -0.0279536 
0.0266742 -0.00647791 -0.0278847 -0.0279536 
0.0266742 -0.00647791 -0.0278847 -0.0279536 
0.0266742 -0.00647791 -0.0278847 -0.0279536 
0.0266742 -0.00647791 -0.0278847 -0.0279536 
0.0266742 -0.00647791 -0.0278847 -0.0279536 
0.0266742 -0.00647791 -0.0278847 -0.0279536 
0.0266742 -0.00647791 -0.0278847 -0.0279536 
0.0266742 -0.00647791 -0.0278847 -0.0279536 
0.0266742 -0.00647791 -0.0278847 -0.0279536 
0.0266742 -0.00647791 -0.0278847 -0.0279536 
0.0266742 -0.00647791 -0.0278847 -0.0279536 
0.0266742 -0.00647791 -0.0278847 -0.0279536 
0.0266742 -0.00647791 -0.0278847 -0.0279536 
0.0266742 -0.00647791 -0.0278847 -0.0279536 
0.0266742 -0.00647791 -0.0278847 -0.0279536 
0.0266742 -0.00647791 -0.0278847 -0.0279536 
0.0266742 -0.00647791 -0.0278847 -0.0279536 
0.0266742 -0.00647791 -0.0278847 -0.0279536 
0.0266742 -0.00647791 -0.0278847 -0.0279536 
0.0266742 -0.00647791 -0.0278847 -0.0279536 
0.0266742 -0.00647791 -0.0278847 -0.0279536 
0.0266742 -0.00647791 -0.0278847 -0.0279536 
0.0266742 -0.00647791 -0.0278847 -0.0279536 
0.0266742 -0.00647791 -0.0278847 -0.0279536 
0.0266742 -0.00647791 -0.0278847 -0.0279536 
0.0266742 -0.00647791 -0.0278847 -0.0279536 
0.0266742 -0.00647791 -0.0278847 -0.0279536 
0.0266742 -0.00647791 -0.0278847 -0.0279536 
0.0266742 -0.00647791 -0.0278847 -0.0279536 
0.0266742 -0.00647791 -0.0278847 -0.0279536 
0.0266742 -0.00647791 -0.0278847 -0.0279536 
0.0266742 -0.00647791 -0.0278847 -0.0279536 
0.0266742 -0.00647791 -0.0278847 -0.0279536 
0.0266742 -0.00647791 -0.0278847 -0.0279536 
0.0266742 -0.00647791 -0.0278847 -0.0279536 
0.0266742 -0.00647791 -0.0278847 -0.0279536 
0.0266742 -0.00647791 -0.0278847 -0.0279536 
0.0266742 -0.00647791 -0.0278847 -0.0279536 
0.0266742 -0.00647791 -0.0278847 -0.0279536 
0.0266742 -0.00647791 -0.0278847 -0.0279536 
0.0266742 -0.00647791 -0.0278847 -0.0279536 
0.0266742 -0.00647791 -0.0278847 -0.0279536 
0.0266742 -0.00647791 -0.0278847 -0.0279536 
0.0266742 -0.00647791 -0.0278847 -0.0279536 
0.0266742 -0.00647791 -0.0278847 -0.0279536 
0.0266742 -0.00647791 -0.0278847 -0.0279536 
0.0266742 -0.00647791 -0.0278847 -0.0279536 
0.0266742 -0.00647791 -0.0278847 -0.0279536 
0.0266742 -0.00647791 -0.0278847 -0.0279536 
0.0266742 -0.00647791 -0.0278847 -0.0279536 
0.0266742 -0.00647791 -0.0278847 -0.0279536 
0.0266742 -0.00647791 -0.0278847 -0.0279536 
0.0266742 -0.00647791 -0.0278847 -0.0279536 
0.0266742 -0.00647791 -0.0278847 -0.0279536 
0.0266742 -0.00647791 -0.0278847 -0.0279536 
0.0266742 -0.00647791 -0.0278847 -0.0279536 
0.0266742 -0.00647791 -0.0278847 -0.0279536 
0.0266742 -0.00647791 -0.0278847 -0.0279536 
0.0266742 -0.00647791 -0.0278847 -0.0279536 
0.0266742 -0.00647791 -0.0278847 -0.0279536 
0.0266742 -0.00647791 -0.0278847 -0.0279536 
0.0266742 -0.00647791 -0.0278847 -0.0279536 
0.0266742 -0.00647791 -0.0278847 -0.0279536 
0.0266742 -0.00647791 -0.0278847 -0.0279536 
0.0266742 -0.00647791 -0.0278847 -0.0279536 
0.0266742 -0.00647791 -0.0278847 -0.0279536 
0.0266742 -0.00647791 -0.0278847 -0.0279536 
0.0266742 -0.00647791 -0.0278847 -0.0279536 
0.0266742 -0.00647791 -0.0278847 -0.0279536 
0.0266742 -0.00647791 -0.0278847 -0.0279536 
0.0266742 -0.00647791 -0.0278847 -0.0279536 
0.0266742 -0.00647791 -0.0278847 -0.0279536 
0.0266742 -0.00647791 -0.0278847 -0.0279536 
0.0266742 -0.00647791 -0.0278847 -0.0279536 
0.0266742 -0.00647791 -0.0278847 -0.0279536 
0.0266742 -0.00647791 -0.0278847 -0.0279536 
0.0266742 -0.00647791 -0.0278847 -0.0279536 
0.0266742 -0.00647791 -0.0278847 -0.0279536 
0.0266742 -0.00647791 -0.0278847 -0.0279536 
0.0266742 -0.00647791 -0.0278847 -0.0279536 
0.0266742 -0.00647791 -0.0278847 -0.0279536 
0.0266742 -0.00647791 -0.0278847 -0.0279536 
0.0266742 -0.00647791 -0.0278847 -0.0279536 
0.0266742 -0.00647791 -0.0278847 -0.0279536 
0.0266742 -0.00647791 -0.0278847 -0.0279536 
0.0266742 -0.00647791 -0.0278847 -0.0279536 
0.0266742 -0.00647791 -0.0278847 -0.0279536 
0.0266742 -0.00647791 -0.0278847 -0.0279536 
0.0266742 -0.00647791 -0.0278847 -0.0279536 
0.0266742 -0.00647791 -0.0278847 -0.0279536 
0.0266742 -0.00647791 -0.0278847 -0.0279536 
0.0266742 -0.00647791 -0.0278847 -0.0279536 
0.0266742 -0.00647791 -0.0278847 -0.0279536 
0.0266742 -0.00647791 -0.0278847 -0.0279536 
0.0266742 -0.00647791 -0.0278847 -0.0279536 
0.0266742 -0.00647791 -0.0278847 -0.0279536 
0.0266742 -0.00647791 -0.0278847 -0.0279536 
0.0266742 -0.00647791 -0.0278847 -0.0279536 
0.0266742 -0.00647791 -0.0278847 -0.0279536 
0.0266742 -0.00647791 -0.0278847 -0.0279536 
0.0266742 -0.00647791 -0.0278847 -0.0279536 
0.0266742 -0.00647791 -0.0278847 -0.0279536 
0.0266742 -0.00647791 -0.0278847 -0.0279536 
0.0266742 -0.00647791 -0.0278847 -0.0279536 
0.0266742 -0.00647791 -0.0278847 -0.0279536 
0.0266742 -0.00647791 -0.0278847 -0.0279536 
0.0266742 -0.00647791 -0.0278847 -0.0279536 
0.0266742 -0.00647791 -0.0278847 -0.0279536 
0.0266742 -0.00647791 -0.0278847 -0.0279536 
0.0266742 -0.00647791 -0.0278847 -0.0279536 
0.0266742 -0.00647791 -0.0278847 -0.0279536 
0.0266742 -0.00647791 -0.0278847 -0.0279536 
0.0266742 -0.00647791 -0.0278847 -0.0279536 
0.0266742 -0.00647791 -0.0278847 -0.0279536 
0.0266742 -0.00647791 -0.0278847 -0.0279536 
0.0266742 -0.00647791 -0.0278847 -0.0279536 
0.0266742 -0.00647791 -0.0278847 -0.0279536 
0.0266742 -0.00647791 -0.0278847 -0.0279536 
0.0266742 -0.00647791 -0.0278847 -0.0279536 
0.0266742 -0.00647791 -0.0278847 -0.0279536 
0.0266742 -0.00647791 -0.0278847 -0.0279536 
0.0266742 -0.00647791 -0.0278847 -0.0279536 
0.0266742 -0.00647791 -0.0278847 -0.0279536 
0.0266742 -0.00647791 -0.0278847 -0.0279536 
0.0266742 -0.00647791 -0.0278847 -0.0279536 
0.0266742 -0.00647791 -0.0278847 -0.0279536 
0.0266742 -0.00647791 -0.0278847 -0.0279536 
0.0266742 -0.00647791 -0.0278847 -0.0279536 
0.0266742 -0.00647791 -0.0278847 -0.0279536 
0.0266742 -0.00647791 -0.0278847 -0.0279536 
0.0266742 -0.00647791 -0.0278847 -0.0279536 
0.0266742 -0.00647791 -0.0278847 -0.0279536 
0.0266742 -0.00647791 -0.0278847 -0.0279536 
0.0266742 -0.00647791 -0.0278847 -0.0279536 
0.0266742 -0.00647791 -0.0278847 -0.0279536 
0.0266742 -0.00647791 -0.0278847 -0.0279536 
0.0266742 -0.00647791 -0.0278847 -0.0279536 
0.0266742 -0.00647791 -0.0278847 -0.0279536 
0.0266742 -0.00647791 -0.0278847 -0.0279536 
0.0266742 -0.00647791 -0.0278847 -0.0279536 
0.0266742 -0.00647791 -0.0278847 -0.0279536 
0.0266742 -0.00647791 -0.0278847 -0.0279536 
0.0266742 -0.00647791 -0.0278847 -0.0279536 
0.0266742 -0.00647791 -0.0278847 -0.0279536 
0.0266742 -0.00647791 -0.0278847 -0.0279536 
0.0266742 -0.00647791 -0.0278847 -0.0279536 
0.0266742 -0.00647791 -0.0278847 -0.0279536 
0.0266742 -0.00647791 -0.0278847 -0.0279536 
0.0266742 -0.00647791 -0.0278847 -0.0279536 
0.0266742 -0.00647791 -0.0278847 -0.0279536 
0.0266742 -0.00647791 -0.0278847 -0.0279536 
0.0266742 -0.00647791 -0.0278847 -0.0279536 
0.0266742 -0.00647791 -0.0278847 -0.0279536 
0.0266742 -0.00647791 -0.0278847 -0.0279536 
0.0266742 -0.00647791 -0.0278847 -0.0279536 
0.0266742 -0.00647791 -0.0278847 -0.0279536 
0.0266742 -0.00647791 -0.0278847 -0.0279536 
0.0266742 -0.00647791 -0.0278847 -0.0279536 
0.0266742 -0.00647791 -0.0278847 -0.0279536 
0.0266742 -0.00647791 -0.0278847 -0.0279536 
0.0266742 -0.00647791 -0.0278847 -0.0279536 
0.0266742 -0.00647791 -0.0278847 -0.0279536 
0.0266742 -0.00647791 -0.0278847 -0.0279536 
0.0266742 -0.00647791 -0.0278847 -0.0279536 
0.0266742 -0.00647791 -0.0278847 -0.0279536 
0.0266742 -0.00647791 -0.0278847 -0.0279536 
0.0266742 -0.00647791 -0.0278847 -0.0279536 
0.0266742 -0.00647791 -0.0278847 -0.0279536 
0.0266742 -0.00647791 -0.0278847 -0.0279536 
0.0266742 -0.00647791 -0.0278847 -0.0279536 
0.0266742 -0.00647791 -0.0278847 -0.0279536 
0.0266742 -0.00647791 -0.0278847 -0.0279536 
0.0266742 -0.00647791 -0.0278847 -0.0279536 
0.0266742 -0.00647791 -0.0278847 -0.0279536 
0.0266742 -0.00647791 -0.0278847 -0.0279536 
0.0266742 -0.00647791 -0.0278847 -0.0279536 
0.0266742 -0.00647791 -0.0278847 -0.0279536 
0.0266742 -0.00647791 -0.0278847 -0.0279536 
0.0266742 -0.00647791 -0.0278847 -0.0279536 
0.0266742 -0.00647791 -0.0278847 -0.0279536 
0.0266742 -0.00647791 -0.0278847 -0.0279536 
0.0266742 -0.00647791 -0.0278847 -0.0279536 
0.0266742 -0.00647791 -0.0278847 -0.0279536 
0.0266742 -0.00647791 -0.0278847 -0.0279536 
0.0266742 -0.00647791 -0.0278847 -0.0279536 
0.0266742 -0.00647791 -0.0278847 -0.0279536 
0.0266742 -0.00647791 -0.0278847 -0.0279536 
0.0266742 -0.00647791 -0.0278847 -0.0279536 
0.0266742 -0.00647791 -0.0278847 -0.0279536 
0.0266742 -0.00647791 -0.0278847 -0.0279536 
0.0266742 -0.00647791 -0.0278847 -0.0279536 
0.0266742 -0.00647791 -0.0278847 -0.0279536 
0.0266742 -0.00647791 -0.0278847 -0.0279536 
0.0266742 -0.00647791 -0.0278847 -0.0279536 
0.0266742 -0.00647791 -0.0278847 -0.0279536 
0.0266742 -0.00647791 -0.0278847 -0.0279536 
0.0266742 -0.00647791 -0.0278847 -0.0279536 
0.0266742 -0.00647791 -0.0278847 -0.0279536 
0.0266742 -0.00647791 -0.0278847 -0.0279536 
0.0266742 -0.00647791 -0.0278847 -0.0279536 
0.0266742 -0.00647791 -0.0278847 -0.0279536 
0.0266742 -0.00647791 -0.0278847 -0.0279536 
0.0266742 -0.00647791 -0.0278847 -0.0279536 
0.0266742 -0.00647791 -0.0278847 -0.0279536 
0.0266742 -0.00647791 -0.0278847 -0.0279536 
0.0266742 -0.00647791 -0.0278847 -0.0279536 
0.0266742 -0.00647791 -0.0278847 -0.0279536 
0.0266742 -0.00647791 -0.0278847 -0.0279536 
0.0266742 -0.00647791 -0.0278847 -0.0279536 
0.0266742 -0.00647791 -0.0278847 -0.0279536 
0.0266742 -0.00647791 -0.0278847 -0.0279536 
0.0266742 -0.00647791 -0.0278847 -0.0279536 
0.0266742 -0.00647791 -0.0278847 -0.0279536 
0.0266742 -0.00647791 -0.0278847 -0.0279536 
0.0266742 -0.00647791 -0.0278847 -0.0279536 
0.0266742 -0.00647791 -0.0278847 -0.0279536 
0.0266742 -0.00647791 -0.0278847 -0.0279536 
0.0266742 -0.00647791 -0.0278847 -0.0279536 
0.0266742 -0.00647791 -0.0278847 -0.0279536 
0.0266742 -0.00647791 -0.0278847 -0.0279536 
0.0266742 -0.00647791 -0.0278847 -0.0279536 
0.0266742 -0.00647791 -0.0278847 -0.0279536 
0.0266742 -0.00647791 -0.0278847 -0.0279536 
0.0266742 -0.00647791 -0.0278847 -0.0279536 
0.0266742 -0.00647791 -0.0278847 -0.0279536 
0.0266742 -0.00647791 -0.0278847 -0.0279536 
0.0266742 -0.00647791 -0.0278847 -0.0279536 
0.0266742 -0.00647791 -0.0278847 -0.0279536 
0.0266742 -0.00647791 -0.0278847 -0.0279536 
0.0266742 -0.00647791 -0.0278847 -0.0279536 
0.0266742 -0.00647791 -0.0278847 -0.0279536 
0.0266742 -0.00647791 -0.0278847 -0.0279536 
0.0266742 -0.00647791 -0.0278847 -0.0279536 
0.0266742 -0.00647791 -0.0278847 -0.0279536 
0.0266742 -0.00647791 -0.0278847 -0.0279536 
0.0266742 -0.00647791 -0.0278847 -0.0279536 
0.0266742 -0.00647791 -0.0278847 -0.0279536 
0.0266742 -0.00647791 -0.0278847 -0.0279536 
0.0266742 -0.00647791 -0.0278847 -0.0279536 
0.0266742 -0.00647791 -0.0278847 -0.0279536 
0.0266742 -0.00647791 -0.0278847 -0.0279536 
0.0266742 -0.00647791 -0.0278847 -0.0279536 
0.0266742 -0.00647791 -0.0278847 -0.0279536 
0.0266742 -0.00647791 -0.0278847 -0.0279536 
0.0266742 -0.00647791 -0.0278847 -0.0279536 
0.0266742 -0.00647791 -0.0278847 -0.0279536 
0.0266742 -0.00647791 -0.0278847 -0.0279536 
0.0266742 -0.00647791 -0.0278847 -0.0279536 
0.0266742 -0.00647791 -0.0278847 -0.0279536 
0.0266742 -0.00647791 -0.0278847 -0.0279536 
0.0266742 -0.00647791 -0.0278847 -0.0279536 
0.0266742 -0.00647791 -0.0278847 -0.0279536 
0.0266742 -0.00647791 -0.0278847 -0.0279536 
0.0266742 -0.00647791 -0.0278847 -0.0279536 
0.0266742 -0.00647791 -0.0278847 -0.0279536 
0.0266742 -0.00647791 -0.0278847 -0.0279536 
0.0266742 -0.00647791 -0.0278847 -0.0279536 
0.0266742 -0.00647791 -0.0278847 -0.0279536 
0.0266742 -0.00647791 -0.0278847 -0.0279536 
0.0266742 -0.00647791 -0.0278847 -0.0279536 
0.0266742 -0.00647791 -0.0278847 -0.0279536 
0.0266742 -0.00647791 -0.0278847 -0.0279536 
0.0266742 -0.00647791 -0.0278847 -0.0279536 
0.0266742 -0.00647791 -0.0278847 -0.0279536 
0.0266742 -0.00647791 -0.0278847 -0.0279536 
0.0266742 -0.00647791 -0.0278847 -0.0279536 
0.0266742 -0.00647791 -0.0278847 -0.0279536 
0.0266742 -0.00647791 -0.0278847 -0.0279536 
0.0266742 -0.00647791 -0.0278847 -0.0279536 
0.0266742 -0.00647791 -0.0278847 -0.0279536 
0.0266742 -0.00647791 -0.0278847 -0.0279536 
0.0266742 -0.00647791 -0.0278847 -0.0279536 
0.0266742 -0.00647791 -0.0278847 -0.0279536 
0.0266742 -0.00647791 -0.0278847 -0.0279536 
0.0266742 -0.00647791 -0.0278847 -0.0279536 
0.0266742 -0.00647791 -0.0278847 -0.0279536 
0.0266742 -0.00647791 -0.0278847 -0.0279536 
0.0266742 -0.00647791 -0.0278847 -0.0279536 
0.0266742 -0.00647791 -0.0278847 -0.0279536 
0.0266742 -0.00647791 -0.0278847 -0.0279536 
0.0266742 -0.00647791 -0.0278847 -0.0279536 
0.0266742 -0.00647791 -0.0278847 -0.0279536 
0.0266742 -0.00647791 -0.0278847 -0.0279536 
0.0266742 -0.00647791 -0.0278847 -0.0279536 
0.0266742 -0.00647791 -0.0278847 -0.0279536 
0.0266742 -0.00647791 -0.0278847 -0.0279536 
0.0266742 -0.00647791 -0.0278847 -0.0279536 
0.0266742 -0.00647791 -0.0278847 -0.0279536 
0.0266742 -0.00647791 -0.0278847 -0.0279536 
0.0266742 -0.00647791 -0.0278847 -0.0279536 
0.0266742 -0.00647791 -0.0278847 -0.0279536 
0.0266742 -0.00647791 -0.0278847 -0.0279536 
0.0266742 -0.00647791 -0.0278847 -0.0279536 
0.0266742 -0.00647791 -0.0278847 -0.0279536 
0.0266742 -0.00647791 -0.0278847 -0.0279536 
0.0266742 -0.00647791 -0.0278847 -0.0279536 
0.0266742 -0.00647791 -0.0278847 -0.0279536 
0.0266742 -0.00647791 -0.0278847 -0.0279536 
0.0266742 -0.00647791 -0.0278847 -0.0279536 
0.0266742 -0.00647791 -0.0278847 -0.0279536 
0.0266742 -0.00647791 -0.0278847 -0.0279536 
0.0266742 -0.00647791 -0.0278847 -0.0279536 
0.0266742 -0.00647791 -0.0278847 -0.0279536 
0.0266742 -0.00647791 -0.0278847 -0.0279536 
0.0266742 -0.00647791 -0.0278847 -0.0279536 
0.0266742 -0.00647791 -0.0278847 -0.0279536 
0.0266742 -0.00647791 -0.0278847 -0.0279536 
0.0266742 -0.00647791 -0.0278847 -0.0279536 
0.0266742 -0.00647791 -0.0278847 -0.0279536 
0.0266742 -0.00647791 -0.0278847 -0.0279536 
0.0266742 -0.00647791 -0.0278847 -0.0279536 
0.0266742 -0.00647791 -0.0278847 -0.0279536 
0.0266742 -0.00647791 -0.0278847 -0.0279536 
0.0266742 -0.00647791 -0.0278847 -0.0279536 
0.0266742 -0.00647791 -0.0278847 -0.0279536 
0.0266742 -0.00647791 -0.0278847 -0.0279536 
0.0266742 -0.00647791 -0.0278847 -0.0279536 
0.0266742 -0.00647791 -0.0278847 -0.0279536 
0.0266742 -0.00647791 -0.0278847 -0.0279536 
0.0266742 -0.00647791 -0.0278847 -0.0279536 
0.0266742 -0.00647791 -0.0278847 -0.0279536 
0.0266742 -0.00647791 -0.0278847 -0.0279536 
0.0266742 -0.00647791 -0.0278847 -0.0279536 
0.0266742 -0.00647791 -0.0278847 -0.0279536 
0.0266742 -0.00647791 -0.0278847 -0.0279536 
0.0266742 -0.00647791 -0.0278847 -0.0279536 
0.0266742 -0.00647791 -0.0278847 -0.0279536 
0.0266742 -0.00647791 -0.0278847 -0.0279536 
0.0266742 -0.00647791 -0.0278847 -0.0279536 
0.0266742 -0.00647791 -0.0278847 -0.0279536 
0.0266742 -0.00647791 -0.0278847 -0.0279536 
0.0266742 -0.00647791 -0.0278847 -0.0279536 
0.0266742 -0.00647791 -0.0278847 -0.0279536 
0.0266742 -0.00647791 -0.0278847 -0.0279536 
0.0266742 -0.00647791 -0.0278847 -0.0279536 
0.0266742 -0.00647791 -0.0278847 -0.0279536 
0.0266742 -0.00647791 -0.0278847 -0.0279536 
0.0266742 -0.00647791 -0.0278847 -0.0279536 
0.0266742 -0.00647791 -0.0278847 -0.0279536 
0.0266742 -0.00647791 -0.0278847 -0.0279536 
0.0266742 -0.00647791 -0.0278847 -0.0279536 
0.0266742 -0.00647791 -0.0278847 -0.0279536 
0.0266742 -0.00647791 -0.0278847 -0.0279536 
0.0266742 -0.00647791 -0.0278847 -0.0279536 
0.0266742 -0.00647791 -0.0278847 -0.0279536 
0.0266742 -0.00647791 -0.0278847 -0.0279536 
0.0266742 -0.00647791 -0.0278847 -0.0279536 
0.0266742 -0.00647791 -0.0278847 -0.0279536 
0.0266742 -0.00647791 -0.0278847 -0.0279536 
0.0266742 -0.00647791 -0.0278847 -0.0279536 
0.0266742 -0.00647791 -0.0278847 -0.0279536 
0.0266742 -0.00647791 -0.0278847 -0.0279536 
0.0266742 -0.00647791 -0.0278847 -0.0279536 
0.0266742 -0.00647791 -0.0278847 -0.0279536 
0.0266742 -0.00647791 -0.0278847 -0.0279536 
0.0266742 -0.00647791 -0.0278847 -0.0279536 
0.0266742 -0.00647791 -0.0278847 -0.0279536 
0.0266742 -0.00647791 -0.0278847 -0.0279536 
0.0266742 -0.00647791 -0.0278847 -0.0279536 
0.0266742 -0.00647791 -0.0278847 -0.0279536 
0.0266742 -0.00647791 -0.0278847 -0.0279536 
0.0266742 -0.00647791 -0.0278847 -0.0279536 
0.0266742 -0.00647791 -0.0278847 -0.0279536 
0.0266742 -0.00647791 -0.0278847 -0.0279536 
0.0266742 -0.00647791 -0.0278847 -0.0279536 
0.0266742 -0.00647791 -0.0278847 -0.0279536 
0.0266742 -0.00647791 -0.0278847 -0.0279536 
0.0266742 -0.00647791 -0.0278847 -0.0279536 
0.0266742 -0.00647791 -0.0278847 -0.0279536 
0.0266742 -0.00647791 -0.0278847 -0.0279536 
0.0266742 -0.00647791 -0.0278847 -0.0279536 
0.0266742 -0.00647791 -0.0278847 -0.0279536 
0.0266742 -0.00647791 -0.0278847 -0.0279536 
0.0266742 -0.00647791 -0.0278847 -0.0279536 
0.0266742 -0.00647791 -0.0278847 -0.0279536 
0.0266742 -0.00647791 -0.0278847 -0.0279536 
0.0266742 -0.00647791 -0.0278847 -0.0279536 
0.0266742 -0.00647791 -0.0278847 -0.0279536 
0.0266742 -0.00647791 -0.0278847 -0.0279536 
0.0266742 -0.00647791 -0.0278847 -0.0279536 
0.0266742 -0.00647791 -0.0278847 -0.0279536 
0.0266742 -0.00647791 -0.0278847 -0.0279536 
0.0266742 -0.00647791 -0.0278847 -0.0279536 
0.0266742 -0.00647791 -0.0278847 -0.0279536 
0.0266742 -0.00647791 -0.0278847 -0.0279536 
0.0266742 -0.00647791 -0.0278847 -0.0279536 
0.0266742 -0.00647791 -0.0278847 -0.0279536 
0.0266742 -0.00647791 -0.0278847 -0.0279536 
0.0266742 -0.00647791 -0.0278847 -0.0279536 
0.0266742 -0.00647791 -0.0278847 -0.0279536 
0.0266742 -0.00647791 -0.0278847 -0.0279536 
0.0266742 -0.00647791 -0.0278847 -0.0279536 
0.0266742 -0.00647791 -0.0278847 -0.0279536 
0.0266742 -0.00647791 -0.0278847 -0.0279536 
0.0266742 -0.00647791 -0.0278847 -0.0279536 
0.0266742 -0.00647791 -0.0278847 -0.0279536 
0.0266742 -0.00647791 -0.0278847 -0.0279536 
0.0266742 -0.00647791 -0.0278847 -0.0279536 
0.0266742 -0.00647791 -0.0278847 -0.0279536 
0.0266742 -0.00647791 -0.0278847 -0.0279536 
0.0266742 -0.00647791 -0.0278847 -0.0279536 
0.0266742 -0.00647791 -0.0278847 -0.0279536 
0.0266742 -0.00647791 -0.0278847 -0.0279536 
0.0266742 -0.00647791 -0.0278847 -0.0279536 
0.0266742 -0.00647791 -0.0278847 -0.0279536 
0.0266742 -0.00647791 -0.0278847 -0.0279536 
0.0266742 -0.00647791 -0.0278847 -0.0279536 
0.0266742 -0.00647791 -0.0278847 -0.0279536 
0.0266742 -0.00647791 -0.0278847 -0.0279536 
0.0266742 -0.00647791 -0.0278847 -0.0279536 
0.0266742 -0.00647791 -0.0278847 -0.0279536 
0.0266742 -0.00647791 -0.0278847 -0.0279536 
0.0266742 -0.00647791 -0.0278847 -0.0279536 
0.0266742 -0.00647791 -0.0278847 -0.0279536 
0.0266742 -0.00647791 -0.0278847 -0.0279536 
0.0266742 -0.00647791 -0.0278847 -0.0279536 
0.0266742 -0.00647791 -0.0278847 -0.0279536 
0.0266742 -0.00647791 -0.0278847 -0.0279536 
0.0266742 -0.00647791 -0.0278847 -0.0279536 
0.0266742 -0.00647791 -0.0278847 -0.0279536 
0.0266742 -0.00647791 -0.0278847 -0.0279536 
0.0266742 -0.00647791 -0.0278847 -0.0279536 
0.0266742 -0.00647791 -0.0278847 -0.0279536 
0.0266742 -0.00647791 -0.0278847 -0.0279536 
0.0266742 -0.00647791 -0.0278847 -0.0279536 
0.0266742 -0.00647791 -0.0278847 -0.0279536 
0.0266742 -0.00647791 -0.0278847 -0.0279536 
0.0266742 -0.00647791 -0.0278847 -0.0279536 
0.0266742 -0.00647791 -0.0278847 -0.0279536 
0.0266742 -0.00647791 -0.0278847 -0.0279536 
0.0266742 -0.00647791 -0.0278847 -0.0279536 
0.0266742 -0.00647791 -0.0278847 -0.0279536 
0.0266742 -0.00647791 -0.0278847 -0.0279536 
0.0266742 -0.00647791 -0.0278847 -0.0279536 
0.0266742 -0.00647791 -0.0278847 -0.0279536 
0.0266742 -0.00647791 -0.0278847 -0.0279536 
0.0266742 -0.00647791 -0.0278847 -0.0279536 
0.0266742 -0.00647791 -0.0278847 -0.0279536 
0.0266742 -0.00647791 -0.0278847 -0.0279536 
0.0266742 -0.00647791 -0.0278847 -0.0279536 
0.0266742 -0.00647791 -0.0278847 -0.0279536 
0.0266742 -0.00647791 -0.0278847 -0.0279536 
0.0266742 -0.00647791 -0.0278847 -0.0279536 
0.0266742 -0.00647791 -0.0278847 -0.0279536 
0.0266742 -0.00647791 -0.0278847 -0.0279536 
0.0266742 -0.00647791 -0.0278847 -0.0279536 
0.0266742 -0.00647791 -0.0278847 -0.0279536 
0.0266742 -0.00647791 -0.0278847 -0.0279536 
0.0266742 -0.00647791 -0.0278847 -0.0279536 
0.0266742 -0.00647791 -0.0278847 -0.0279536 
0.0266742 -0.00647791 -0.0278847 -0.0279536 
0.0266742 -0.00647791 -0.0278847 -0.0279536 
0.0266742 -0.00647791 -0.0278847 -0.0279536 
0.0266742 -0.00647791 -0.0278847 -0.0279536 
0.0266742 -0.00647791 -0.0278847 -0.0279536 
0.0266742 -0.00647791 -0.0278847 -0.0279536 
0.0266742 -0.00647791 -0.0278847 -0.0279536 
0.0266742 -0.00647791 -0.0278847 -0.0279536 
0.0266742 -0.00647791 -0.0278847 -0.0279536 
0.0266742 -0.00647791 -0.0278847 -0.0279536 
0.0266742 -0.00647791 -0.0278847 -0.0279536 
0.0266742 -0.00647791 -0.0278847 -0.0279536 
0.0266742 -0.00647791 -0.0278847 -0.0279536 
0.0266742 -0.00647791 -0.0278847 -0.0279536 
0.0266742 -0.00647791 -0.0278847 -0.0279536 
0.0266742 -0.00647791 -0.0278847 -0.0279536 
0.0266742 -0.00647791 -0.0278847 -0.0279536 
0.0266742 -0.00647791 -0.0278847 -0.0279536 
0.0266742 -0.00647791 -0.0278847 -0.0279536 
0.0266742 -0.00647791 -0.0278847 -0.0279536 
0.0266742 -0.00647791 -0.0278847 -0.0279536 
0.0266742 -0.00647791 -0.0278847 -0.0279536 
0.0266742 -0.00647791 -0.0278847 -0.0279536 
0.0266742 -0.00647791 -0.0278847 -0.0279536 
0.0266742 -0.00647791 -0.0278847 -0.0279536 
0.0266742 -0.00647791 -0.0278847 -0.0279536 
0.0266742 -0.00647791 -0.0278847 -0.0279536 
0.0266742 -0.00647791 -0.0278847 -0.0279536 
0.0266742 -0.00647791 -0.0278847 -0.0279536 
0.0266742 -0.00647791 -0.0278847 -0.0279536 
0.0266742 -0.00647791 -0.0278847 -0.0279536 
0.0266742 -0.00647791 -0.0278847 -0.0279536 
0.0266742 -0.00647791 -0.0278847 -0.0279536 
0.0266742 -0.00647791 -0.0278847 -0.0279536 
0.0266742 -0.00647791 -0.0278847 -0.0279536 
0.0266742 -0.00647791 -0.0278847 -0.0279536 
0.0266742 -0.00647791 -0.0278847 -0.0279536 
0.0266742 -0.00647791 -0.0278847 -0.0279536 
0.0266742 -0.00647791 -0.0278847 -0.0279536 
0.0266742 -0.00647791 -0.0278847 -0.0279536 
0.0266742 -0.00647791 -0.0278847 -0.0279536 
0.0266742 -0.00647791 -0.0278847 -0.0279536 
0.0266742 -0.00647791 -0.0278847 -0.0279536 
0.0266742 -0.00647791 -0.0278847 -0.0279536 
0.0266742 -0.00647791 -0.0278847 -0.0279536 
0.0266742 -0.00647791 -0.0278847 -0.0279536 
0.0266742 -0.00647791 -0.0278847 -0.0279536 
0.0266742 -0.00647791 -0.0278847 -0.0279536 
0.0266742 -0.00647791 -0.0278847 -0.0279536 
0.0266742 -0.00647791 -0.0278847 -0.0279536 
0.0266742 -0.00647791 -0.0278847 -0.0279536 
0.0266742 -0.00647791 -0.0278847 -0.0279536 
0.0266742 -0.00647791 -0.0278847 -0.0279536 
0.0266742 -0.00647791 -0.0278847 -0.0279536 
0.0266742 -0.00647791 -0.0278847 -0.0279536 
0.0266742 -0.00647791 -0.0278847 -0.0279536 
0.0266742 -0.00647791 -0.0278847 -0.0279536 
0.0266742 -0.00647791 -0.0278847 -0.0279536 
0.0266742 -0.00647791 -0.0278847 -0.0279536 
0.0266742 -0.00647791 -0.0278847 -0.0279536 
0.0266742 -0.00647791 -0.0278847 -0.0279536 
0.0266742 -0.00647791 -0.0278847 -0.0279536 
0.0266742 -0.00647791 -0.0278847 -0.0279536 
0.0266742 -0.00647791 -0.0278847 -0.0279536 
0.0266742 -0.00647791 -0.0278847 -0.0279536 
0.0266742 -0.00647791 -0.0278847 -0.0279536 
0.0266742 -0.00647791 -0.0278847 -0.0279536 
0.0266742 -0.00647791 -0.0278847 -0.0279536 
0.0266742 -0.00647791 -0.0278847 -0.0279536 
0.0266742 -0.00647791 -0.0278847 -0.0279536 
0.0266742 -0.00647791 -0.0278847 -0.0279536 
0.0266742 -0.00647791 -0.0278847 -0.0279536 
0.0266742 -0.00647791 -0.0278847 -0.0279536 
0.0266742 -0.00647791 -0.0278847 -0.0279536 
0.0266742 -0.00647791 -0.0278847 -0.0279536 
0.0266742 -0.00647791 -0.0278847 -0.0279536 
0.0266742 -0.00647791 -0.0278847 -0.0279536 
0.0266742 -0.00647791 -0.0278847 -0.0279536 
0.0266742 -0.00647791 -0.0278847 -0.0279536 
0.0266742 -0.00647791 -0.0278847 -0.0279536 
0.0266742 -0.00647791 -0.0278847 -0.0279536 
0.0266742 -0.00647791 -0.0278847 -0.0279536 
0.0266742 -0.00647791 -0.0278847 -0.0279536 
0.0266742 -0.00647791 -0.0278847 -0.0279536 
0.0266742 -0.00647791 -0.0278847 -0.0279536 
0.0266742 -0.00647791 -0.0278847 -0.0279536 
0.0266742 -0.00647791 -0.0278847 -0.0279536 
0.0266742 -0.00647791 -0.0278847 -0.0279536 
0.0266742 -0.00647791 -0.0278847 -0.0279536 
0.0266742 -0.00647791 -0.0278847 -0.0279536 
0.0266742 -0.00647791 -0.0278847 -0.0279536 
0.0266742 -0.00647791 -0.0278847 -0.0279536 
0.0266742 -0.00647791 -0.0278847 -0.0279536 
0.0266742 -0.00647791 -0.0278847 -0.0279536 
0.0266742 -0.00647791 -0.0278847 -0.0279536 
0.0266742 -0.00647791 -0.0278847 -0.0279536 
0.0266742 -0.00647791 -0.0278847 -0.0279536 
0.0266742 -0.00647791 -0.0278847 -0.0279536 
0.0266742 -0.00647791 -0.0278847 -0.0279536 
0.0266742 -0.00647791 -0.0278847 -0.0279536 
0.0266742 -0.00647791 -0.0278847 -0.0279536 
0.0266742 -0.00647791 -0.0278847 -0.0279536 
0.0266742 -0.00647791 -0.0278847 -0.0279536 
0.0266742 -0.00647791 -0.0278847 -0.0279536 
0.0266742 -0.00647791 -0.0278847 -0.0279536 
0.0266742 -0.00647791 -0.0278847 -0.0279536 
0.0266742 -0.00647791 -0.0278847 -0.0279536 
0.0266742 -0.00647791 -0.0278847 -0.0279536 
0.0266742 -0.00647791 -0.0278847 -0.0279536 
0.0266742 -0.00647791 -0.0278847 -0.0279536 
0.0266742 -0.00647791 -0.0278847 -0.0279536 
0.0266742 -0.00647791 -0.0278847 -0.0279536 
0.0266742 -0.00647791 -0.0278847 -0.0279536 
0.0266742 -0.00647791 -0.0278847 -0.0279536 
0.0266742 -0.00647791 -0.0278847 -0.0279536 
0.0266742 -0.00647791 -0.0278847 -0.0279536 
0.0266742 -0.00647791 -0.0278847 -0.0279536 
0.0266742 -0.00647791 -0.0278847 -0.0279536 
0.0266742 -0.00647791 -0.0278847 -0.0279536 
0.0266742 -0.00647791 -0.0278847 -0.0279536 
0.0266742 -0.00647791 -0.0278847 -0.0279536 
0.0266742 -0.00647791 -0.0278847 -0.0279536 
0.0266742 -0.00647791 -0.0278847 -0.0279536 
0.0266742 -0.00647791 -0.0278847 -0.0279536 
0.0266742 -0.00647791 -0.0278847 -0.0279536 
0.0266742 -0.00647791 -0.0278847 -0.0279536 
0.0266742 -0.00647791 -0.0278847 -0.0279536 
0.0266742 -0.00647791 -0.0278847 -0.0279536 
0.0266742 -0.00647791 -0.0278847 -0.0279536 
0.0266742 -0.00647791 -0.0278847 -0.0279536 
0.0266742 -0.00647791 -0.0278847 -0.0279536 
0.0266742 -0.00647791 -0.0278847 -0.0279536 
0.0266742 -0.00647791 -0.0278847 -0.0279536 
0.0266742 -0.00647791 -0.0278847 -0.0279536 
0.0266742 -0.00647791 -0.0278847 -0.0279536 
0.0266742 -0.00647791 -0.0278847 -0.0279536 
0.0266742 -0.00647791 -0.0278847 -0.0279536 
0.0266742 -0.00647791 -0.0278847 -0.0279536 
0.0266742 -0.00647791 -0.0278847 -0.0279536 
0.0266742 -0.00647791 -0.0278847 -0.0279536 
0.0266742 -0.00647791 -0.0278847 -0.0279536 
0.0266742 -0.00647791 -0.0278847 -0.0279536 
0.0266742 -0.00647791 -0.0278847 -0.0279536 
0.0266742 -0.00647791 -0.0278847 -0.0279536 
0.0266742 -0.00647791 -0.0278847 -0.0279536 
