0 0 0 0 
0.360519 1.75783 -0.0109702 1.70997 
0.360329 1.75695 -0.011247 1.70902 
0.360138 1.75607 -0.0113938 1.70808 
0.360138 1.75607 -0.0113938 1.70808 
0.847316 3.30445 0.369896 3.43862 
0.849991 3.27012 0.369466 3.4075 
0.851467 3.2527 0.36596 3.3979 
0.853068 3.23088 0.361063 3.38498 
0.853068 3.23088 0.361063 3.38498 
0.85718 3.20337 0.35588 3.37016 
0.859752 3.14121 0.344176 3.35349 
0.862571 3.10257 0.33709 3.31081 
0.868457 3.02088 0.332595 3.24542 
0.868457 3.02088 0.332595 3.24542 
0.876349 2.9788 0.318524 3.22053 
0.880157 2.88836 0.310784 3.1658 
0.884083 2.83891 0.302888 3.13473 
0.887671 2.78732 0.294622 3.10174 
0.890277 2.78732 0.294622 3.10174 
0.893935 2.73168 0.285318 3.06497 
0.896751 2.67911 0.277305 3.03069 
0.898387 2.56386 0.258702 2.95177 
0.90467 2.4718 0.253687 2.87749 
0.906296 2.41479 0.24335 2.83434 
0.906296 2.41479 0.24335 2.83434 
0.904457 2.35494 0.233984 2.79324 
0.900143 2.2513 0.214832 2.71156 
0.894275 2.20106 0.204348 2.66875 
0.886628 2.15196 0.193215 2.62537 
0.886628 2.15196 0.193215 2.62537 
0.867165 2.10103 0.180633 2.57854 
0.854566 2.00912 0.156654 2.49044 
0.851346 1.96424 0.153486 2.44571 
0.837825 1.92244 0.141129 2.40237 
0.823323 1.88181 0.127405 2.35477 
0.823323 1.88181 0.127405 2.35477 
0.791859 1.80354 0.103459 2.27132 
0.775617 1.76643 0.0915494 2.22782 
0.758715 1.73008 0.0795913 2.18405 
0.741384 1.69484 0.0678424 2.1363 
0.741384 1.69484 0.0678424 2.1363 
0.722257 1.62416 0.0550354 2.04992 
0.69775 1.61525 0.0445458 2.03017 
0.678843 1.58567 0.0335347 1.98865 
0.659425 1.55744 0.0225214 1.94772 
0.639557 1.5307 0.0103522 1.90261 
0.639557 1.5307 0.0103522 1.90261 
0.617836 1.48159 -0.0100033 1.82849 
0.577381 1.45958 -0.0199258 1.79 
0.555985 1.43901 -0.0297405 1.75175 
0.534308 1.4198 -0.0392476 1.71405 
0.511064 1.39754 -0.0496735 1.6722 
0.511064 1.39754 -0.0496735 1.6722 
0.48765 1.40533 -0.05319 1.63109 
0.458851 1.39224 -0.0613002 1.60482 
0.436477 1.38073 -0.0691433 1.57158 
0.413971 1.37052 -0.0769261 1.53901 
0.390038 1.35675 -0.0856224 1.50199 
0.390038 1.35675 -0.0856224 1.50199 
0.345395 1.34964 -0.0985033 1.47116 
0.322333 1.34503 -0.104836 1.41684 
0.29785 1.33754 -0.112036 1.38307 
0.288265 1.37681 -0.103787 1.3958 
0.288265 1.37681 -0.103787 1.3958 
0.241299 1.37188 -0.114542 1.36354 
0.21781 1.38307 -0.119604 1.31937 
0.194339 1.38772 -0.124316 1.29616 
0.170936 1.39352 -0.130128 1.26811 
0.170936 1.39352 -0.130128 1.26811 
0.124516 1.39489 -0.134589 1.24673 
0.101704 1.41732 -0.14165 1.21222 
0.0780506 1.42159 -0.146486 1.18804 
0.0670272 1.46583 -0.138288 1.20404 
0.0670272 1.46583 -0.138288 1.20404 
0.0441711 1.47136 -0.142614 1.18159 
0.00222848 1.50245 -0.14481 1.17204 
-0.0185057 1.51581 -0.150769 1.14435 
-0.038689 1.52951 -0.153454 1.13212 
-0.0582955 1.5435 -0.156077 1.12074 
-0.0582955 1.5435 -0.156077 1.12074 
-0.0956659 1.55178 -0.159621 1.10438 
-0.114213 1.58082 -0.163972 1.08596 
-0.123393 1.61974 -0.15749 1.1019 
-0.139624 1.63459 -0.158991 1.09478 
-0.139624 1.63459 -0.158991 1.09478 
-0.169985 1.64308 -0.161524 1.08251 
-0.183915 1.67874 -0.162848 1.0783 
-0.197083 1.69291 -0.163667 1.07435 
-0.209374 1.70682 -0.164377 1.071 
-0.221597 1.71405 -0.165978 1.06229 
-0.232175 1.71405 -0.165978 1.06229 
-0.241838 1.74014 -0.166341 1.05896 
-0.24667 1.76701 -0.162081 1.07218 
-0.254484 1.77897 -0.16173 1.07196 
-0.262246 1.78388 -0.162455 1.06633 
-0.268391 1.78388 -0.162455 1.06633 
-0.272783 1.81194 -0.161948 1.07515 
-0.277043 1.82164 -0.159289 1.07729 
-0.280421 1.8308 -0.158358 1.07998 
-0.283706 1.83275 -0.158449 1.07717 
-0.285356 1.83275 -0.158449 1.07717 
-0.286107 1.84805 -0.157343 1.08531 
-0.285333 1.86416 -0.153733 1.09893 
-0.284195 1.87014 -0.152093 1.10411 
-0.282246 1.87556 -0.150415 1.10983 
-0.280399 1.87794 -0.149928 1.11679 
-0.280399 1.87794 -0.149928 1.11679 
-0.271657 1.88816 -0.145007 1.12996 
-0.266499 1.89104 -0.14302 1.13749 
-0.260637 1.89335 -0.141014 1.14549 
-0.254059 1.89511 -0.13897 1.15391 
-0.240725 1.88378 -0.137288 1.16004 
-0.240725 1.88378 -0.137288 1.16004 
-0.233038 1.89655 -0.135501 1.18121 
-0.224646 1.88948 -0.134424 1.18511 
-0.224646 1.88854 -0.134424 1.1954 
-0.20267 1.89365 -0.12786 1.21195 
-0.191395 1.89171 -0.125204 1.22284 
-0.179631 1.88947 -0.122554 1.23413 
-0.167385 1.88683 -0.12135 1.23985 
-0.167385 1.87743 -0.12135 1.25183 
-0.142826 1.87424 -0.116035 1.26407 
-0.133155 1.87566 -0.117191 1.2813 
-0.120412 1.86536 -0.115824 1.28812 
-0.105682 1.86536 -0.115824 1.28812 
-0.0889408 1.86213 -0.112684 1.31973 
-0.0734988 1.85728 -0.10446 1.33293 
-0.0578886 1.85225 -0.101246 1.34642 
-0.0420607 1.84713 -0.0980342 1.36012 
-0.0277812 1.83074 -0.0966245 1.38256 
-0.011673 1.83074 -0.0966245 1.38256 
0.00463053 1.82552 -0.0903741 1.39684 
0.0162067 1.82497 -0.0923132 1.41647 
0.0482847 1.8137 -0.0908453 1.42532 
0.0482847 1.8137 -0.0908453 1.42532 
0.068051 1.80765 -0.0871948 1.45966 
0.0853775 1.80071 -0.0776194 1.47417 
0.102701 1.79496 -0.0739825 1.48885 
0.119882 1.78928 -0.0726007 1.4983 
0.134464 1.78928 -0.0726007 1.4983 
0.153834 1.77846 -0.0690933 1.53356 
0.168146 1.76826 -0.0620984 1.54316 
0.168146 1.75834 -0.060955 1.55289 
0.182239 1.76081 -0.0608687 1.57741 
0.214724 1.75497 -0.0568982 1.59192 
0.231839 1.74941 -0.0530058 1.60647 
0.24509 1.74055 -0.0519148 1.61608 
0.24509 1.74055 -0.0519148 1.61608 
0.281563 1.73477 -0.0415511 1.64998 
0.297583 1.73044 -0.0378856 1.66426 
0.313197 1.72648 -0.0342872 1.67854 
0.324839 1.71223 -0.0329057 1.69707 
0.336102 1.71223 -0.0329057 1.69707 
0.35088 1.70957 -0.0326929 1.71659 
0.366528 1.70505 -0.0320551 1.72543 
0.366528 1.70505 -0.0320551 1.72543 
0.376646 1.69724 -0.0206747 1.75596 
0.396586 1.69395 -0.0168436 1.76869 
0.424873 1.69098 -0.0130954 1.7813 
0.438285 1.68835 -0.00946753 1.79375 
0.446092 1.68442 -0.00939066 1.80162 
0.465383 1.67936 -0.00613438 1.82114 
0.465383 1.67936 -0.00613438 1.82114 
0.465903 1.67195 -0.0138958 1.82114 
0.492842 1.66706 -0.00154583 1.84459 
0.505208 1.66427 0.00235944 1.85493 
0.517072 1.66183 0.00615304 1.8651 
0.528408 1.65975 0.00562223 1.87125 
0.532117 1.65975 0.00562223 1.87125 
0.54947 1.65668 0.0168169 1.89401 
0.559087 1.65577 0.020043 1.90307 
0.562553 1.65672 0.0176548 1.91293 
0.562553 1.65672 0.0176548 1.91293 
0.562553 1.65672 0.0176548 1.91293 
0.587535 1.64188 0.0137947 1.91311 
0.596769 1.6323 0.0260449 1.93007 
0.605453 1.6302 0.0293909 1.93658 
0.613571 1.62845 0.0326038 1.94279 
0.611535 1.63145 0.0305854 1.94573 
0.618564 1.63145 0.0305854 1.94573 
0.63451 1.63029 0.0335004 1.95133 
0.626353 1.63354 0.0362158 1.96326 
0.626353 1.63354 0.0362158 1.96326 
0.64308 1.60173 0.0378344 1.95643 
0.649949 1.59841 0.0408601 1.95963 
0.649949 1.59841 0.0408601 1.95963 
0.662429 1.60398 0.0378434 1.96037 
0.667642 1.58985 0.0466824 1.9672 
0.67227 1.58774 0.0518208 1.96915 
0.676341 1.58595 0.0541117 1.97082 
0.667229 1.59326 0.0502416 1.9701 
0.660105 1.60789 0.0439084 1.96981 
0.64956 1.57449 0.0391926 1.94911 
0.657528 1.56948 0.0417518 1.94799 
0.661605 1.56474 0.0443206 1.94648 
0.665198 1.56026 0.0468276 1.94465 
0.665198 1.56026 0.0468276 1.94465 
0.671124 1.55202 0.0516094 1.94141 
0.673046 1.54877 0.0537837 1.93758 
0.674569 1.54568 0.0558107 1.93479 
0.675592 1.54286 0.0576485 1.93177 
0.627625 1.56615 0.0418635 1.91785 
0.633211 1.57797 0.0380754 1.89229 
0.636247 1.52807 0.0403362 1.88716 
0.638957 1.52051 0.0426448 1.88175 
0.64133 1.51331 0.0448867 1.87613 
0.64133 1.51331 0.0448867 1.87613 
0.622795 1.52718 0.0393601 1.86433 
0.646088 1.49951 0.0511104 1.85838 
0.646703 1.48791 0.0528836 1.85231 
0.646823 1.48238 0.054465 1.84618 
0.605218 1.51348 0.0418651 1.83335 
0.584151 1.47365 0.0355472 1.8267 
0.59656 1.46224 0.0338686 1.78632 
0.599628 1.45113 0.0358623 1.77865 
0.576977 1.46881 0.0294721 1.77178 
0.576977 1.46881 0.0294721 1.77178 
0.607526 1.41896 0.0314871 1.75502 
0.608909 1.40977 0.0434392 1.74734 
0.610175 1.40067 0.0450158 1.73972 
0.611073 1.39194 0.0464231 1.73219 
0.561306 1.45279 0.03225 1.71915 
0.536322 1.38712 0.0223732 1.71261 
0.55667 1.37176 0.0239316 1.67078 
0.561449 1.3567 0.0256103 1.66266 
0.535 1.37969 0.0186048 1.65652 
0.535 1.36481 0.0186048 1.65652 
0.539755 1.31308 0.020414 1.64844 
0.578105 1.30056 0.0323471 1.63108 
0.581305 1.28828 0.0338461 1.62381 
0.584159 1.27643 0.0351878 1.61672 
0.498969 1.35604 0.0130462 1.60229 
0.523336 1.28503 0.0116831 1.57505 
0.530895 1.26588 0.00441454 1.57088 
0.530895 1.2953 0.00441454 1.57088 
0.501328 1.22772 0.00602381 1.56388 
0.553232 1.21069 0.0178754 1.54788 
0.55995 1.19404 0.0194793 1.54177 
0.529232 1.22616 0.0124583 1.53871 
0.529232 1.22616 0.0124583 1.53871 
0.535979 1.14658 0.0141506 1.52483 
0.515538 1.21596 0.0101522 1.52082 
0.515538 1.21596 0.0101522 1.52082 
0.515538 1.21596 0.0101522 1.52082 
0.605082 1.04529 0.018017 1.48415 
0.614704 1.02456 0.018743 1.48023 
0.624794 1.00362 0.0196252 1.47642 
0.590685 1.04364 0.012644 1.47636 
0.590685 1.04364 0.012644 1.47636 
0.653896 1.02347 0.0225304 1.47319 
0.661619 0.929205 0.0233475 1.465 
0.589406 1.01865 0.00942275 1.46861 
0.553385 0.973031 0.00272869 1.47077 
0.610166 0.948613 0.00176846 1.45253 
0.623341 0.925141 0.00189297 1.45206 
0.636151 0.902515 0.00220399 1.45186 
0.636151 0.902515 0.00220399 1.45186 
0.597397 0.954436 -0.00369415 1.45557 
0.672454 0.84114 0.00420147 1.45297 
0.683169 0.823369 0.00510545 1.45404 
0.693621 0.806713 0.00614796 1.45542 
0.570964 0.980713 -0.00865108 1.47183 
0.570964 0.980713 -0.00865108 1.47183 
0.645498 1.03945 -0.00731593 1.4631 
0.660458 0.828249 -0.00765768 1.46608 
0.675796 0.803878 -0.0076453 1.4691 
0.691212 0.780409 -0.00740706 1.47232 
0.647475 0.845756 -0.0108238 1.47902 
0.647475 0.845756 -0.0108238 1.47902 
0.736491 0.82284 -0.00527924 1.48298 
0.749309 0.696604 -0.00434417 1.48702 
0.658517 0.835927 -0.00942455 1.5021 
0.658517 0.835927 -0.00942455 1.5021 
0.726368 0.707269 -0.00960069 1.4825 
0.726368 0.707269 -0.00960069 1.4825 
0.830821 0.678263 -0.0116863 1.49234 
0.847904 0.521659 -0.0148773 1.49857 
0.864709 0.496444 -0.0161063 1.50503 
0.880867 0.473313 -0.0170875 1.51386 
0.880867 0.473313 -0.0170875 1.51386 
0.828919 0.555815 -0.0180186 1.52562 
0.803728 0.604208 -0.0191506 1.54481 
0.803728 0.604208 -0.0191506 1.54481 
0.806895 0.604208 -0.0190658 1.55445 
0.967961 0.333192 -0.0153598 1.55861 
0.983948 0.30804 -0.0199458 1.56851 
0.999412 0.2845 -0.0241722 1.57834 
0.953794 0.382548 -0.0231231 1.58831 
0.953794 0.382548 -0.0267258 1.59826 
1.04223 0.22254 -0.0350275 1.60824 
1.05242 0.207665 -0.0380161 1.61844 
0.863201 0.520263 -0.029261 1.64914 
0.939979 0.378422 -0.0140579 1.65119 
0.875314 0.485579 -0.0101873 1.66111 
0.875314 0.485579 -0.0101873 1.66111 
0.893465 0.295166 -0.036622 1.67355 
1.00618 0.271166 -0.0432264 1.70038 
1.02129 0.247517 -0.0492757 1.71184 
1.03592 0.358666 -0.0428046 1.72003 
1.03592 0.358666 -0.0428046 1.72003 
0.969734 0.179485 -0.0644706 1.73112 
0.927569 0.41028 -0.0479886 1.75924 
0.927569 0.41028 -0.0479886 1.75924 
1.10762 0.0879915 -0.0569371 1.75775 
1.10762 0.0879915 -0.0569371 1.75775 
1.03427 0.0315439 -0.0786492 1.76422 
1.15166 0.00684198 -0.0883093 1.79853 
1.1629 -0.0142207 -0.0974977 1.81121 
1.17239 -0.0327441 -0.106004 1.82363 
1.18069 -0.0490477 -0.0933427 1.82826 
1.18069 -0.0490477 -0.0933427 1.82826 
1.03187 0.200839 -0.092293 1.85584 
1.03187 0.200839 -0.092293 1.85584 
1.24094 -0.120343 -0.119836 1.89036 
1.15776 0.0195535 -0.103217 1.89236 
1.15776 -0.00585401 -0.117008 1.89236 
1.16953 -0.190809 -0.160689 1.93542 
1.27768 -0.207281 -0.172233 1.94858 
1.28215 -0.221035 -0.182996 1.9613 
1.19337 -0.0715501 -0.161941 1.96003 
1.19337 -0.0871063 -0.170999 1.96003 
1.11764 0.0482157 -0.155017 1.98046 
1.11764 0.0482157 -0.155017 1.98046 
1.15627 0.0482157 -0.155017 1.98046 
1.3489 0.0137567 -0.130634 1.97703 
1.34981 -0.351687 -0.240414 2.03661 
1.34908 -0.364716 -0.255878 2.05082 
1.34761 -0.374623 -0.270099 2.0643 
1.34761 -0.374623 -0.270099 2.0643 
1.34691 -0.211375 -0.240094 2.05615 
1.34407 -0.399466 -0.305078 2.08989 
1.15095 -0.0686452 -0.235945 2.0789 
1.15095 -0.0686452 -0.235945 2.0789 
1.15095 -0.0686452 -0.235945 2.0789 
1.37984 -0.293916 -0.261192 2.06794 
1.37179 -0.479229 -0.351803 2.11237 
1.36291 -0.484198 -0.368586 2.14145 
1.35382 -0.48617 -0.383692 2.1548 
1.35382 -0.48617 -0.383692 2.1548 
1.33714 -0.309962 -0.340869 2.13722 
1.326 -0.485602 -0.420817 2.17941 
1.22207 -0.129274 -0.325418 2.14747 
1.12017 -0.129274 -0.325418 2.14747 
1.36983 -0.489397 -0.414923 2.22311 
1.34748 -0.478768 -0.364248 2.1986 
1.34748 -0.295447 -0.364248 2.1986 
1.23996 -0.466874 -0.474986 2.27071 
1.30852 -0.456333 -0.491606 2.2832 
1.26529 -0.445851 -0.506614 2.29507 
1.24443 -0.433966 -0.519719 2.30564 
1.13622 -0.246448 -0.460141 2.27472 
0.901884 0.134443 -0.348735 2.21843 
0.795593 0.0904615 -0.298247 2.18573 
0.795593 0.0904615 -0.298247 2.18573 
0.964432 -0.0614881 -0.403893 2.24818 
0.926668 -0.0416637 -0.428415 2.26353 
0.890826 -0.0254532 -0.452599 2.27834 
0.855844 -0.0101931 -0.475658 2.29219 
0.855844 -0.0101931 -0.475658 2.29219 
0.747245 0.0163179 -0.519229 2.31791 
0.754696 0.0299937 -0.537719 2.32697 
0.544415 0.208941 -0.469605 2.24153 
0.544415 0.383557 -0.401611 2.24153 
0.73346 -0.0294107 -0.526904 2.27088 
0.625045 0.150487 -0.456055 2.22443 
0.625045 0.150487 -0.456055 2.24202 
0.57491 0.0611495 -0.608442 2.32119 
0.52787 0.0886021 -0.631514 2.33273 
0.480952 0.11685 -0.652398 2.34425 
0.382939 0.287893 -0.57288 2.29158 
0.382939 0.287893 -0.57288 2.29158 
0.205359 0.333304 -0.607771 2.31037 
0.205359 0.333304 -0.607771 2.31037 
0.452083 0.192335 -0.743584 2.39517 
0.375142 0.24878 -0.763302 2.40726 
0.305501 0.302692 -0.781777 2.41959 
0.305501 0.302692 -0.781777 2.41959 
0.177043 0.464632 -0.690002 2.35693 
0.114166 0.403793 -0.814895 2.44978 
0.0538479 0.502226 -0.835955 2.45637 
-0.00586142 0.546063 -0.844086 2.46003 
-0.15292 0.851275 -0.639308 2.31903 
-0.15292 0.851275 -0.639308 2.31903 
-0.15292 0.998211 -0.538417 2.31903 
-0.0616784 0.643912 -0.907695 2.44306 
-0.158787 0.734592 -0.912997 2.44779 
-0.249797 0.818003 -0.918982 2.45373 
-0.336645 0.898 -0.923362 2.45871 
-0.336645 0.898 -0.923362 2.45871 
-0.394273 1.05093 -0.929661 2.46762 
-0.49908 1.12054 -0.928706 2.46723 
-0.627618 1.24788 -0.813509 2.38333 
-0.46015 1.13262 -0.863344 2.31667 
-0.46015 1.19821 -0.863344 2.31532 
-0.532077 1.29117 -0.969541 2.40492 
-0.826555 1.41853 -0.962988 2.40429 
-0.944578 1.54271 -0.955513 2.40497 
-1.05879 1.66195 -0.947176 2.40483 
-1.08268 1.76255 -0.826918 2.31392 
-1.08268 1.87391 -0.81971 2.31407 
-1.19051 1.9935 -0.922865 2.40168 
-1.39168 2.07843 -0.80132 2.30656 
-1.40083 2.07843 -0.80132 2.30656 
-1.38589 2.15826 -0.683128 2.39924 
-1.54948 2.3393 -0.910808 2.39413 
-1.70307 2.51469 -0.891898 2.39008 
-1.85083 2.68367 -0.872903 2.38716 
-1.83351 2.73344 -0.754648 2.29166 
-1.97392 2.89241 -0.754648 2.29008 
-2.26683 3.15539 -0.821403 2.37953 
-2.39025 3.2945 -0.804103 2.37203 
-2.30742 3.31482 -0.575303 2.27406 
-2.30742 3.31482 -0.575303 2.1782 
-2.42355 3.45379 -0.840602 2.30545 
-2.60949 3.69191 -0.802266 2.29216 
-2.60949 3.69191 -0.802266 2.29216 
-2.54441 3.67928 -0.734653 2.19269 
-3.12276 4.35782 -0.701853 2.25985 
-3.27788 4.55715 -0.669287 2.24876 
-3.42605 4.74951 -0.638764 2.23664 
-3.32621 4.68984 -0.533386 2.13539 
-3.35496 4.86751 -0.408113 2.0231 
-3.35496 4.78949 -0.408113 2.0231 
-3.59426 5.1203 -0.665262 2.09403 
-3.78893 5.42302 -0.606231 2.06884 
-3.78893 5.42302 -0.510355 2.06884 
-3.65177 5.30806 -0.500155 2.02297 
-4.33275 6.27006 -0.448906 1.99961 
-4.49109 6.5244 -0.401283 1.97616 
-4.64544 6.76827 -0.358575 1.95233 
-4.64544 6.76827 -0.358575 1.95233 
-4.47025 6.81757 -0.252671 1.82689 
-4.5795 7.27177 -0.339713 1.95655 
-4.70197 7.45181 -0.316294 1.93168 
-4.4969 7.22091 -0.25509 1.83068 
-4.4969 7.22091 -0.224111 1.83068 
-5.06902 8.07291 -0.222117 1.82657 
-5.15559 8.24421 -0.196279 1.79248 
-5.24712 8.40477 -0.174208 1.75914 
-5.33263 8.10414 -0.130869 1.6618 
-5.33263 8.10414 -0.130869 1.6618 
-5.1697 8.3704 -0.10628 1.59871 
-5.3382 8.82238 -0.24071 1.59972 
-5.07113 8.46212 -0.207486 1.50376 
-5.07113 8.5518 -0.207486 1.47535 
-5.12997 9.35703 -0.181276 1.49019 
-5.52324 9.54113 -0.160453 1.45048 
-5.55836 9.7005 -0.14477 1.41231 
-5.58377 9.86317 -0.13552 1.32183 
-5.58377 9.86317 -0.13552 1.32183 
-5.28756 10.1489 -0.126796 1.30322 
-5.33505 9.67177 -0.130436 1.21412 
-5.73739 10.4132 -0.187732 1.13416 
-5.73198 10.5001 -0.200786 1.04741 
-5.73198 9.98485 -0.200786 1.04741 
-5.4122 10.9317 -0.112938 1.00786 
-5.72954 11.1135 -0.071563 0.96195 
-5.72699 11.2677 -0.0365899 0.916943 
-5.71522 11.4269 -0.00760257 0.872909 
-5.71522 11.4269 -0.00760257 0.872909 
-5.37837 11.6995 0.0397431 0.789435 
-5.36804 11.0716 -0.00609284 0.711103 
-5.85122 12.1362 0.0687109 0.721708 
-5.49757 11.4751 0.0205986 0.647171 
-5.49757 11.4751 0.0205986 0.614332 
-5.47682 12.5915 0.2913 0.578061 
-5.70473 12.797 0.395787 0.526542 
-5.67059 12.9397 0.491418 0.478204 
-5.62976 13.0859 0.577202 0.435227 
-5.62976 13.0859 0.577202 0.435227 
-5.27796 13.322 0.727267 0.362352 
-5.22854 12.5264 0.63173 0.318999 
-5.7432 13.5847 0.691957 0.167506 
-5.38412 12.8149 0.644287 0.1359 
-5.38412 12.8149 0.644287 0.1359 
-5.34888 14.0149 0.982212 0.0434182 
-5.56627 14.169 1.094 -0.00210594 
-5.53109 14.2972 1.19043 -0.0373935 
-5.48957 14.4271 1.27448 -0.066864 
-5.48957 14.4271 1.27448 -0.066864 
-5.13852 14.6248 1.42593 -0.0612146 
-5.09444 13.6551 1.26055 -0.120768 
-5.27631 13.8315 1.20527 -0.297791 
-5.27631 13.8315 1.20527 -0.31912 
-5.15872 13.9903 1.27087 -0.361972 
-4.48061 12.6192 1.51051 -0.358084 
-3.85481 11.2323 1.4968 -0.35073 
-3.85481 11.2323 1.4968 -0.35073 
-3.52904 10.2302 1.31848 -0.347277 
-2.04944 7.09221 1.48481 -0.346544 
-1.47576 5.94259 1.49777 -0.342024 
-1.30374 5.30431 1.34203 -0.309475 
-3.15709 4.29219 1.39391 -0.253537 
-3.15709 4.29219 1.39391 -0.257206 
-2.24633 3.41689 1.4249 -0.314371 
-2.17722 3.11529 1.81756 -0.354663 
-2.08896 3.43376 1.93246 -0.383367 
-1.99038 3.71208 2.03025 -0.404453 
-1.78476 3.32729 1.83922 -0.349096 
-1.78476 3.32729 1.83922 -0.376415 
-1.67453 4.4539 2.2774 -0.47979 
-1.47014 4.01675 2.06109 -0.424454 
-2.64343 5.4043 2.49651 -0.163729 
-2.40393 5.4043 2.49651 -0.163729 
-2.30115 4.86728 2.26469 -0.311575 
-2.05054 4.99893 2.59162 -0.340475 
-1.81803 4.66465 2.67055 -0.361968 
-1.6098 4.3744 2.64924 -0.299673 
-1.428 3.91958 2.33101 -0.147541 
-1.428 3.91958 2.33101 -0.147541 
-1.1033 3.7678 2.32488 -0.17904 
-1.1033 3.39956 2.30983 -0.0748527 
-0.820977 3.47055 2.59327 -0.302452 
-0.693181 3.33572 2.58233 -0.262356 
-0.541169 3.13835 2.58412 -0.231983 
-0.541169 3.13835 2.58412 -0.231983 
-0.441601 2.63072 2.62544 -0.128063 
-0.193636 2.42002 2.64566 -0.171108 
0.0820327 2.23422 2.65954 -0.148859 
0.19611 2.06902 2.66974 -0.125949 
0.29746 1.92074 2.34639 -0.0196511 
0.307566 1.73865 2.36188 -0.000915138 
0.307566 1.57169 2.05104 0.100788 
0.553327 1.56806 2.7468 -0.305238 
0.643419 1.41822 2.77614 -0.287659 
0.616792 1.28509 2.4593 -0.181928 
0.616792 1.06591 2.50738 -0.181928 
0.725885 0.769041 2.91498 -0.292322 
1.04497 0.600854 2.94975 -0.287547 
1.10816 0.45612 2.98447 -0.281522 
1.16075 0.327376 3.02046 -0.274283 
1.06315 0.307591 2.69805 -0.16021 
1.15914 0.288277 2.38207 -0.0502 
1.15914 0.288277 2.38207 -0.0502 
1.35978 0.0737657 3.17261 -0.322911 
1.43702 -0.380735 3.2486 -0.327647 
1.49943 -0.567516 3.32019 -0.332242 
1.55005 -0.732637 3.00156 -0.20839 
1.55005 -0.732637 3.00156 -0.20839 
1.64303 -0.646548 3.07408 -0.338537 
1.67958 -1.16237 3.59513 -0.329994 
1.51354 -1.03928 3.26944 -0.194386 
1.73983 -1.38835 3.66446 -0.330772 
1.76251 -1.48233 3.72157 -0.31289 
1.78815 -1.5762 3.38818 -0.167885 
1.78815 -1.5762 3.45362 -0.167885 
1.91155 -1.85721 3.96752 -0.299933 
1.96339 -1.97613 4.04918 -0.289275 
2.00373 -2.07272 4.12543 -0.276449 
1.7994 -1.8532 3.77141 -0.114351 
1.7994 -1.8532 3.77141 -0.114351 
1.84398 -1.95157 3.84748 -0.100788 
1.89278 -2.44917 4.31845 -0.0833042 
2.2048 -2.50658 4.38472 -0.166243 
2.22734 -2.53891 4.44905 -0.139322 
2.2794 -2.54205 4.54442 -0.126994 
2.2794 -2.54205 4.54442 -0.126994 
2.05085 -2.57564 4.72672 0.0573469 
2.44724 -2.59213 4.81527 -0.0732651 
2.4901 -2.59824 4.88983 -0.0466214 
2.52587 -2.5994 4.9553 -0.0157497 
2.27853 -2.32427 4.54623 0.18645 
2.3231 -2.34909 4.53617 0.182494 
2.3231 -2.34909 4.53617 0.182494 
2.70414 -2.68824 5.14882 0.212875 
2.77112 -2.66741 5.26163 0.0949644 
2.82373 -2.63328 5.36222 0.11558 
2.82373 -2.63328 5.36222 0.11558 
2.5497 -2.5929 5.5455 0.331812 
2.97228 -2.57938 5.63399 0.191973 
3.00707 -2.56104 5.70631 0.226114 
2.71569 -2.29026 5.24956 0.455369 
3.07492 -2.54748 5.8139 0.205714 
2.78332 -2.28997 5.35692 0.44094 
2.78332 -2.28997 5.35692 0.44094 
3.21693 -2.29926 5.42246 0.296932 
3.27565 -2.42841 6.17298 0.321015 
3.3211 -2.35328 6.2737 0.347279 
3.35918 -2.28334 6.35561 0.594027 
3.35918 -2.28334 6.35561 0.594027 
3.44336 -2.03695 5.85422 0.430937 
3.11931 -1.96769 6.01946 0.685168 
3.52218 -2.13215 6.62201 0.463199 
3.18882 -1.91515 6.10618 0.721522 
3.18882 -1.91515 6.10618 0.721522 
3.65703 -1.89706 6.17484 0.54157 
3.71474 -1.86256 7.00895 0.559091 
3.75977 -1.74802 7.12033 0.578174 
3.3969 -1.55604 6.5558 0.846575 
3.3969 -1.55604 6.5558 0.846575 
3.90539 -1.47842 6.66292 0.629917 
3.90539 -1.50533 6.84473 0.629917 
3.98467 -1.38585 7.54575 0.656115 
4.00891 -1.32864 7.61345 0.688234 
4.02128 -1.27345 7.66572 0.721487 
4.04496 -1.13676 7.77361 0.712491 
3.64674 -0.900163 7.14603 0.997641 
3.64674 -0.900163 7.27015 0.997641 
4.15297 -0.791614 8.12325 0.658609 
4.18343 -0.698203 8.22042 0.653588 
4.20141 -0.610871 8.29592 0.648715 
3.79017 -0.543367 7.61925 0.943243 
4.23367 -0.469554 8.48934 0.643817 
3.82356 -0.422312 7.81191 0.942548 
3.82356 -0.422312 7.81191 0.942548 
4.29026 -0.374487 7.87504 0.625487 
4.30054 -0.123372 8.89924 0.629825 
4.30114 -0.0064078 9.02431 0.636209 
4.29688 0.0966311 9.11998 0.644607 
3.87625 0.0864675 8.35396 0.953778 
3.87625 0.0864675 8.35396 0.953778 
3.87625 0.163207 8.46647 0.953778 
4.33502 0.395486 9.51015 0.696982 
4.33937 0.455424 9.59516 0.71209 
4.33302 0.509227 9.64404 0.725852 
4.20343 0.464552 9.81804 0.947671 
3.7685 0.407573 8.9882 1.2616 
3.7685 0.323027 9.23709 1.54261 
3.73909 0.218166 10.5244 1.79847 
3.5962 0.14717 10.7449 2.08747 
3.45536 0.0844416 10.9366 2.37549 
3.05709 0.04994 10.0656 2.68408 
3.2111 -0.0319201 11.1626 2.30688 
3.2111 -0.0319201 11.1626 2.30688 
2.84065 -0.131735 10.2875 2.61614 
3.01907 -0.249038 11.5088 2.86628 
2.6053 -0.394142 11.9675 3.55236 
2.38882 -0.529041 12.1884 3.9068 
2.18745 -0.653741 11.2305 4.20161 
2.18745 -0.627985 11.2305 4.20161 
1.89353 -0.877571 11.4659 4.92122 
1.59421 -0.83623 11.9095 4.92122 
1.58439 -1.06635 13.2594 4.4431 
1.46672 -1.1421 13.427 4.78195 
1.2458 -1.06768 12.3906 5.05389 
1.2458 -1.06768 12.3906 5.05389 
1.12951 -1.44275 13.8899 5.37114 
1.01795 -1.5514 14.0456 5.75958 
0.913419 -1.64242 14.143 5.95615 
0.819566 -1.72109 14.218 6.15039 
0.617291 -1.58379 13.191 6.39445 
0.617291 -1.65945 13.191 6.56657 
0.574973 -1.52574 12.1285 6.78626 
0.574973 -1.52574 12.1285 6.21865 
0.590207 -2.07564 14.8383 6.31024 
0.49529 -2.14904 14.9539 6.50885 
0.347082 -2.24258 15.0097 6.70454 
0.347082 -2.24258 15.0097 6.90366 
0.0886946 -2.04641 15.0584 7.05253 
-0.0213811 -2.50807 15.1059 7.24584 
-0.121733 -2.57685 15.1052 7.41497 
-0.159878 -2.35285 13.8621 7.5833 
-0.28101 -2.70119 15.1825 7.59758 
-0.345203 -2.75114 13.9553 7.75227 
-0.345203 -2.50414 13.9553 7.75227 
-0.348201 -2.87261 13.9792 8.03389 
-0.615048 -2.9927 15.1747 8.28485 
-0.740795 -3.09832 15.1603 8.55297 
-0.857049 -3.19225 13.9002 8.65462 
-0.857049 -3.19225 13.9002 8.65462 
-0.812202 -3.36807 13.8724 9.17914 
-0.972278 -3.06832 13.7909 9.17914 
-1.18148 -3.52108 15.1383 9.24539 
-1.24239 -3.57785 15.0949 9.83152 
-1.29792 -3.61991 15.0414 10.0022 
-1.24166 -3.27957 13.7027 10.0204 
-1.24166 -3.32705 13.7027 10.0204 
-1.45571 -3.74686 14.7025 10.1722 
-1.4998 -3.77492 14.572 10.6784 
-1.54008 -3.78857 14.4397 10.8262 
-1.40534 -3.42553 13.1922 10.776 
-1.4268 -3.44921 13.0893 10.8871 
-1.44086 -3.48017 13.0608 11.1933 
-1.44086 -3.48017 13.0608 11.2776 
-1.45223 -3.90723 14.0182 11.5021 
-1.65818 -3.90447 13.9246 11.65 
-1.70592 -3.87967 13.7285 11.8186 
-1.54695 -3.50051 12.534 11.6908 
-1.54695 -3.50051 12.534 11.6908 
-1.57864 -3.49635 12.3689 12.2707 
-1.83097 -3.84974 13.0544 12.3829 
-1.83097 -3.47935 11.907 12.2021 
-1.8748 -3.8308 12.7788 12.6793 
-1.8927 -3.81914 12.6569 12.7962 
-1.90881 -3.80234 12.5398 12.9234 
-1.90881 -3.80234 12.5398 12.7882 
-1.952 -3.43082 11.4282 13.2262 
-1.97565 -3.66896 11.9443 13.3496 
-1.99691 -3.61518 11.7563 13.4869 
-2.01496 -3.56414 11.5625 13.6292 
-2.01496 -3.56414 11.5625 13.6292 
-1.82269 -3.18637 10.365 13.5469 
-1.82269 -3.16926 10.2435 13.5469 
-1.83398 -3.46 11.0129 14.251 
-2.0823 -3.43449 10.9153 14.3675 
-2.10026 -3.38857 10.7839 14.5008 
-2.12105 -3.27889 9.82368 14.1771 
-2.12105 -2.95393 9.60211 14.1771 
-1.90976 -3.09591 10.1005 14.3207 
-2.14597 -3.02031 9.90655 15.0895 
-2.16267 -2.94997 9.74034 15.2329 
-1.94462 -2.66208 8.85501 14.7508 
-2.17755 -2.83555 9.39491 15.5297 
-2.1856 -2.78682 9.25737 15.0153 
-2.1856 -2.78682 9.25737 15.0153 
-2.20148 -2.51587 8.41356 15.6409 
-2.21002 -2.69157 8.98061 15.7917 
-2.21632 -2.41602 8.49794 15.9073 
-2.21943 -2.29473 8.27554 16.035 
-2.21984 -2.18647 7.50438 15.4027 
-1.99274 -2.18647 7.50438 15.4027 
-1.99452 -1.97282 7.3093 15.5272 
-2.2245 -1.88798 7.13484 16.3861 
-2.22961 -1.86194 7.35362 16.4072 
-2.23407 -1.80047 7.22593 16.4214 
-2.23994 -1.74101 6.54853 15.6982 
-2.01798 -1.74101 6.54853 15.6353 
-2.32468 -1.57472 6.43562 16.458 
-2.36252 -1.35946 6.32004 16.4742 
-2.39422 -1.26076 6.09872 16.4762 
-2.1599 -1.14554 5.49945 15.6767 
-2.19252 -1.06353 5.30387 15.6527 
-2.22732 -0.988577 5.12006 15.6133 
-2.22732 -0.921519 4.9602 15.6133 
-2.26229 -0.890652 5.17612 15.5594 
-2.58258 -0.842354 5.04782 16.1948 
-2.72979 -0.778797 4.31687 16.2134 
-2.86959 -0.721755 3.56809 16.2168 
-2.86959 -0.721755 3.56809 16.2168 
-2.60293 -0.617256 2.115 15.2993 
-3.12449 -0.572079 1.46128 16.1428 
-2.92995 -0.526684 1.10842 15.1836 
-3.4145 -0.487726 -0.119072 16.032 
-3.48585 -0.448601 -0.665805 15.9482 
-3.54137 -0.412358 -0.902303 14.9515 
-3.19091 -0.371751 -0.902303 14.9515 
-3.69081 -0.277828 -2.2506 15.7493 
-3.78594 -0.182912 -2.75063 15.7213 
-3.86514 -0.099225 -3.23944 15.6864 
-3.93137 -0.0246924 -3.69017 15.6425 
-3.53052 -0.0152576 -3.69321 14.5822 
-3.59634 0.0585518 -4.08159 14.5288 
-3.66492 0.130492 -4.02141 13.4548 
-3.66492 0.130492 -4.02141 13.4548 
-3.73071 0.30862 -6.00478 15.3056 
-4.28253 0.345666 -6.21563 15.1985 
-4.33534 0.39859 -6.58571 15.1683 
-3.88988 0.364913 -6.33853 14.0489 
-3.88988 0.364913 -6.33853 14.0489 
-3.95267 0.584658 -7.63698 15.0971 
-4.56181 0.631388 -7.87836 15.0439 
-4.09774 0.577615 -7.49805 13.893 
-4.63482 0.707032 -8.45596 14.9455 
-4.66223 0.737699 -8.62792 14.8743 
-4.18423 0.673884 -8.15811 13.704 
-4.21489 0.708182 -8.29573 13.704 
-4.81026 0.843284 -9.25049 14.7427 
-4.90868 0.875615 -9.57435 14.7493 
-4.9902 0.896061 -9.89122 14.7555 
-4.48121 0.806681 -9.29027 13.5557 
-4.56411 0.835757 -9.57556 13.5557 
-4.56411 0.835757 -9.57556 13.5693 
-5.31329 0.999908 -11.1172 14.7638 
-5.37041 1.01347 -11.2796 14.7294 
-5.4081 1.01622 -11.4451 14.7001 
-5.4338 1.01715 -10.6928 13.4645 
-5.4338 1.01715 -10.6928 13.4645 
-5.6181 1.03708 -12.3118 14.8363 
-5.71465 1.05237 -12.613 14.8985 
-5.79438 1.05861 -12.9167 14.9645 
-5.20673 0.960673 -12.0346 13.6916 
-5.28641 0.975801 -12.3144 13.768 
-5.37176 0.996414 -12.8349 13.8252 
-5.37176 0.996414 -12.8349 13.8252 
-5.4552 1.01628 -14.4365 13.8685 
-6.23359 1.12852 -14.5828 15.2492 
-6.30641 1.10757 -14.8623 15.3676 
-6.39349 1.0823 -15.2296 15.5417 
-6.39349 1.0823 -15.2296 15.5417 
-5.74349 0.979522 -15.9284 15.8831 
-6.64026 1.05683 -16.1818 16.0076 
-5.97068 0.965137 -15.0002 14.6247 
-6.76861 1.05043 -17.2719 16.2713 
-6.81763 1.047 -17.4512 16.3517 
-6.81763 1.047 -17.4512 16.3517 
-6.89785 1.04426 -17.7919 14.9285 
-6.61613 1.03238 -17.7972 16.6989 
-6.08594 1.01255 -17.7088 15.4514 
-5.40293 0.941691 -16.3356 13.9847 
-5.40293 0.948046 -16.2471 13.9847 
-4.64823 1.0252 -17.4316 11.3619 
-4.06275 1.0252 -17.4316 9.94073 
-3.85522 0.978324 -18.4165 8.33584 
-3.50475 1.0682 -18.2297 7.41818 
-3.18227 1.07829 -18.0181 6.63501 
-2.72164 1.02348 -16.4846 5.84497 
-2.47124 1.02348 -16.4846 5.84497 
-2.49955 1.03036 -17.5643 6.11066 
-2.35844 1.07586 -17.3948 6.33169 
-2.23847 1.05984 -17.1635 6.47681 
-1.92164 0.984728 -15.4645 5.69018 
-1.85145 0.962166 -15.273 5.94071 
-1.80595 0.938341 -17.5052 4.05453 
-1.80595 0.938341 -17.5052 4.05453 
-1.76865 0.95149 -18.6547 5.74876 
-1.9299 0.929917 -18.3993 5.96932 
-1.85329 0.899397 -18.0362 5.97961 
-1.71356 0.859075 -17.648 5.81758 
-1.71356 0.859075 -17.648 5.81758 
-1.49006 0.785756 -16.9852 5.77846 
-1.38692 0.754162 -16.7323 5.79216 
-1.20884 0.686163 -14.9865 5.79216 
-1.24047 0.695324 -13.9673 7.64349 
-1.19337 0.662818 -13.6997 7.5484 
-1.15779 0.626586 -13.4576 7.38821 
-1.03386 0.550076 -11.8582 6.648 
-1.01857 0.550076 -11.7983 6.648 
-0.84315 0.499005 -13.0809 6.89785 
-0.647334 0.460893 -12.9628 6.57536 
-0.462056 0.431566 -12.8469 6.22515 
-0.289182 0.409512 -11.452 5.57261 
-0.232365 0.364692 -11.4575 5.37532 
0.0119143 0.373857 -12.8175 5.55949 
0.0119143 0.373857 -12.8175 5.55949 
0.044111 0.357277 -11.5181 5.14659 
0.264496 0.353939 -12.8831 4.91718 
0.503659 0.349837 -12.8452 4.62064 
0.702366 0.339534 -12.7135 4.18859 
0.702366 0.339534 -12.7135 4.18859 
0.674722 0.320354 -11.4429 3.73074 
1.05749 0.315213 -12.5038 3.29085 
1.13449 0.315213 -11.2669 3.29085 
1.46959 0.307838 -12.4021 2.81462 
1.57739 0.304933 -12.3513 2.59587 
1.67085 0.303122 -12.2893 2.3799 
1.54013 0.285514 -11.0658 2.09708 
1.61329 0.285514 -11.0585 2.09708 
1.95558 0.272243 -12.0397 1.72546 
2.06076 0.260067 -11.8619 1.39132 
2.15209 0.251643 -11.6816 1.07539 
2.23086 0.244297 -10.5142 0.94011 
2.03018 0.226323 -10.398 0.742073 
2.0925 0.211043 -10.3064 0.574899 
2.0925 0.211043 -10.3064 0.412042 
2.46972 0.194009 -10.2238 0.115303 
2.51153 0.177784 -11.0468 -0.0658107 
2.55224 0.172636 -10.9187 -0.261288 
2.31171 0.160372 -9.82109 -0.258397 
2.31171 0.160372 -9.82109 -0.544732 
2.39553 0.145563 -9.60276 -1.13305 
2.86595 0.123051 -10.0721 -1.35285 
2.59575 0.114041 -9.0561 -1.35285 
2.97304 0.108195 -9.74203 -1.73301 
3.01513 0.101708 -9.59229 -1.89719 
3.04821 0.0970475 -9.44873 -2.04374 
2.75006 0.0882886 -8.47505 -1.82847 
2.7791 0.0882886 -8.36611 -1.82847 
3.15648 0.0632627 -8.94751 -1.9416 
3.19681 0.0531798 -8.71381 -2.86394 
3.22768 0.0476082 -8.49875 -3.09118 
3.25144 0.0435283 -8.30068 -3.28692 
2.92384 0.0370513 -7.43448 -2.92224 
3.29462 0.0270453 -7.94816 -3.64276 
2.96554 0.0164303 -7.11482 -3.25467 
2.96554 0.0164303 -7.11482 -3.25467 
2.98678 -0.00689104 -6.98206 -4.08856 
3.36878 -0.0119128 -7.45241 -4.19627 
3.37057 -0.013027 -7.22053 -4.46308 
3.02619 -0.0147879 -6.46619 -3.98216 
3.02619 -0.0147879 -6.46619 -3.98216 
3.03184 -0.0326908 -6.26022 -4.23654 
3.04254 -0.0326908 -5.93117 -5.1946 
3.39013 -0.0455047 -6.33479 -5.5322 
3.38836 -0.0473556 -6.21976 -5.66108 
3.38223 -0.0462711 -6.1152 -5.76771 
3.3742 -0.044771 -6.01466 -5.86711 
3.3742 -0.044771 -6.01466 -5.86711 
3.34715 -0.0454749 -5.70044 -6.25105 
3.32223 -0.0539067 -5.50704 -6.4867 
3.29426 -0.0555403 -5.34235 -6.66827 
3.26578 -0.0565326 -5.19387 -6.82215 
2.91883 -0.0595586 -4.64096 -6.08291 
3.22404 -0.0649745 -4.90228 -7.16737 
3.20615 -0.0689361 -4.78304 -7.30781 
3.20615 -0.0689361 -4.78304 -7.30781 
2.8668 -0.0756232 -4.27413 -6.52395 
3.17815 -0.0769445 -4.58238 -7.65276 
3.12331 -0.0746188 -4.34833 -7.84939 
3.0767 -0.0718898 -4.19123 -8.04324 
2.7463 -0.073287 -3.74132 -7.18375 
2.7463 -0.077861 -3.74132 -7.18375 
2.98028 -0.0820241 -3.43148 -7.6687 
2.98028 -0.0820241 -3.43148 -7.6687 
2.66678 -0.08682 -3.52618 -9.09468 
2.90853 -0.0874886 -3.48229 -9.16892 
2.88403 -0.0830809 -3.44988 -9.21043 
2.86232 -0.0786367 -3.40906 -9.26017 
2.55767 -0.0772221 -3.05314 -8.29026 
2.55767 -0.0772221 -2.90156 -8.54701 
2.73125 -0.0770424 -2.95679 -10.007 
2.68856 -0.074107 -2.86268 -10.1568 
2.68856 -0.0755182 -2.86268 -10.1568 
2.61409 -0.0714857 -2.70627 -10.4003 
2.58238 -0.0694704 -2.63701 -10.5051 
2.55138 -0.0660117 -2.58193 -10.5744 
2.55138 -0.0660117 -2.58193 -10.5744 
2.27609 -0.0624182 -2.31481 -9.45952 
2.50745 -0.0593903 -2.4441 -10.78 
2.39948 -0.0551134 -2.23178 -11.1082 
2.34216 -0.0515183 -2.14134 -11.2325 
2.08427 -0.0548496 -1.91408 -10.0447 
2.04557 -0.0563446 -1.79288 -10.2534 
2.01531 -0.0593847 -1.67208 -10.4854 
1.98956 -0.0593847 -1.57452 -10.6929 
2.17196 -0.06211 -1.64592 -12.164 
2.14346 -0.0551076 -1.63298 -12.2069 
2.11497 -0.0502929 -1.63556 -12.2036 
1.88506 -0.0508014 -1.48613 -10.9062 
1.88506 -0.0508014 -1.38834 -11.1029 
1.96678 -0.0481114 -1.3428 -12.7923 
1.91827 -0.0379191 -1.27654 -12.9299 
1.91827 -0.0420456 -1.27654 -12.9299 
1.83296 -0.0344789 -1.17479 -13.1352 
1.79642 -0.0326403 -1.13255 -13.2136 
1.76169 -0.0299989 -1.10339 -13.2531 
1.76169 -0.0299989 -1.10339 -13.2531 
1.56619 -0.0261452 -0.992399 -11.8636 
1.66804 -0.0235372 -1.00261 -13.4141 
1.6098 -0.0202378 -0.856955 -13.1522 
1.55521 -0.0175759 -0.783239 -12.9559 
1.50566 -0.0159511 -0.669438 -11.5881 
1.33727 -0.0223198 -0.552851 -11.5226 
1.30353 -0.0237177 -0.431424 -11.5062 
1.30353 -0.0237177 -0.327376 -11.4956 
1.37526 -0.0261396 -0.281552 -12.6667 
1.3464 -0.0214014 -0.254364 -12.5518 
1.31852 -0.0205459 -0.247293 -12.4053 
1.27694 -0.0191578 -0.204262 -11.0782 
1.27694 -0.0191578 -0.204262 -11.0782 
1.13399 -0.0248539 -0.050602 -11.0816 
1.14244 -0.0171439 0.0273409 -10.6456 
1.14244 -0.0236944 0.0273409 -10.6456 
1.07303 -0.0167675 0.172412 -9.51659 
1.04337 -0.0167096 0.232889 -9.55924 
1.01565 -0.0162864 0.279174 -9.24671 
0.990705 -0.0156999 0.321001 -8.25129 
0.990705 -0.0156999 0.321001 -8.25129 
0.942779 -0.0152312 0.369624 -8.60802 
0.898544 -0.015448 0.440906 -8.44741 
0.856185 -0.0154419 0.446192 -8.27871 
0.817452 -0.0153734 0.442744 -8.1201 
0.721047 -0.0218778 0.431921 -7.25002 
0.756471 -0.015023 0.44909 -7.91367 
0.669539 -0.0206511 0.440497 -7.10189 
0.669539 -0.0206511 0.443153 -7.10189 
0.696472 -0.0104651 0.448943 -7.06387 
0.680144 -0.00752259 0.424743 -7.71938 
0.655624 -0.00475051 0.39135 -7.54079 
0.618345 -0.00301116 0.364089 -7.20128 
0.618345 -0.00301116 0.364089 -7.20128 
0.558094 1.35139e-05 0.358025 -6.4329 
0.558094 1.35139e-05 0.358025 -6.65624 
0.495285 0.00226071 0.353814 -6.25203 
0.491457 0.00329481 0.383494 -6.0689 
0.4728 0.00426508 0.380073 -5.89038 
0.456179 0.005185 0.374113 -5.72498 
0.404201 0.00117126 0.357134 -5.1155 
0.404201 0.00117126 0.357134 -5.01659 
0.399034 0.00454379 0.362846 -5.08263 
0.37318 0.0032813 0.360771 -4.7662 
0.349135 0.0022116 0.350583 -4.46838 
0.308891 -0.00113066 0.341233 -3.98622 
0.309304 0.000126963 0.343345 -3.97199 
0.29281 -0.00071593 0.34159 -3.76478 
0.29281 -0.00071593 0.34159 -3.76478 
0.265603 -0.00187841 0.335388 -3.36343 
0.254307 -0.00213825 0.328263 -3.41817 
0.241016 -0.00296143 0.311066 -3.07968 
0.219012 -0.0061895 0.272716 -2.72873 
0.193889 -0.008047 0.26575 -2.4278 
0.193889 -0.0108501 0.26575 -2.4278 
0.16675 -0.013333 0.217851 -1.8879 
0.16675 -0.013333 0.217851 -1.8879 
0.141525 -0.0153229 0.199145 -1.44284 
0.131089 -0.0192419 0.139681 -1.26483 
0.121854 -0.020072 0.123408 -1.10633 
0.113712 -0.0206994 0.106675 -0.964755 
0.113712 -0.0206994 0.106675 -0.964755 
0.101239 -0.0201048 0.114731 -1.02639 
0.119887 -0.0170547 0.127123 -1.16442 
0.12475 -0.0102223 0.160065 -1.2877 
0.111707 -0.0100715 0.140348 -1.15497 
0.133999 -0.00417868 0.169427 -1.50949 
0.138078 -0.00140329 0.168116 -1.60358 
0.141531 0.00126521 0.139417 -1.44171 
0.141531 0.00126521 0.139623 -1.44171 
0.149123 0.00641839 0.165877 -1.52774 
0.150473 0.00845896 0.159865 -1.89576 
0.135536 0.00764917 0.130104 -1.70409 
0.121399 0.00667768 0.107172 -1.52123 
0.108628 0.00560445 0.0940704 -1.35724 
0.0972256 0.00450402 0.0892677 -1.21302 
0.0869659 0.00342383 0.0895422 -1.08542 
0.0869659 0.00342383 0.0895422 -0.970949 
0.0691395 0.00237036 0.091965 -0.867225 
0.0613995 0.000286741 0.0968332 -0.773073 
0.0544124 -0.000747384 0.0981726 -0.687953 
0.0481637 -0.00176235 0.0987075 -0.611497 
0.0481637 -0.00176235 0.0987075 -0.611497 
0.037702 -0.00271042 0.0984838 -0.482509 
0.0333888 -0.00356417 0.0958828 -0.428637 
0.0333888 -0.00494913 0.0935526 -0.428637 
0.0263242 -0.0054517 0.0906043 -0.380893 
0.0234706 -0.0058331 0.0871171 -0.301157 
0.0210066 -0.00609623 0.0831839 -0.268013 
0.0188929 -0.00625382 0.078909 -0.238695 
0.0188929 -0.00625382 0.078909 -0.238695 
0.0170933 -0.00631661 0.0697297 -0.189896 
0.0142801 -0.00624627 0.064991 -0.169671 
0.0132024 -0.00611278 0.0602476 -0.151801 
0.0123097 -0.00594706 0.0555631 -0.13601 
0.01157 -0.00574361 0.0509813 -0.122053 
0.0109651 -0.00551941 0.046541 -0.109705 
0.010472 -0.00528742 0.0422725 -0.098777 
0.010472 -0.00528742 0.0422725 -0.098777 
0.00974547 -0.0050377 0.0382022 -0.0890897 
0.00948367 -0.0045229 0.0307053 -0.07287 
0.00927566 -0.00427452 0.0272969 -0.0660952 
0.00911126 -0.00403427 0.0241196 -0.0600823 
0.0089783 -0.00380053 0.0211683 -0.0547185 
0.00887858 -0.00380053 0.0211683 -0.0547185 
0.00879568 -0.00339669 0.0159262 -0.0456912 
0.00879568 -0.00321688 0.0159262 -0.0456912 
0.00867336 -0.00305231 0.0114955 -0.0384857 
0.0086265 -0.00290888 0.00956347 -0.0354423 
0.00858793 -0.00277053 0.00780498 -0.0327235 
0.00855379 -0.00265693 0.00620889 -0.0302783 
0.00855379 -0.00265693 0.00620889 -0.0302783 
0.00851837 -0.0024507 0.0034477 -0.0261136 
0.00845365 -0.00236567 0.00226408 -0.0243476 
0.00842618 -0.00229969 0.00119964 -0.0227576 
0.00839973 -0.00224464 0.000235659 -0.021319 
0.00836927 -0.0022021 -0.000628781 -0.0200355 
0.00833917 -0.00216178 -0.00140462 -0.0188813 
0.00833917 -0.00216178 -0.00140462 -0.0188813 
0.00827238 -0.00212718 -0.00210196 -0.0168877 
0.00824064 -0.00206985 -0.00328714 -0.0160294 
0.00821006 -0.00205098 -0.00379002 -0.0152639 
0.0081787 -0.00202792 -0.00424258 -0.0145687 
0.0081434 -0.00202792 -0.00424258 -0.0139469 
0.00811261 -0.00200277 -0.00464282 -0.0133927 
0.00808661 -0.00196749 -0.00531554 -0.0133927 
0.00806053 -0.00195184 -0.00560405 -0.0128932 
0.00804156 -0.00195092 -0.00586103 -0.0120191 
0.00802155 -0.00194945 -0.00609088 -0.0116447 
0.00800088 -0.00194888 -0.00629749 -0.0113145 
0.00800088 -0.00195031 -0.00648331 -0.0113145 
0.00795672 -0.00195522 -0.00664858 -0.0110066 
0.00794045 -0.00196236 -0.00679137 -0.0104831 
0.00792569 -0.00196841 -0.00692259 -0.0102572 
0.00790707 -0.00196962 -0.00703886 -0.0100616 
0.0078905 -0.00196543 -0.00714245 -0.00987847 
0.0078717 -0.00195711 -0.00723515 -0.00970862 
0.00785801 -0.00194934 -0.00731793 -0.00956167 
0.00785801 -0.00194934 -0.00731793 -0.00956167 
0.00783602 -0.00194593 -0.00746715 -0.00930753 
0.00782778 -0.00195181 -0.00752588 -0.00920163 
0.0078217 -0.00195232 -0.00758263 -0.00910123 
0.0078173 -0.0019566 -0.00762982 -0.00900383 
0.00780381 -0.00196229 -0.00771653 -0.00892601 
0.00780381 -0.00196229 -0.00771653 -0.00892601 
0.00779462 -0.00196869 -0.00775066 -0.00878644 
0.00779462 -0.00196869 -0.00775066 -0.00878644 
0.00778273 -0.00196017 -0.00781163 -0.00867766 
0.00777497 -0.00195281 -0.00783734 -0.00862164 
0.00777191 -0.0019483 -0.00786224 -0.00857052 
0.00776882 -0.00194893 -0.00787888 -0.00853822 
0.00776882 -0.00194893 -0.00787888 -0.00853822 
0.00776723 -0.00196575 -0.00791672 -0.00847119 
0.00776979 -0.00197373 -0.00793062 -0.00844343 
0.00776459 -0.00197459 -0.00794579 -0.00842655 
0.00775591 -0.00196716 -0.00796193 -0.0084039 
0.00775002 -0.00195489 -0.00797389 -0.00837787 
0.00774318 -0.00194325 -0.00798736 -0.00835073 
0.00774287 -0.00194316 -0.00799941 -0.00832657 
0.00774113 -0.00194316 -0.00799941 -0.00832657 
0.00773884 -0.00193853 -0.00801342 -0.00829681 
0.00773727 -0.00193368 -0.00801708 -0.00828781 
0.00773745 -0.00193151 -0.00802571 -0.00826933 
0.00774002 -0.00193365 -0.0080313 -0.00825756 
0.00774422 -0.00193365 -0.0080313 -0.00825756 
0.00774851 -0.0019461 -0.0080419 -0.00823844 
0.00774851 -0.0019461 -0.0080419 -0.00823844 
0.00775065 -0.00194746 -0.00804674 -0.0082276 
0.00774632 -0.00194123 -0.00804948 -0.00823261 
0.00774395 -0.00193287 -0.00805555 -0.00822872 
0.00774135 -0.0019263 -0.00806017 -0.00821813 
0.00774135 -0.0019263 -0.00806017 -0.00821813 
0.00774024 -0.00193227 -0.0080714 -0.00820505 
0.00774024 -0.00193227 -0.0080714 -0.00820505 
0.00774024 -0.00193227 -0.0080714 -0.00820505 
0.00774024 -0.00193227 -0.0080714 -0.00820505 
0.00774024 -0.00193227 -0.0080714 -0.00820505 
0.00774024 -0.00193227 -0.0080714 -0.00820505 
0.00774024 -0.00193227 -0.0080714 -0.00820505 
0.00774024 -0.00193227 -0.0080714 -0.00820505 
0.00774024 -0.00193227 -0.0080714 -0.00820505 
0.00774024 -0.00193227 -0.0080714 -0.00820505 
0.00774024 -0.00193227 -0.0080714 -0.00820505 
0.00774024 -0.00193227 -0.0080714 -0.00820505 
0.00774024 -0.00193227 -0.0080714 -0.00820505 
0.00774024 -0.00193227 -0.0080714 -0.00820505 
0.00774024 -0.00193227 -0.0080714 -0.00820505 
0.00774024 -0.00193227 -0.0080714 -0.00820505 
0.00774024 -0.00193227 -0.0080714 -0.00820505 
0.00774024 -0.00193227 -0.0080714 -0.00820505 
0.00774024 -0.00193227 -0.0080714 -0.00820505 
0.00774024 -0.00193227 -0.0080714 -0.00820505 
0.00774024 -0.00193227 -0.0080714 -0.00820505 
0.00774024 -0.00193227 -0.0080714 -0.00820505 
0.00774024 -0.00193227 -0.0080714 -0.00820505 
0.00774024 -0.00193227 -0.0080714 -0.00820505 
0.00774024 -0.00193227 -0.0080714 -0.00820505 
0.00774024 -0.00193227 -0.0080714 -0.00820505 
0.00774024 -0.00193227 -0.0080714 -0.00820505 
0.00774024 -0.00193227 -0.0080714 -0.00820505 
0.00774024 -0.00193227 -0.0080714 -0.00820505 
0.00774024 -0.00193227 -0.0080714 -0.00820505 
0.00774024 -0.00193227 -0.0080714 -0.00820505 
0.00774024 -0.00193227 -0.0080714 -0.00820505 
0.00774024 -0.00193227 -0.0080714 -0.00820505 
0.00774024 -0.00193227 -0.0080714 -0.00820505 
0.00774024 -0.00193227 -0.0080714 -0.00820505 
0.00774024 -0.00193227 -0.0080714 -0.00820505 
0.00774024 -0.00193227 -0.0080714 -0.00820505 
0.00774024 -0.00193227 -0.0080714 -0.00820505 
0.00774024 -0.00193227 -0.0080714 -0.00820505 
0.00774024 -0.00193227 -0.0080714 -0.00820505 
0.00774024 -0.00193227 -0.0080714 -0.00820505 
0.00774024 -0.00193227 -0.0080714 -0.00820505 
0.00774024 -0.00193227 -0.0080714 -0.00820505 
0.00774024 -0.00193227 -0.0080714 -0.00820505 
0.00774024 -0.00193227 -0.0080714 -0.00820505 
0.00774024 -0.00193227 -0.0080714 -0.00820505 
0.00774024 -0.00193227 -0.0080714 -0.00820505 
0.00774024 -0.00193227 -0.0080714 -0.00820505 
0.00774024 -0.00193227 -0.0080714 -0.00820505 
0.00774024 -0.00193227 -0.0080714 -0.00820505 
0.00774024 -0.00193227 -0.0080714 -0.00820505 
0.00774024 -0.00193227 -0.0080714 -0.00820505 
0.00774024 -0.00193227 -0.0080714 -0.00820505 
0.00774024 -0.00193227 -0.0080714 -0.00820505 
0.00774024 -0.00193227 -0.0080714 -0.00820505 
0.00774024 -0.00193227 -0.0080714 -0.00820505 
0.00774024 -0.00193227 -0.0080714 -0.00820505 
0.00774024 -0.00193227 -0.0080714 -0.00820505 
0.00774024 -0.00193227 -0.0080714 -0.00820505 
0.00774024 -0.00193227 -0.0080714 -0.00820505 
0.00774024 -0.00193227 -0.0080714 -0.00820505 
0.00774024 -0.00193227 -0.0080714 -0.00820505 
0.00774024 -0.00193227 -0.0080714 -0.00820505 
0.00774024 -0.00193227 -0.0080714 -0.00820505 
0.00774024 -0.00193227 -0.0080714 -0.00820505 
0.00774024 -0.00193227 -0.0080714 -0.00820505 
0.00774024 -0.00193227 -0.0080714 -0.00820505 
0.00774024 -0.00193227 -0.0080714 -0.00820505 
0.00774024 -0.00193227 -0.0080714 -0.00820505 
0.00774024 -0.00193227 -0.0080714 -0.00820505 
0.00774024 -0.00193227 -0.0080714 -0.00820505 
0.00774024 -0.00193227 -0.0080714 -0.00820505 
0.00774024 -0.00193227 -0.0080714 -0.00820505 
0.00774024 -0.00193227 -0.0080714 -0.00820505 
0.00774024 -0.00193227 -0.0080714 -0.00820505 
0.00774024 -0.00193227 -0.0080714 -0.00820505 
0.00774024 -0.00193227 -0.0080714 -0.00820505 
0.00774024 -0.00193227 -0.0080714 -0.00820505 
0.00774024 -0.00193227 -0.0080714 -0.00820505 
0.00774024 -0.00193227 -0.0080714 -0.00820505 
0.00774024 -0.00193227 -0.0080714 -0.00820505 
0.00774024 -0.00193227 -0.0080714 -0.00820505 
0.00774024 -0.00193227 -0.0080714 -0.00820505 
0.00774024 -0.00193227 -0.0080714 -0.00820505 
0.00774024 -0.00193227 -0.0080714 -0.00820505 
0.00774024 -0.00193227 -0.0080714 -0.00820505 
0.00774024 -0.00193227 -0.0080714 -0.00820505 
0.00774024 -0.00193227 -0.0080714 -0.00820505 
0.00774024 -0.00193227 -0.0080714 -0.00820505 
0.00774024 -0.00193227 -0.0080714 -0.00820505 
0.00774024 -0.00193227 -0.0080714 -0.00820505 
0.00774024 -0.00193227 -0.0080714 -0.00820505 
0.00774024 -0.00193227 -0.0080714 -0.00820505 
0.00774024 -0.00193227 -0.0080714 -0.00820505 
0.00774024 -0.00193227 -0.0080714 -0.00820505 
0.00774024 -0.00193227 -0.0080714 -0.00820505 
0.00774024 -0.00193227 -0.0080714 -0.00820505 
0.00774024 -0.00193227 -0.0080714 -0.00820505 
0.00774024 -0.00193227 -0.0080714 -0.00820505 
0.00774024 -0.00193227 -0.0080714 -0.00820505 
0.00774024 -0.00193227 -0.0080714 -0.00820505 
0.00774024 -0.00193227 -0.0080714 -0.00820505 
0.00774024 -0.00193227 -0.0080714 -0.00820505 
0.00774024 -0.00193227 -0.0080714 -0.00820505 
0.00774024 -0.00193227 -0.0080714 -0.00820505 
0.00774024 -0.00193227 -0.0080714 -0.00820505 
0.00774024 -0.00193227 -0.0080714 -0.00820505 
0.00774024 -0.00193227 -0.0080714 -0.00820505 
0.00774024 -0.00193227 -0.0080714 -0.00820505 
0.00774024 -0.00193227 -0.0080714 -0.00820505 
0.00774024 -0.00193227 -0.0080714 -0.00820505 
0.00774024 -0.00193227 -0.0080714 -0.00820505 
0.00774024 -0.00193227 -0.0080714 -0.00820505 
0.00774024 -0.00193227 -0.0080714 -0.00820505 
0.00774024 -0.00193227 -0.0080714 -0.00820505 
0.00774024 -0.00193227 -0.0080714 -0.00820505 
0.00774024 -0.00193227 -0.0080714 -0.00820505 
0.00774024 -0.00193227 -0.0080714 -0.00820505 
0.00774024 -0.00193227 -0.0080714 -0.00820505 
0.00774024 -0.00193227 -0.0080714 -0.00820505 
0.00774024 -0.00193227 -0.0080714 -0.00820505 
0.00774024 -0.00193227 -0.0080714 -0.00820505 
0.00774024 -0.00193227 -0.0080714 -0.00820505 
0.00774024 -0.00193227 -0.0080714 -0.00820505 
0.00774024 -0.00193227 -0.0080714 -0.00820505 
0.00774024 -0.00193227 -0.0080714 -0.00820505 
0.00774024 -0.00193227 -0.0080714 -0.00820505 
0.00774024 -0.00193227 -0.0080714 -0.00820505 
0.00774024 -0.00193227 -0.0080714 -0.00820505 
0.00774024 -0.00193227 -0.0080714 -0.00820505 
0.00774024 -0.00193227 -0.0080714 -0.00820505 
0.00774024 -0.00193227 -0.0080714 -0.00820505 
0.00774024 -0.00193227 -0.0080714 -0.00820505 
0.00774024 -0.00193227 -0.0080714 -0.00820505 
0.00774024 -0.00193227 -0.0080714 -0.00820505 
0.00774024 -0.00193227 -0.0080714 -0.00820505 
0.00774024 -0.00193227 -0.0080714 -0.00820505 
0.00774024 -0.00193227 -0.0080714 -0.00820505 
0.00774024 -0.00193227 -0.0080714 -0.00820505 
0.00774024 -0.00193227 -0.0080714 -0.00820505 
0.00774024 -0.00193227 -0.0080714 -0.00820505 
0.00774024 -0.00193227 -0.0080714 -0.00820505 
0.00774024 -0.00193227 -0.0080714 -0.00820505 
0.00774024 -0.00193227 -0.0080714 -0.00820505 
0.00774024 -0.00193227 -0.0080714 -0.00820505 
0.00774024 -0.00193227 -0.0080714 -0.00820505 
0.00774024 -0.00193227 -0.0080714 -0.00820505 
0.00774024 -0.00193227 -0.0080714 -0.00820505 
0.00774024 -0.00193227 -0.0080714 -0.00820505 
0.00774024 -0.00193227 -0.0080714 -0.00820505 
0.00774024 -0.00193227 -0.0080714 -0.00820505 
0.00774024 -0.00193227 -0.0080714 -0.00820505 
0.00774024 -0.00193227 -0.0080714 -0.00820505 
0.00774024 -0.00193227 -0.0080714 -0.00820505 
0.00774024 -0.00193227 -0.0080714 -0.00820505 
0.00774024 -0.00193227 -0.0080714 -0.00820505 
0.00774024 -0.00193227 -0.0080714 -0.00820505 
0.00774024 -0.00193227 -0.0080714 -0.00820505 
0.00774024 -0.00193227 -0.0080714 -0.00820505 
0.00774024 -0.00193227 -0.0080714 -0.00820505 
0.00774024 -0.00193227 -0.0080714 -0.00820505 
0.00774024 -0.00193227 -0.0080714 -0.00820505 
0.00774024 -0.00193227 -0.0080714 -0.00820505 
0.00774024 -0.00193227 -0.0080714 -0.00820505 
0.00774024 -0.00193227 -0.0080714 -0.00820505 
0.00774024 -0.00193227 -0.0080714 -0.00820505 
0.00774024 -0.00193227 -0.0080714 -0.00820505 
0.00774024 -0.00193227 -0.0080714 -0.00820505 
0.00774024 -0.00193227 -0.0080714 -0.00820505 
0.00774024 -0.00193227 -0.0080714 -0.00820505 
0.00774024 -0.00193227 -0.0080714 -0.00820505 
0.00774024 -0.00193227 -0.0080714 -0.00820505 
0.00774024 -0.00193227 -0.0080714 -0.00820505 
0.00774024 -0.00193227 -0.0080714 -0.00820505 
0.00774024 -0.00193227 -0.0080714 -0.00820505 
0.00774024 -0.00193227 -0.0080714 -0.00820505 
0.00774024 -0.00193227 -0.0080714 -0.00820505 
0.00774024 -0.00193227 -0.0080714 -0.00820505 
0.00774024 -0.00193227 -0.0080714 -0.00820505 
0.00774024 -0.00193227 -0.0080714 -0.00820505 
0.00774024 -0.00193227 -0.0080714 -0.00820505 
0.00774024 -0.00193227 -0.0080714 -0.00820505 
0.00774024 -0.00193227 -0.0080714 -0.00820505 
0.00774024 -0.00193227 -0.0080714 -0.00820505 
0.00774024 -0.00193227 -0.0080714 -0.00820505 
0.00774024 -0.00193227 -0.0080714 -0.00820505 
0.00774024 -0.00193227 -0.0080714 -0.00820505 
0.00774024 -0.00193227 -0.0080714 -0.00820505 
0.00774024 -0.00193227 -0.0080714 -0.00820505 
0.00774024 -0.00193227 -0.0080714 -0.00820505 
0.00774024 -0.00193227 -0.0080714 -0.00820505 
0.00774024 -0.00193227 -0.0080714 -0.00820505 
0.00774024 -0.00193227 -0.0080714 -0.00820505 
0.00774024 -0.00193227 -0.0080714 -0.00820505 
0.00774024 -0.00193227 -0.0080714 -0.00820505 
0.00774024 -0.00193227 -0.0080714 -0.00820505 
0.00774024 -0.00193227 -0.0080714 -0.00820505 
0.00774024 -0.00193227 -0.0080714 -0.00820505 
0.00774024 -0.00193227 -0.0080714 -0.00820505 
0.00774024 -0.00193227 -0.0080714 -0.00820505 
0.00774024 -0.00193227 -0.0080714 -0.00820505 
0.00774024 -0.00193227 -0.0080714 -0.00820505 
0.00774024 -0.00193227 -0.0080714 -0.00820505 
0.00774024 -0.00193227 -0.0080714 -0.00820505 
0.00774024 -0.00193227 -0.0080714 -0.00820505 
0.00774024 -0.00193227 -0.0080714 -0.00820505 
0.00774024 -0.00193227 -0.0080714 -0.00820505 
0.00774024 -0.00193227 -0.0080714 -0.00820505 
0.00774024 -0.00193227 -0.0080714 -0.00820505 
0.00774024 -0.00193227 -0.0080714 -0.00820505 
0.00774024 -0.00193227 -0.0080714 -0.00820505 
0.00774024 -0.00193227 -0.0080714 -0.00820505 
0.00774024 -0.00193227 -0.0080714 -0.00820505 
0.00774024 -0.00193227 -0.0080714 -0.00820505 
0.00774024 -0.00193227 -0.0080714 -0.00820505 
0.00774024 -0.00193227 -0.0080714 -0.00820505 
0.00774024 -0.00193227 -0.0080714 -0.00820505 
0.00774024 -0.00193227 -0.0080714 -0.00820505 
0.00774024 -0.00193227 -0.0080714 -0.00820505 
0.00774024 -0.00193227 -0.0080714 -0.00820505 
0.00774024 -0.00193227 -0.0080714 -0.00820505 
0.00774024 -0.00193227 -0.0080714 -0.00820505 
0.00774024 -0.00193227 -0.0080714 -0.00820505 
0.00774024 -0.00193227 -0.0080714 -0.00820505 
0.00774024 -0.00193227 -0.0080714 -0.00820505 
0.00774024 -0.00193227 -0.0080714 -0.00820505 
0.00774024 -0.00193227 -0.0080714 -0.00820505 
0.00774024 -0.00193227 -0.0080714 -0.00820505 
0.00774024 -0.00193227 -0.0080714 -0.00820505 
0.00774024 -0.00193227 -0.0080714 -0.00820505 
0.00774024 -0.00193227 -0.0080714 -0.00820505 
0.00774024 -0.00193227 -0.0080714 -0.00820505 
0.00774024 -0.00193227 -0.0080714 -0.00820505 
0.00774024 -0.00193227 -0.0080714 -0.00820505 
0.00774024 -0.00193227 -0.0080714 -0.00820505 
0.00774024 -0.00193227 -0.0080714 -0.00820505 
0.00774024 -0.00193227 -0.0080714 -0.00820505 
0.00774024 -0.00193227 -0.0080714 -0.00820505 
0.00774024 -0.00193227 -0.0080714 -0.00820505 
0.00774024 -0.00193227 -0.0080714 -0.00820505 
0.00774024 -0.00193227 -0.0080714 -0.00820505 
0.00774024 -0.00193227 -0.0080714 -0.00820505 
0.00774024 -0.00193227 -0.0080714 -0.00820505 
0.00774024 -0.00193227 -0.0080714 -0.00820505 
0.00774024 -0.00193227 -0.0080714 -0.00820505 
0.00774024 -0.00193227 -0.0080714 -0.00820505 
0.00774024 -0.00193227 -0.0080714 -0.00820505 
0.00774024 -0.00193227 -0.0080714 -0.00820505 
0.00774024 -0.00193227 -0.0080714 -0.00820505 
0.00774024 -0.00193227 -0.0080714 -0.00820505 
0.00774024 -0.00193227 -0.0080714 -0.00820505 
0.00774024 -0.00193227 -0.0080714 -0.00820505 
0.00774024 -0.00193227 -0.0080714 -0.00820505 
0.00774024 -0.00193227 -0.0080714 -0.00820505 
0.00774024 -0.00193227 -0.0080714 -0.00820505 
0.00774024 -0.00193227 -0.0080714 -0.00820505 
0.00774024 -0.00193227 -0.0080714 -0.00820505 
0.00774024 -0.00193227 -0.0080714 -0.00820505 
0.00774024 -0.00193227 -0.0080714 -0.00820505 
0.00774024 -0.00193227 -0.0080714 -0.00820505 
0.00774024 -0.00193227 -0.0080714 -0.00820505 
0.00774024 -0.00193227 -0.0080714 -0.00820505 
0.00774024 -0.00193227 -0.0080714 -0.00820505 
0.00774024 -0.00193227 -0.0080714 -0.00820505 
0.00774024 -0.00193227 -0.0080714 -0.00820505 
0.00774024 -0.00193227 -0.0080714 -0.00820505 
0.00774024 -0.00193227 -0.0080714 -0.00820505 
0.00774024 -0.00193227 -0.0080714 -0.00820505 
0.00774024 -0.00193227 -0.0080714 -0.00820505 
0.00774024 -0.00193227 -0.0080714 -0.00820505 
0.00774024 -0.00193227 -0.0080714 -0.00820505 
0.00774024 -0.00193227 -0.0080714 -0.00820505 
0.00774024 -0.00193227 -0.0080714 -0.00820505 
0.00774024 -0.00193227 -0.0080714 -0.00820505 
0.00774024 -0.00193227 -0.0080714 -0.00820505 
0.00774024 -0.00193227 -0.0080714 -0.00820505 
0.00774024 -0.00193227 -0.0080714 -0.00820505 
0.00774024 -0.00193227 -0.0080714 -0.00820505 
0.00774024 -0.00193227 -0.0080714 -0.00820505 
0.00774024 -0.00193227 -0.0080714 -0.00820505 
0.00774024 -0.00193227 -0.0080714 -0.00820505 
0.00774024 -0.00193227 -0.0080714 -0.00820505 
0.00774024 -0.00193227 -0.0080714 -0.00820505 
0.00774024 -0.00193227 -0.0080714 -0.00820505 
0.00774024 -0.00193227 -0.0080714 -0.00820505 
0.00774024 -0.00193227 -0.0080714 -0.00820505 
0.00774024 -0.00193227 -0.0080714 -0.00820505 
0.00774024 -0.00193227 -0.0080714 -0.00820505 
0.00774024 -0.00193227 -0.0080714 -0.00820505 
0.00774024 -0.00193227 -0.0080714 -0.00820505 
0.00774024 -0.00193227 -0.0080714 -0.00820505 
0.00774024 -0.00193227 -0.0080714 -0.00820505 
0.00774024 -0.00193227 -0.0080714 -0.00820505 
0.00774024 -0.00193227 -0.0080714 -0.00820505 
0.00774024 -0.00193227 -0.0080714 -0.00820505 
0.00774024 -0.00193227 -0.0080714 -0.00820505 
0.00774024 -0.00193227 -0.0080714 -0.00820505 
0.00774024 -0.00193227 -0.0080714 -0.00820505 
0.00774024 -0.00193227 -0.0080714 -0.00820505 
0.00774024 -0.00193227 -0.0080714 -0.00820505 
0.00774024 -0.00193227 -0.0080714 -0.00820505 
0.00774024 -0.00193227 -0.0080714 -0.00820505 
0.00774024 -0.00193227 -0.0080714 -0.00820505 
0.00774024 -0.00193227 -0.0080714 -0.00820505 
0.00774024 -0.00193227 -0.0080714 -0.00820505 
0.00774024 -0.00193227 -0.0080714 -0.00820505 
0.00774024 -0.00193227 -0.0080714 -0.00820505 
0.00774024 -0.00193227 -0.0080714 -0.00820505 
0.00774024 -0.00193227 -0.0080714 -0.00820505 
0.00774024 -0.00193227 -0.0080714 -0.00820505 
0.00774024 -0.00193227 -0.0080714 -0.00820505 
0.00774024 -0.00193227 -0.0080714 -0.00820505 
0.00774024 -0.00193227 -0.0080714 -0.00820505 
0.00774024 -0.00193227 -0.0080714 -0.00820505 
0.00774024 -0.00193227 -0.0080714 -0.00820505 
0.00774024 -0.00193227 -0.0080714 -0.00820505 
0.00774024 -0.00193227 -0.0080714 -0.00820505 
0.00774024 -0.00193227 -0.0080714 -0.00820505 
0.00774024 -0.00193227 -0.0080714 -0.00820505 
0.00774024 -0.00193227 -0.0080714 -0.00820505 
0.00774024 -0.00193227 -0.0080714 -0.00820505 
0.00774024 -0.00193227 -0.0080714 -0.00820505 
0.00774024 -0.00193227 -0.0080714 -0.00820505 
0.00774024 -0.00193227 -0.0080714 -0.00820505 
0.00774024 -0.00193227 -0.0080714 -0.00820505 
0.00774024 -0.00193227 -0.0080714 -0.00820505 
0.00774024 -0.00193227 -0.0080714 -0.00820505 
0.00774024 -0.00193227 -0.0080714 -0.00820505 
0.00774024 -0.00193227 -0.0080714 -0.00820505 
0.00774024 -0.00193227 -0.0080714 -0.00820505 
0.00774024 -0.00193227 -0.0080714 -0.00820505 
0.00774024 -0.00193227 -0.0080714 -0.00820505 
0.00774024 -0.00193227 -0.0080714 -0.00820505 
0.00774024 -0.00193227 -0.0080714 -0.00820505 
0.00774024 -0.00193227 -0.0080714 -0.00820505 
0.00774024 -0.00193227 -0.0080714 -0.00820505 
0.00774024 -0.00193227 -0.0080714 -0.00820505 
0.00774024 -0.00193227 -0.0080714 -0.00820505 
0.00774024 -0.00193227 -0.0080714 -0.00820505 
0.00774024 -0.00193227 -0.0080714 -0.00820505 
0.00774024 -0.00193227 -0.0080714 -0.00820505 
0.00774024 -0.00193227 -0.0080714 -0.00820505 
0.00774024 -0.00193227 -0.0080714 -0.00820505 
0.00774024 -0.00193227 -0.0080714 -0.00820505 
0.00774024 -0.00193227 -0.0080714 -0.00820505 
0.00774024 -0.00193227 -0.0080714 -0.00820505 
0.00774024 -0.00193227 -0.0080714 -0.00820505 
0.00774024 -0.00193227 -0.0080714 -0.00820505 
0.00774024 -0.00193227 -0.0080714 -0.00820505 
0.00774024 -0.00193227 -0.0080714 -0.00820505 
0.00774024 -0.00193227 -0.0080714 -0.00820505 
0.00774024 -0.00193227 -0.0080714 -0.00820505 
0.00774024 -0.00193227 -0.0080714 -0.00820505 
0.00774024 -0.00193227 -0.0080714 -0.00820505 
0.00774024 -0.00193227 -0.0080714 -0.00820505 
0.00774024 -0.00193227 -0.0080714 -0.00820505 
0.00774024 -0.00193227 -0.0080714 -0.00820505 
0.00774024 -0.00193227 -0.0080714 -0.00820505 
0.00774024 -0.00193227 -0.0080714 -0.00820505 
0.00774024 -0.00193227 -0.0080714 -0.00820505 
0.00774024 -0.00193227 -0.0080714 -0.00820505 
0.00774024 -0.00193227 -0.0080714 -0.00820505 
0.00774024 -0.00193227 -0.0080714 -0.00820505 
0.00774024 -0.00193227 -0.0080714 -0.00820505 
0.00774024 -0.00193227 -0.0080714 -0.00820505 
0.00774024 -0.00193227 -0.0080714 -0.00820505 
0.00774024 -0.00193227 -0.0080714 -0.00820505 
0.00774024 -0.00193227 -0.0080714 -0.00820505 
0.00774024 -0.00193227 -0.0080714 -0.00820505 
0.00774024 -0.00193227 -0.0080714 -0.00820505 
0.00774024 -0.00193227 -0.0080714 -0.00820505 
0.00774024 -0.00193227 -0.0080714 -0.00820505 
0.00774024 -0.00193227 -0.0080714 -0.00820505 
0.00774024 -0.00193227 -0.0080714 -0.00820505 
0.00774024 -0.00193227 -0.0080714 -0.00820505 
0.00774024 -0.00193227 -0.0080714 -0.00820505 
0.00774024 -0.00193227 -0.0080714 -0.00820505 
0.00774024 -0.00193227 -0.0080714 -0.00820505 
0.00774024 -0.00193227 -0.0080714 -0.00820505 
0.00774024 -0.00193227 -0.0080714 -0.00820505 
0.00774024 -0.00193227 -0.0080714 -0.00820505 
0.00774024 -0.00193227 -0.0080714 -0.00820505 
0.00774024 -0.00193227 -0.0080714 -0.00820505 
0.00774024 -0.00193227 -0.0080714 -0.00820505 
0.00774024 -0.00193227 -0.0080714 -0.00820505 
0.00774024 -0.00193227 -0.0080714 -0.00820505 
0.00774024 -0.00193227 -0.0080714 -0.00820505 
0.00774024 -0.00193227 -0.0080714 -0.00820505 
0.00774024 -0.00193227 -0.0080714 -0.00820505 
0.00774024 -0.00193227 -0.0080714 -0.00820505 
0.00774024 -0.00193227 -0.0080714 -0.00820505 
0.00774024 -0.00193227 -0.0080714 -0.00820505 
0.00774024 -0.00193227 -0.0080714 -0.00820505 
0.00774024 -0.00193227 -0.0080714 -0.00820505 
0.00774024 -0.00193227 -0.0080714 -0.00820505 
0.00774024 -0.00193227 -0.0080714 -0.00820505 
0.00774024 -0.00193227 -0.0080714 -0.00820505 
0.00774024 -0.00193227 -0.0080714 -0.00820505 
0.00774024 -0.00193227 -0.0080714 -0.00820505 
0.00774024 -0.00193227 -0.0080714 -0.00820505 
0.00774024 -0.00193227 -0.0080714 -0.00820505 
0.00774024 -0.00193227 -0.0080714 -0.00820505 
0.00774024 -0.00193227 -0.0080714 -0.00820505 
0.00774024 -0.00193227 -0.0080714 -0.00820505 
0.00774024 -0.00193227 -0.0080714 -0.00820505 
0.00774024 -0.00193227 -0.0080714 -0.00820505 
0.00774024 -0.00193227 -0.0080714 -0.00820505 
0.00774024 -0.00193227 -0.0080714 -0.00820505 
0.00774024 -0.00193227 -0.0080714 -0.00820505 
0.00774024 -0.00193227 -0.0080714 -0.00820505 
0.00774024 -0.00193227 -0.0080714 -0.00820505 
0.00774024 -0.00193227 -0.0080714 -0.00820505 
0.00774024 -0.00193227 -0.0080714 -0.00820505 
0.00774024 -0.00193227 -0.0080714 -0.00820505 
0.00774024 -0.00193227 -0.0080714 -0.00820505 
0.00774024 -0.00193227 -0.0080714 -0.00820505 
0.00774024 -0.00193227 -0.0080714 -0.00820505 
0.00774024 -0.00193227 -0.0080714 -0.00820505 
0.00774024 -0.00193227 -0.0080714 -0.00820505 
0.00774024 -0.00193227 -0.0080714 -0.00820505 
0.00774024 -0.00193227 -0.0080714 -0.00820505 
0.00774024 -0.00193227 -0.0080714 -0.00820505 
0.00774024 -0.00193227 -0.0080714 -0.00820505 
0.00774024 -0.00193227 -0.0080714 -0.00820505 
0.00774024 -0.00193227 -0.0080714 -0.00820505 
0.00774024 -0.00193227 -0.0080714 -0.00820505 
0.00774024 -0.00193227 -0.0080714 -0.00820505 
0.00774024 -0.00193227 -0.0080714 -0.00820505 
0.00774024 -0.00193227 -0.0080714 -0.00820505 
0.00774024 -0.00193227 -0.0080714 -0.00820505 
0.00774024 -0.00193227 -0.0080714 -0.00820505 
0.00774024 -0.00193227 -0.0080714 -0.00820505 
0.00774024 -0.00193227 -0.0080714 -0.00820505 
0.00774024 -0.00193227 -0.0080714 -0.00820505 
0.00774024 -0.00193227 -0.0080714 -0.00820505 
0.00774024 -0.00193227 -0.0080714 -0.00820505 
0.00774024 -0.00193227 -0.0080714 -0.00820505 
0.00774024 -0.00193227 -0.0080714 -0.00820505 
0.00774024 -0.00193227 -0.0080714 -0.00820505 
0.00774024 -0.00193227 -0.0080714 -0.00820505 
0.00774024 -0.00193227 -0.0080714 -0.00820505 
0.00774024 -0.00193227 -0.0080714 -0.00820505 
0.00774024 -0.00193227 -0.0080714 -0.00820505 
0.00774024 -0.00193227 -0.0080714 -0.00820505 
0.00774024 -0.00193227 -0.0080714 -0.00820505 
0.00774024 -0.00193227 -0.0080714 -0.00820505 
0.00774024 -0.00193227 -0.0080714 -0.00820505 
0.00774024 -0.00193227 -0.0080714 -0.00820505 
0.00774024 -0.00193227 -0.0080714 -0.00820505 
0.00774024 -0.00193227 -0.0080714 -0.00820505 
0.00774024 -0.00193227 -0.0080714 -0.00820505 
0.00774024 -0.00193227 -0.0080714 -0.00820505 
0.00774024 -0.00193227 -0.0080714 -0.00820505 
0.00774024 -0.00193227 -0.0080714 -0.00820505 
0.00774024 -0.00193227 -0.0080714 -0.00820505 
0.00774024 -0.00193227 -0.0080714 -0.00820505 
0.00774024 -0.00193227 -0.0080714 -0.00820505 
0.00774024 -0.00193227 -0.0080714 -0.00820505 
0.00774024 -0.00193227 -0.0080714 -0.00820505 
0.00774024 -0.00193227 -0.0080714 -0.00820505 
0.00774024 -0.00193227 -0.0080714 -0.00820505 
0.00774024 -0.00193227 -0.0080714 -0.00820505 
0.00774024 -0.00193227 -0.0080714 -0.00820505 
0.00774024 -0.00193227 -0.0080714 -0.00820505 
0.00774024 -0.00193227 -0.0080714 -0.00820505 
0.00774024 -0.00193227 -0.0080714 -0.00820505 
0.00774024 -0.00193227 -0.0080714 -0.00820505 
0.00774024 -0.00193227 -0.0080714 -0.00820505 
0.00774024 -0.00193227 -0.0080714 -0.00820505 
0.00774024 -0.00193227 -0.0080714 -0.00820505 
0.00774024 -0.00193227 -0.0080714 -0.00820505 
0.00774024 -0.00193227 -0.0080714 -0.00820505 
0.00774024 -0.00193227 -0.0080714 -0.00820505 
0.00774024 -0.00193227 -0.0080714 -0.00820505 
0.00774024 -0.00193227 -0.0080714 -0.00820505 
0.00774024 -0.00193227 -0.0080714 -0.00820505 
0.00774024 -0.00193227 -0.0080714 -0.00820505 
0.00774024 -0.00193227 -0.0080714 -0.00820505 
0.00774024 -0.00193227 -0.0080714 -0.00820505 
0.00774024 -0.00193227 -0.0080714 -0.00820505 
0.00774024 -0.00193227 -0.0080714 -0.00820505 
0.00774024 -0.00193227 -0.0080714 -0.00820505 
0.00774024 -0.00193227 -0.0080714 -0.00820505 
0.00774024 -0.00193227 -0.0080714 -0.00820505 
0.00774024 -0.00193227 -0.0080714 -0.00820505 
0.00774024 -0.00193227 -0.0080714 -0.00820505 
0.00774024 -0.00193227 -0.0080714 -0.00820505 
0.00774024 -0.00193227 -0.0080714 -0.00820505 
0.00774024 -0.00193227 -0.0080714 -0.00820505 
0.00774024 -0.00193227 -0.0080714 -0.00820505 
0.00774024 -0.00193227 -0.0080714 -0.00820505 
0.00774024 -0.00193227 -0.0080714 -0.00820505 
0.00774024 -0.00193227 -0.0080714 -0.00820505 
0.00774024 -0.00193227 -0.0080714 -0.00820505 
0.00774024 -0.00193227 -0.0080714 -0.00820505 
0.00774024 -0.00193227 -0.0080714 -0.00820505 
0.00774024 -0.00193227 -0.0080714 -0.00820505 
0.00774024 -0.00193227 -0.0080714 -0.00820505 
0.00774024 -0.00193227 -0.0080714 -0.00820505 
0.00774024 -0.00193227 -0.0080714 -0.00820505 
0.00774024 -0.00193227 -0.0080714 -0.00820505 
0.00774024 -0.00193227 -0.0080714 -0.00820505 
0.00774024 -0.00193227 -0.0080714 -0.00820505 
0.00774024 -0.00193227 -0.0080714 -0.00820505 
0.00774024 -0.00193227 -0.0080714 -0.00820505 
0.00774024 -0.00193227 -0.0080714 -0.00820505 
0.00774024 -0.00193227 -0.0080714 -0.00820505 
0.00774024 -0.00193227 -0.0080714 -0.00820505 
0.00774024 -0.00193227 -0.0080714 -0.00820505 
0.00774024 -0.00193227 -0.0080714 -0.00820505 
0.00774024 -0.00193227 -0.0080714 -0.00820505 
0.00774024 -0.00193227 -0.0080714 -0.00820505 
0.00774024 -0.00193227 -0.0080714 -0.00820505 
0.00774024 -0.00193227 -0.0080714 -0.00820505 
0.00774024 -0.00193227 -0.0080714 -0.00820505 
0.00774024 -0.00193227 -0.0080714 -0.00820505 
0.00774024 -0.00193227 -0.0080714 -0.00820505 
0.00774024 -0.00193227 -0.0080714 -0.00820505 
0.00774024 -0.00193227 -0.0080714 -0.00820505 
0.00774024 -0.00193227 -0.0080714 -0.00820505 
0.00774024 -0.00193227 -0.0080714 -0.00820505 
0.00774024 -0.00193227 -0.0080714 -0.00820505 
0.00774024 -0.00193227 -0.0080714 -0.00820505 
0.00774024 -0.00193227 -0.0080714 -0.00820505 
0.00774024 -0.00193227 -0.0080714 -0.00820505 
0.00774024 -0.00193227 -0.0080714 -0.00820505 
0.00774024 -0.00193227 -0.0080714 -0.00820505 
0.00774024 -0.00193227 -0.0080714 -0.00820505 
0.00774024 -0.00193227 -0.0080714 -0.00820505 
0.00774024 -0.00193227 -0.0080714 -0.00820505 
0.00774024 -0.00193227 -0.0080714 -0.00820505 
0.00774024 -0.00193227 -0.0080714 -0.00820505 
0.00774024 -0.00193227 -0.0080714 -0.00820505 
0.00774024 -0.00193227 -0.0080714 -0.00820505 
0.00774024 -0.00193227 -0.0080714 -0.00820505 
0.00774024 -0.00193227 -0.0080714 -0.00820505 
0.00774024 -0.00193227 -0.0080714 -0.00820505 
0.00774024 -0.00193227 -0.0080714 -0.00820505 
0.00774024 -0.00193227 -0.0080714 -0.00820505 
0.00774024 -0.00193227 -0.0080714 -0.00820505 
0.00774024 -0.00193227 -0.0080714 -0.00820505 
0.00774024 -0.00193227 -0.0080714 -0.00820505 
0.00774024 -0.00193227 -0.0080714 -0.00820505 
0.00774024 -0.00193227 -0.0080714 -0.00820505 
0.00774024 -0.00193227 -0.0080714 -0.00820505 
0.00774024 -0.00193227 -0.0080714 -0.00820505 
0.00774024 -0.00193227 -0.0080714 -0.00820505 
0.00774024 -0.00193227 -0.0080714 -0.00820505 
0.00774024 -0.00193227 -0.0080714 -0.00820505 
0.00774024 -0.00193227 -0.0080714 -0.00820505 
0.00774024 -0.00193227 -0.0080714 -0.00820505 
0.00774024 -0.00193227 -0.0080714 -0.00820505 
0.00774024 -0.00193227 -0.0080714 -0.00820505 
0.00774024 -0.00193227 -0.0080714 -0.00820505 
0.00774024 -0.00193227 -0.0080714 -0.00820505 
0.00774024 -0.00193227 -0.0080714 -0.00820505 
0.00774024 -0.00193227 -0.0080714 -0.00820505 
0.00774024 -0.00193227 -0.0080714 -0.00820505 
0.00774024 -0.00193227 -0.0080714 -0.00820505 
0.00774024 -0.00193227 -0.0080714 -0.00820505 
0.00774024 -0.00193227 -0.0080714 -0.00820505 
0.00774024 -0.00193227 -0.0080714 -0.00820505 
0.00774024 -0.00193227 -0.0080714 -0.00820505 
0.00774024 -0.00193227 -0.0080714 -0.00820505 
0.00774024 -0.00193227 -0.0080714 -0.00820505 
0.00774024 -0.00193227 -0.0080714 -0.00820505 
0.00774024 -0.00193227 -0.0080714 -0.00820505 
0.00774024 -0.00193227 -0.0080714 -0.00820505 
0.00774024 -0.00193227 -0.0080714 -0.00820505 
0.00774024 -0.00193227 -0.0080714 -0.00820505 
0.00774024 -0.00193227 -0.0080714 -0.00820505 
0.00774024 -0.00193227 -0.0080714 -0.00820505 
0.00774024 -0.00193227 -0.0080714 -0.00820505 
0.00774024 -0.00193227 -0.0080714 -0.00820505 
0.00774024 -0.00193227 -0.0080714 -0.00820505 
0.00774024 -0.00193227 -0.0080714 -0.00820505 
0.00774024 -0.00193227 -0.0080714 -0.00820505 
0.00774024 -0.00193227 -0.0080714 -0.00820505 
0.00774024 -0.00193227 -0.0080714 -0.00820505 
0.00774024 -0.00193227 -0.0080714 -0.00820505 
0.00774024 -0.00193227 -0.0080714 -0.00820505 
0.00774024 -0.00193227 -0.0080714 -0.00820505 
0.00774024 -0.00193227 -0.0080714 -0.00820505 
0.00774024 -0.00193227 -0.0080714 -0.00820505 
0.00774024 -0.00193227 -0.0080714 -0.00820505 
0.00774024 -0.00193227 -0.0080714 -0.00820505 
0.00774024 -0.00193227 -0.0080714 -0.00820505 
0.00774024 -0.00193227 -0.0080714 -0.00820505 
0.00774024 -0.00193227 -0.0080714 -0.00820505 
0.00774024 -0.00193227 -0.0080714 -0.00820505 
0.00774024 -0.00193227 -0.0080714 -0.00820505 
0.00774024 -0.00193227 -0.0080714 -0.00820505 
0.00774024 -0.00193227 -0.0080714 -0.00820505 
0.00774024 -0.00193227 -0.0080714 -0.00820505 
0.00774024 -0.00193227 -0.0080714 -0.00820505 
0.00774024 -0.00193227 -0.0080714 -0.00820505 
0.00774024 -0.00193227 -0.0080714 -0.00820505 
0.00774024 -0.00193227 -0.0080714 -0.00820505 
0.00774024 -0.00193227 -0.0080714 -0.00820505 
0.00774024 -0.00193227 -0.0080714 -0.00820505 
0.00774024 -0.00193227 -0.0080714 -0.00820505 
0.00774024 -0.00193227 -0.0080714 -0.00820505 
0.00774024 -0.00193227 -0.0080714 -0.00820505 
0.00774024 -0.00193227 -0.0080714 -0.00820505 
0.00774024 -0.00193227 -0.0080714 -0.00820505 
0.00774024 -0.00193227 -0.0080714 -0.00820505 
0.00774024 -0.00193227 -0.0080714 -0.00820505 
0.00774024 -0.00193227 -0.0080714 -0.00820505 
0.00774024 -0.00193227 -0.0080714 -0.00820505 
0.00774024 -0.00193227 -0.0080714 -0.00820505 
0.00774024 -0.00193227 -0.0080714 -0.00820505 
0.00774024 -0.00193227 -0.0080714 -0.00820505 
0.00774024 -0.00193227 -0.0080714 -0.00820505 
0.00774024 -0.00193227 -0.0080714 -0.00820505 
0.00774024 -0.00193227 -0.0080714 -0.00820505 
0.00774024 -0.00193227 -0.0080714 -0.00820505 
0.00774024 -0.00193227 -0.0080714 -0.00820505 
0.00774024 -0.00193227 -0.0080714 -0.00820505 
0.00774024 -0.00193227 -0.0080714 -0.00820505 
0.00774024 -0.00193227 -0.0080714 -0.00820505 
0.00774024 -0.00193227 -0.0080714 -0.00820505 
0.00774024 -0.00193227 -0.0080714 -0.00820505 
0.00774024 -0.00193227 -0.0080714 -0.00820505 
0.00774024 -0.00193227 -0.0080714 -0.00820505 
0.00774024 -0.00193227 -0.0080714 -0.00820505 
0.00774024 -0.00193227 -0.0080714 -0.00820505 
0.00774024 -0.00193227 -0.0080714 -0.00820505 
0.00774024 -0.00193227 -0.0080714 -0.00820505 
0.00774024 -0.00193227 -0.0080714 -0.00820505 
0.00774024 -0.00193227 -0.0080714 -0.00820505 
0.00774024 -0.00193227 -0.0080714 -0.00820505 
0.00774024 -0.00193227 -0.0080714 -0.00820505 
0.00774024 -0.00193227 -0.0080714 -0.00820505 
0.00774024 -0.00193227 -0.0080714 -0.00820505 
0.00774024 -0.00193227 -0.0080714 -0.00820505 
0.00774024 -0.00193227 -0.0080714 -0.00820505 
0.00774024 -0.00193227 -0.0080714 -0.00820505 
0.00774024 -0.00193227 -0.0080714 -0.00820505 
0.00774024 -0.00193227 -0.0080714 -0.00820505 
0.00774024 -0.00193227 -0.0080714 -0.00820505 
0.00774024 -0.00193227 -0.0080714 -0.00820505 
0.00774024 -0.00193227 -0.0080714 -0.00820505 
0.00774024 -0.00193227 -0.0080714 -0.00820505 
0.00774024 -0.00193227 -0.0080714 -0.00820505 
0.00774024 -0.00193227 -0.0080714 -0.00820505 
0.00774024 -0.00193227 -0.0080714 -0.00820505 
0.00774024 -0.00193227 -0.0080714 -0.00820505 
0.00774024 -0.00193227 -0.0080714 -0.00820505 
0.00774024 -0.00193227 -0.0080714 -0.00820505 
0.00774024 -0.00193227 -0.0080714 -0.00820505 
0.00774024 -0.00193227 -0.0080714 -0.00820505 
0.00774024 -0.00193227 -0.0080714 -0.00820505 
0.00774024 -0.00193227 -0.0080714 -0.00820505 
0.00774024 -0.00193227 -0.0080714 -0.00820505 
0.00774024 -0.00193227 -0.0080714 -0.00820505 
0.00774024 -0.00193227 -0.0080714 -0.00820505 
0.00774024 -0.00193227 -0.0080714 -0.00820505 
0.00774024 -0.00193227 -0.0080714 -0.00820505 
0.00774024 -0.00193227 -0.0080714 -0.00820505 
0.00774024 -0.00193227 -0.0080714 -0.00820505 
0.00774024 -0.00193227 -0.0080714 -0.00820505 
0.00774024 -0.00193227 -0.0080714 -0.00820505 
0.00774024 -0.00193227 -0.0080714 -0.00820505 
0.00774024 -0.00193227 -0.0080714 -0.00820505 
0.00774024 -0.00193227 -0.0080714 -0.00820505 
0.00774024 -0.00193227 -0.0080714 -0.00820505 
0.00774024 -0.00193227 -0.0080714 -0.00820505 
0.00774024 -0.00193227 -0.0080714 -0.00820505 
0.00774024 -0.00193227 -0.0080714 -0.00820505 
0.00774024 -0.00193227 -0.0080714 -0.00820505 
0.00774024 -0.00193227 -0.0080714 -0.00820505 
0.00774024 -0.00193227 -0.0080714 -0.00820505 
0.00774024 -0.00193227 -0.0080714 -0.00820505 
0.00774024 -0.00193227 -0.0080714 -0.00820505 
0.00774024 -0.00193227 -0.0080714 -0.00820505 
0.00774024 -0.00193227 -0.0080714 -0.00820505 
0.00774024 -0.00193227 -0.0080714 -0.00820505 
0.00774024 -0.00193227 -0.0080714 -0.00820505 
0.00774024 -0.00193227 -0.0080714 -0.00820505 
0.00774024 -0.00193227 -0.0080714 -0.00820505 
0.00774024 -0.00193227 -0.0080714 -0.00820505 
0.00774024 -0.00193227 -0.0080714 -0.00820505 
0.00774024 -0.00193227 -0.0080714 -0.00820505 
0.00774024 -0.00193227 -0.0080714 -0.00820505 
0.00774024 -0.00193227 -0.0080714 -0.00820505 
0.00774024 -0.00193227 -0.0080714 -0.00820505 
0.00774024 -0.00193227 -0.0080714 -0.00820505 
0.00774024 -0.00193227 -0.0080714 -0.00820505 
0.00774024 -0.00193227 -0.0080714 -0.00820505 
0.00774024 -0.00193227 -0.0080714 -0.00820505 
0.00774024 -0.00193227 -0.0080714 -0.00820505 
0.00774024 -0.00193227 -0.0080714 -0.00820505 
0.00774024 -0.00193227 -0.0080714 -0.00820505 
0.00774024 -0.00193227 -0.0080714 -0.00820505 
0.00774024 -0.00193227 -0.0080714 -0.00820505 
0.00774024 -0.00193227 -0.0080714 -0.00820505 
0.00774024 -0.00193227 -0.0080714 -0.00820505 
0.00774024 -0.00193227 -0.0080714 -0.00820505 
0.00774024 -0.00193227 -0.0080714 -0.00820505 
0.00774024 -0.00193227 -0.0080714 -0.00820505 
0.00774024 -0.00193227 -0.0080714 -0.00820505 
0.00774024 -0.00193227 -0.0080714 -0.00820505 
0.00774024 -0.00193227 -0.0080714 -0.00820505 
0.00774024 -0.00193227 -0.0080714 -0.00820505 
0.00774024 -0.00193227 -0.0080714 -0.00820505 
0.00774024 -0.00193227 -0.0080714 -0.00820505 
0.00774024 -0.00193227 -0.0080714 -0.00820505 
0.00774024 -0.00193227 -0.0080714 -0.00820505 
0.00774024 -0.00193227 -0.0080714 -0.00820505 
0.00774024 -0.00193227 -0.0080714 -0.00820505 
0.00774024 -0.00193227 -0.0080714 -0.00820505 
0.00774024 -0.00193227 -0.0080714 -0.00820505 
0.00774024 -0.00193227 -0.0080714 -0.00820505 
0.00774024 -0.00193227 -0.0080714 -0.00820505 
0.00774024 -0.00193227 -0.0080714 -0.00820505 
0.00774024 -0.00193227 -0.0080714 -0.00820505 
0.00774024 -0.00193227 -0.0080714 -0.00820505 
0.00774024 -0.00193227 -0.0080714 -0.00820505 
0.00774024 -0.00193227 -0.0080714 -0.00820505 
0.00774024 -0.00193227 -0.0080714 -0.00820505 
0.00774024 -0.00193227 -0.0080714 -0.00820505 
0.00774024 -0.00193227 -0.0080714 -0.00820505 
0.00774024 -0.00193227 -0.0080714 -0.00820505 
0.00774024 -0.00193227 -0.0080714 -0.00820505 
0.00774024 -0.00193227 -0.0080714 -0.00820505 
0.00774024 -0.00193227 -0.0080714 -0.00820505 
0.00774024 -0.00193227 -0.0080714 -0.00820505 
0.00774024 -0.00193227 -0.0080714 -0.00820505 
0.00774024 -0.00193227 -0.0080714 -0.00820505 
0.00774024 -0.00193227 -0.0080714 -0.00820505 
0.00774024 -0.00193227 -0.0080714 -0.00820505 
0.00774024 -0.00193227 -0.0080714 -0.00820505 
0.00774024 -0.00193227 -0.0080714 -0.00820505 
0.00774024 -0.00193227 -0.0080714 -0.00820505 
0.00774024 -0.00193227 -0.0080714 -0.00820505 
0.00774024 -0.00193227 -0.0080714 -0.00820505 
0.00774024 -0.00193227 -0.0080714 -0.00820505 
0.00774024 -0.00193227 -0.0080714 -0.00820505 
0.00774024 -0.00193227 -0.0080714 -0.00820505 
0.00774024 -0.00193227 -0.0080714 -0.00820505 
0.00774024 -0.00193227 -0.0080714 -0.00820505 
0.00774024 -0.00193227 -0.0080714 -0.00820505 
0.00774024 -0.00193227 -0.0080714 -0.00820505 
0.00774024 -0.00193227 -0.0080714 -0.00820505 
0.00774024 -0.00193227 -0.0080714 -0.00820505 
0.00774024 -0.00193227 -0.0080714 -0.00820505 
0.00774024 -0.00193227 -0.0080714 -0.00820505 
0.00774024 -0.00193227 -0.0080714 -0.00820505 
0.00774024 -0.00193227 -0.0080714 -0.00820505 
0.00774024 -0.00193227 -0.0080714 -0.00820505 
0.00774024 -0.00193227 -0.0080714 -0.00820505 
0.00774024 -0.00193227 -0.0080714 -0.00820505 
0.00774024 -0.00193227 -0.0080714 -0.00820505 
0.00774024 -0.00193227 -0.0080714 -0.00820505 
0.00774024 -0.00193227 -0.0080714 -0.00820505 
0.00774024 -0.00193227 -0.0080714 -0.00820505 
0.00774024 -0.00193227 -0.0080714 -0.00820505 
0.00774024 -0.00193227 -0.0080714 -0.00820505 
0.00774024 -0.00193227 -0.0080714 -0.00820505 
0.00774024 -0.00193227 -0.0080714 -0.00820505 
0.00774024 -0.00193227 -0.0080714 -0.00820505 
0.00774024 -0.00193227 -0.0080714 -0.00820505 
0.00774024 -0.00193227 -0.0080714 -0.00820505 
0.00774024 -0.00193227 -0.0080714 -0.00820505 
0.00774024 -0.00193227 -0.0080714 -0.00820505 
0.00774024 -0.00193227 -0.0080714 -0.00820505 
0.00774024 -0.00193227 -0.0080714 -0.00820505 
0.00774024 -0.00193227 -0.0080714 -0.00820505 
0.00774024 -0.00193227 -0.0080714 -0.00820505 
0.00774024 -0.00193227 -0.0080714 -0.00820505 
0.00774024 -0.00193227 -0.0080714 -0.00820505 
0.00774024 -0.00193227 -0.0080714 -0.00820505 
0.00774024 -0.00193227 -0.0080714 -0.00820505 
0.00774024 -0.00193227 -0.0080714 -0.00820505 
0.00774024 -0.00193227 -0.0080714 -0.00820505 
0.00774024 -0.00193227 -0.0080714 -0.00820505 
0.00774024 -0.00193227 -0.0080714 -0.00820505 
0.00774024 -0.00193227 -0.0080714 -0.00820505 
0.00774024 -0.00193227 -0.0080714 -0.00820505 
0.00774024 -0.00193227 -0.0080714 -0.00820505 
0.00774024 -0.00193227 -0.0080714 -0.00820505 
0.00774024 -0.00193227 -0.0080714 -0.00820505 
0.00774024 -0.00193227 -0.0080714 -0.00820505 
0.00774024 -0.00193227 -0.0080714 -0.00820505 
0.00774024 -0.00193227 -0.0080714 -0.00820505 
0.00774024 -0.00193227 -0.0080714 -0.00820505 
0.00774024 -0.00193227 -0.0080714 -0.00820505 
0.00774024 -0.00193227 -0.0080714 -0.00820505 
0.00774024 -0.00193227 -0.0080714 -0.00820505 
0.00774024 -0.00193227 -0.0080714 -0.00820505 
0.00774024 -0.00193227 -0.0080714 -0.00820505 
0.00774024 -0.00193227 -0.0080714 -0.00820505 
0.00774024 -0.00193227 -0.0080714 -0.00820505 
0.00774024 -0.00193227 -0.0080714 -0.00820505 
0.00774024 -0.00193227 -0.0080714 -0.00820505 
0.00774024 -0.00193227 -0.0080714 -0.00820505 
0.00774024 -0.00193227 -0.0080714 -0.00820505 
0.00774024 -0.00193227 -0.0080714 -0.00820505 
0.00774024 -0.00193227 -0.0080714 -0.00820505 
0.00774024 -0.00193227 -0.0080714 -0.00820505 
0.00774024 -0.00193227 -0.0080714 -0.00820505 
0.00774024 -0.00193227 -0.0080714 -0.00820505 
0.00774024 -0.00193227 -0.0080714 -0.00820505 
0.00774024 -0.00193227 -0.0080714 -0.00820505 
0.00774024 -0.00193227 -0.0080714 -0.00820505 
0.00774024 -0.00193227 -0.0080714 -0.00820505 
0.00774024 -0.00193227 -0.0080714 -0.00820505 
0.00774024 -0.00193227 -0.0080714 -0.00820505 
0.00774024 -0.00193227 -0.0080714 -0.00820505 
0.00774024 -0.00193227 -0.0080714 -0.00820505 
0.00774024 -0.00193227 -0.0080714 -0.00820505 
0.00774024 -0.00193227 -0.0080714 -0.00820505 
0.00774024 -0.00193227 -0.0080714 -0.00820505 
0.00774024 -0.00193227 -0.0080714 -0.00820505 
0.00774024 -0.00193227 -0.0080714 -0.00820505 
0.00774024 -0.00193227 -0.0080714 -0.00820505 
0.00774024 -0.00193227 -0.0080714 -0.00820505 
0.00774024 -0.00193227 -0.0080714 -0.00820505 
0.00774024 -0.00193227 -0.0080714 -0.00820505 
