0.212174 -0.00274678
0.212175 -0.0027473
0.212078 -0.00274781
0.211891 -0.00274836
0.211655 -0.002749
0.211401 -0.00274974
0.211141 -0.00275052
0.21088 -0.00275127
0.210616 -0.00275198
0.210351 -0.00275266
0.210084 -0.00275334
0.209551 -0.00275471
0.209551 -0.00275471
0.209286 -0.0027554
0.209024 -0.00275608
0.208764 -0.00275676
0.208505 -0.00275744
0.208247 -0.00275812
0.207989 -0.00275879
0.207989 -0.00275879
0.207471 -0.00276014
0.207209 -0.00276082
0.206944 -0.00276149
0.206676 -0.00276216
0.206403 -0.00276284
0.206126 -0.00276351
0.205844 -0.00276418
0.205556 -0.00276486
0.205262 -0.00276553
0.204961 -0.00276621
0.204653 -0.00276688
0.204338 -0.00276756
0.204016 -0.00276824
0.203685 -0.00276892
0.203001 -0.00277027
0.203001 -0.00277027
0.202646 -0.00277095
0.202283 -0.00277163
0.201911 -0.00277232
0.20153 -0.002773
0.201141 -0.00277368
0.200742 -0.00277437
0.199918 -0.00277574
0.199918 -0.00277574
0.199492 -0.00277642
0.199056 -0.00277711
0.198612 -0.00277779
0.198157 -0.00277848
0.197694 -0.00277917
0.197221 -0.00277986
0.196246 -0.00278124
0.196246 -0.00278124
0.195744 -0.00278193
0.195233 -0.00278261
0.194712 -0.0027833
0.194182 -0.00278399
0.193641 -0.00278469
0.193091 -0.00278538
0.191963 -0.00278676
0.191963 -0.00278676
0.191384 -0.00278745
0.190795 -0.00278814
0.190197 -0.00278883
0.189589 -0.00278952
0.188971 -0.00279021
0.188343 -0.00279091
0.188343 -0.00279091
0.187059 -0.00279229
0.186402 -0.00279298
0.185735 -0.00279367
0.185059 -0.00279436
0.184373 -0.00279506
0.183677 -0.00279575
0.182971 -0.00279644
0.182256 -0.00279713
0.18153 -0.00279783
0.180795 -0.00279852
0.180051 -0.00279921
0.179295 -0.00279994
0.178531 -0.00279933
0.177771 -0.00279784
0.176282 -0.00279358
0.176282 -0.00279358
0.175552 -0.00279105
0.174832 -0.00278844
0.17412 -0.00278579
0.173415 -0.00278292
0.172731 -0.00277902
0.171448 -0.00276859
0.171448 -0.00276859
0.17085 -0.00276221
0.17028 -0.0027552
0.169738 -0.00274767
0.169225 -0.00273973
0.168741 -0.00273147
0.167858 -0.00271422
0.167858 -0.00271422
0.167459 -0.0027053
0.167088 -0.00269622
0.166746 -0.00268701
0.166432 -0.00267767
0.166146 -0.00266823
0.165887 -0.00265869
0.165887 -0.00265869
0.16545 -0.00263937
0.165271 -0.00262962
0.165118 -0.00261983
0.16499 -0.00261002
0.164888 -0.00260019
0.16481 -0.00259036
0.164723 -0.00257076
0.164723 -0.00257076
0.164714 -0.00256102
0.164727 -0.00255133
0.16476 -0.0025417
0.164814 -0.00253216
0.164887 -0.0025227
0.165088 -0.00250412
0.165088 -0.00250412
0.165215 -0.00249501
0.165357 -0.00248604
0.165515 -0.00247722
0.165687 -0.00246856
0.165872 -0.00246007
0.165872 -0.00246007
0.166279 -0.00244364
0.1665 -0.00243572
0.16673 -0.00242801
0.166968 -0.00242051
0.167215 -0.00241324
0.167469 -0.0024062
0.167729 -0.0023994
0.167729 -0.0023994
0.168263 -0.00238656
0.168537 -0.00238053
0.168813 -0.00237476
0.16909 -0.00236929
0.169369 -0.00236409
0.169648 -0.00235915
0.169927 -0.00235448
0.170482 -0.00234585
0.170482 -0.00234585
0.170757 -0.00234189
0.17103 -0.00233815
0.1713 -0.00233464
0.171567 -0.00233134
0.171831 -0.0023282
0.172345 -0.00232212
0.172345 -0.00232212
0.172596 -0.00231907
0.172842 -0.00231603
0.173082 -0.00231303
0.173317 -0.0023101
0.173546 -0.00230727
0.173769 -0.00230455
0.174194 -0.00229942
0.174194 -0.00229942
0.174397 -0.002297
0.174593 -0.00229468
0.174781 -0.00229245
0.174963 -0.00229031
0.175137 -0.00228825
0.175304 -0.00228628
0.175304 -0.00228628
0.175616 -0.00228258
0.17576 -0.00228084
0.175897 -0.00227918
0.176027 -0.00227758
0.176149 -0.00227606
0.176264 -0.00227459
0.176371 -0.00227318
0.176471 -0.00227183
0.176563 -0.00227053
0.176648 -0.00226928
0.176726 -0.00226808
0.176796 -0.00226692
0.176859 -0.00226581
0.176914 -0.00226472
0.176963 -0.00226368
0.177004 -0.00226266
0.177038 -0.00226167
0.177066 -0.0022607
0.177086 -0.00225976
0.177099 -0.00225884
0.177106 -0.00225793
0.177105 -0.00225704
0.177098 -0.00225617
0.177084 -0.0022553
0.177064 -0.00225444
0.177036 -0.00225359
0.177002 -0.00225274
0.176962 -0.00225189
0.176915 -0.00225105
0.176862 -0.0022502
0.176802 -0.00224936
0.176735 -0.00224851
0.176663 -0.00224766
0.176584 -0.0022468
0.176498 -0.00224594
0.176407 -0.00224508
0.176309 -0.0022442
0.176094 -0.00224244
0.176094 -0.00224244
0.175978 -0.00224154
0.175855 -0.00224122
0.175731 -0.00224109
0.175605 -0.00224114
0.175479 -0.00224133
0.175224 -0.00224196
0.175224 -0.00224196
0.175097 -0.00224232
0.17497 -0.00224269
0.174844 -0.00224307
0.174719 -0.00224344
0.174594 -0.00224376
0.174472 -0.00224409
0.17435 -0.00224444
0.174231 -0.0022448
0.174114 -0.00224517
0.173999 -0.00224555
0.173886 -0.00224593
0.173776 -0.00224632
0.173668 -0.00224672
0.173668 -0.00224672
0.173462 -0.00224753
0.173363 -0.00224794
0.173267 -0.00224835
0.173174 -0.00224877
0.173084 -0.0022492
0.172997 -0.00224963
0.172832 -0.00225052
0.172832 -0.00225052
0.172755 -0.00225098
0.17268 -0.00225144
0.172609 -0.00225191
0.17254 -0.00225239
0.172411 -0.00225336
0.172411 -0.00225336
0.172351 -0.00225386
0.172293 -0.00225437
0.172238 -0.00225489
0.172185 -0.00225541
0.172134 -0.00225595
0.172085 -0.0022565
0.172038 -0.00225707
0.171993 -0.00225764
0.171949 -0.00225816
0.171907 -0.00225868
0.171866 -0.00225921
0.171787 -0.00226035
0.171787 -0.00226035
0.171749 -0.00226095
0.171712 -0.00226155
0.171675 -0.00226216
0.171638 -0.00226277
0.171602 -0.00226339
0.171565 -0.002264
0.171491 -0.00226526
0.171491 -0.00226526
0.171454 -0.00226589
0.171415 -0.00226651
0.171376 -0.00226715
0.171336 -0.00226778
0.171295 -0.00226841
0.171208 -0.00226967
0.171208 -0.00226967
0.171163 -0.0022703
0.171116 -0.00227092
0.171068 -0.00227154
0.171017 -0.00227216
0.170964 -0.00227277
0.170851 -0.00227398
0.170851 -0.00227398
0.170792 -0.00227457
0.17073 -0.00227516
0.170665 -0.00227573
0.170598 -0.0022763
0.170528 -0.00227686
0.170528 -0.00227686
0.17038 -0.00227795
0.170302 -0.00227848
0.17022 -0.00227899
0.170136 -0.00227949
0.170049 -0.00227998
0.169958 -0.00228046
0.169865 -0.00228092
0.169768 -0.00228137
0.169669 -0.0022818
0.169567 -0.00228222
0.169461 -0.00228261
0.169353 -0.00228299
0.169241 -0.00228336
0.169127 -0.0022837
0.168888 -0.00228434
0.168888 -0.00228434
0.168765 -0.00228463
0.168639 -0.0022849
0.16851 -0.00228515
0.168378 -0.00228537
0.168243 -0.00228558
0.167966 -0.00228602
0.167966 -0.00228602
0.167823 -0.00228625
0.167678 -0.00228649
0.167531 -0.00228671
0.16738 -0.00228693
0.167228 -0.00228713
0.166916 -0.00228755
0.166916 -0.00228755
0.166757 -0.00228778
0.166596 -0.00228801
0.166433 -0.00228822
0.166268 -0.00228842
0.166101 -0.0022886
0.165932 -0.00228875
0.16559 -0.00228912
0.16559 -0.00228912
0.165417 -0.00228929
0.165243 -0.00228943
0.165067 -0.00228955
0.16489 -0.00228965
0.164712 -0.00228972
0.164353 -0.00228978
0.164353 -0.00228978
0.164172 -0.00228976
0.163991 -0.00228971
0.163809 -0.00228963
0.163626 -0.00228953
0.163442 -0.00228939
0.163258 -0.00228922
0.163073 -0.00228903
0.162889 -0.00228881
0.162704 -0.00228857
0.162519 -0.0022883
0.162334 -0.002288
0.162149 -0.00228769
0.161964 -0.00228734
0.161594 -0.0022866
0.161594 -0.0022866
0.16141 -0.0022862
0.161226 -0.00228577
0.161042 -0.00228533
0.160859 -0.00228487
0.160677 -0.00228439
0.160495 -0.00228389
0.160313 -0.00228339
0.160133 -0.00228286
0.159954 -0.00228233
0.159776 -0.00228178
0.159598 -0.00228122
0.159422 -0.00228065
0.159247 -0.00228007
0.159074 -0.00227948
0.158901 -0.00227888
0.15873 -0.00227828
0.158561 -0.00227767
0.158393 -0.00227706
0.158227 -0.00227644
0.158063 -0.00227582
0.1579 -0.0022752
0.15774 -0.00227458
0.15774 -0.00227458
0.157424 -0.00227334
0.15727 -0.00227272
0.157117 -0.00227211
0.156967 -0.0022715
0.15682 -0.00227089
0.156675 -0.00227029
0.156533 -0.0022697
0.156533 -0.0022697
0.156257 -0.00226843
0.156124 -0.0022678
0.155993 -0.00226716
0.155866 -0.00226653
0.155742 -0.0022659
0.155622 -0.00226528
0.155391 -0.00226409
0.155391 -0.00226409
0.155282 -0.00226352
0.155176 -0.00226297
0.155075 -0.00226243
0.154978 -0.00226191
0.154885 -0.00226141
0.154797 -0.00226092
0.154713 -0.00226045
0.154634 -0.00226
0.15456 -0.00225957
0.154491 -0.00225916
0.154427 -0.00225876
0.15437 -0.00225838
0.154317 -0.00225802
0.154271 -0.00225768
0.15423 -0.00225736
0.154195 -0.00225705
0.154166 -0.00225676
0.154143 -0.00225649
0.154128 -0.00225623
0.154119 -0.00225599
0.154118 -0.00225577
0.154124 -0.00225554
0.154137 -0.00225531
0.154158 -0.00225511
0.154186 -0.00225491
0.154223 -0.00225473
0.154269 -0.00225457
0.154322 -0.00225442
0.154385 -0.0022543
0.154385 -0.0022543
0.154538 -0.00225412
0.154629 -0.00225406
0.154729 -0.00225403
0.15484 -0.00225401
0.154962 -0.00225401
0.155094 -0.00225402
0.155237 -0.00225405
0.155389 -0.00225408
0.155551 -0.00225413
0.155725 -0.0022542
0.155911 -0.00225428
0.15611 -0.00225436
0.156321 -0.00225445
0.156546 -0.00225455
0.156782 -0.00225464
0.15703 -0.00225473
0.157291 -0.00225483
0.157565 -0.00225493
0.157854 -0.00225502
0.158157 -0.00225511
0.158475 -0.0022552
0.158808 -0.00225527
0.158808 -0.00225527
0.15952 -0.00225539
0.159898 -0.00225543
0.160291 -0.00225546
0.160701 -0.00225548
0.161127 -0.00225548
0.161569 -0.00225546
0.162026 -0.00225543
0.162498 -0.00225538
0.162982 -0.00225531
0.163482 -0.00225523
0.163996 -0.00225514
0.164526 -0.00225504
0.16507 -0.00225491
0.165628 -0.00225474
0.1662 -0.00225453
0.167383 -0.00225399
0.167383 -0.00225399
0.167992 -0.00225365
0.168613 -0.00225337
0.169248 -0.00225305
0.169895 -0.0022527
0.170554 -0.00225233
0.171225 -0.00225195
0.172601 -0.00225113
0.172601 -0.00225113
0.173302 -0.00225068
0.174015 -0.00225023
0.174738 -0.00224975
0.175472 -0.00224925
0.176218 -0.00224872
0.176974 -0.00224816
0.17774 -0.00224758
0.17774 -0.00224758
0.1793 -0.00224549
0.180094 -0.00224429
0.180897 -0.00224301
0.18171 -0.00224169
0.182532 -0.00224034
0.183363 -0.00223897
0.184204 -0.0022376
0.185054 -0.0022362
0.185911 -0.00223479
0.186774 -0.00223336
0.187645 -0.00223193
0.188525 -0.00223049
0.189412 -0.00222904
0.190308 -0.00222759
0.191212 -0.00222613
0.192124 -0.00222467
0.193972 -0.00222173
0.193972 -0.00222173
0.194903 -0.00222026
0.195842 -0.0022188
0.196788 -0.00221735
0.197738 -0.0022159
0.198687 -0.00221445
0.199629 -0.002213
0.20056 -0.00221161
0.201478 -0.00221024
0.202377 -0.00220884
0.203257 -0.00220746
0.204117 -0.00220608
0.204959 -0.00220473
0.205784 -0.00220338
0.207389 -0.00220073
0.207389 -0.00220073
0.208173 -0.00219942
0.208947 -0.00219811
0.209711 -0.0021968
0.210465 -0.00219549
0.211209 -0.00219417
0.211943 -0.00219286
0.212666 -0.00219155
0.21338 -0.00219024
0.214085 -0.00218893
0.214779 -0.00218762
0.215463 -0.00218631
0.216135 -0.002185
0.216797 -0.0021837
0.217447 -0.00218246
0.218088 -0.00218165
0.21872 -0.00218112
0.219346 -0.0021808
0.219964 -0.00218063
0.220574 -0.00218058
0.221775 -0.00218068
0.221775 -0.00218068
0.222365 -0.0021808
0.222948 -0.00218095
0.223523 -0.00218114
0.224092 -0.00218135
0.224653 -0.00218159
0.225207 -0.00218185
0.225755 -0.00218214
0.226296 -0.00218244
0.226829 -0.00218274
0.227354 -0.00218305
0.227872 -0.00218336
0.228381 -0.00218368
0.228883 -0.002184
0.229377 -0.00218432
0.229377 -0.00218432
0.230344 -0.00218496
0.230817 -0.00218526
0.231282 -0.00218554
0.23174 -0.00218581
0.232189 -0.00218607
0.232631 -0.00218631
0.233065 -0.00218653
0.233493 -0.00218674
0.233915 -0.00218693
0.23433 -0.00218708
0.234737 -0.00218721
0.235136 -0.0021873
0.235529 -0.00218737
0.235916 -0.00218743
0.236295 -0.00218747
0.237039 -0.00218766
0.237039 -0.00218766
0.237404 -0.00218765
0.237762 -0.0021876
0.238113 -0.00218752
0.238457 -0.00218741
0.238796 -0.00218728
0.23913 -0.00218714
0.239785 -0.00218678
0.239785 -0.00218678
0.240107 -0.00218652
0.240424 -0.00218621
0.240735 -0.00218594
0.241042 -0.00218559
0.241344 -0.0021852
0.241641 -0.00218485
0.241937 -0.0021845
0.242229 -0.00218414
0.242517 -0.00218375
0.2428 -0.00218332
0.24308 -0.00218288
0.243356 -0.00218241
0.243629 -0.00218193
0.2439 -0.00218144
0.244168 -0.00218092
0.244433 -0.00218035
0.244695 -0.00217974
0.244954 -0.00217908
0.24521 -0.00217837
0.245717 -0.00217681
0.245717 -0.00217681
0.245969 -0.00217596
0.246218 -0.00217506
0.246465 -0.0021741
0.246709 -0.00217308
0.24695 -0.00217201
0.24719 -0.00217088
0.247428 -0.00216987
0.247666 -0.00216887
0.247902 -0.00216783
0.248136 -0.00216675
0.248368 -0.00216559
0.248598 -0.00216436
0.248826 -0.00216305
0.249053 -0.00216168
0.249504 -0.00215924
0.249504 -0.00215924
0.24973 -0.00215799
0.249955 -0.00215667
0.250177 -0.00215527
0.250397 -0.00215378
0.250614 -0.00215219
0.251046 -0.00214886
0.251046 -0.00214886
0.251262 -0.00214714
0.251475 -0.00214534
0.251686 -0.00214348
0.251894 -0.00214155
0.2521 -0.00213957
0.252506 -0.00213554
0.252506 -0.00213554
0.252709 -0.00213349
0.25291 -0.00213136
0.253107 -0.00212917
0.253302 -0.00212696
0.253494 -0.00212472
0.253873 -0.0021202
0.253873 -0.0021202
0.254062 -0.00211792
0.25425 -0.00211558
0.254436 -0.00211321
0.25462 -0.00211081
0.254805 -0.00210838
0.254989 -0.00210593
0.255175 -0.00210345
0.255365 -0.00210097
0.255558 -0.00209845
0.255753 -0.00209589
0.255951 -0.00209331
0.256153 -0.0020907
0.25636 -0.00208808
0.256574 -0.00208543
0.256794 -0.00208273
0.257019 -0.00207998
0.257251 -0.00207718
0.257489 -0.00207434
0.257735 -0.00207146
0.25799 -0.00206853
0.258256 -0.00206556
0.258533 -0.00206255
0.258818 -0.00205947
0.259112 -0.00205634
0.259414 -0.00205314
0.259725 -0.0020499
0.260379 -0.00204328
0.260379 -0.00204328
0.260723 -0.00203991
0.261077 -0.00203647
0.26144 -0.00203297
0.261813 -0.00202941
0.262197 -0.0020258
0.262997 -0.00201843
0.262997 -0.00201843
0.263415 -0.00201468
0.263845 -0.0020104
0.264285 -0.00200614
0.264735 -0.00200201
0.265196 -0.00199794
0.265668 -0.0019939
0.266152 -0.00198993
0.26665 -0.00198593
0.267159 -0.00198186
0.26768 -0.00197774
0.268213 -0.00197359
0.268758 -0.00196939
0.269317 -0.00196515
0.269889 -0.00196087
0.270473 -0.00195654
0.27107 -0.00195215
0.271678 -0.00194769
0.272299 -0.00194318
0.272932 -0.00193861
0.273578 -0.00193399
0.274908 -0.0019246
0.274908 -0.0019246
0.275594 -0.00191983
0.276292 -0.00191502
0.277001 -0.00191015
0.277722 -0.00190524
0.279199 -0.00189528
0.279199 -0.00189528
0.279958 -0.00189022
0.280727 -0.00188513
0.281508 -0.00188
0.282301 -0.00187482
0.283104 -0.0018696
0.283919 -0.00186434
0.284744 -0.00185904
0.285581 -0.00185369
0.28643 -0.00184831
0.287289 -0.0018429
0.288159 -0.00183745
0.28904 -0.00183196
0.289931 -0.00182643
0.291747 -0.00181527
0.291747 -0.00181527
0.292671 -0.00180963
0.293605 -0.00180397
0.294548 -0.00179827
0.295501 -0.00179253
0.296464 -0.00178676
0.297437 -0.00178096
0.298419 -0.00177503
0.299412 -0.00176913
0.300414 -0.00176332
0.301426 -0.00175755
0.302448 -0.00175179
0.303478 -0.00174602
0.304518 -0.00174021
0.305566 -0.00173435
0.306624 -0.00172844
0.307691 -0.00172248
0.308767 -0.00171646
0.309853 -0.00171038
0.310949 -0.00170426
0.312053 -0.00169808
0.313167 -0.00169186
0.313167 -0.00169186
0.31542 -0.0016793
0.316559 -0.00167298
0.317707 -0.00166665
0.318864 -0.00166029
0.32003 -0.00165391
0.321206 -0.00164749
0.32239 -0.00164105
0.323583 -0.00163458
0.324784 -0.00162808
0.325993 -0.00162157
0.32721 -0.00161503
0.328438 -0.00160847
0.329676 -0.00160189
0.332188 -0.00158866
0.332188 -0.00158866
0.333461 -0.00158203
0.334749 -0.00157538
0.336054 -0.0015687
0.337375 -0.00156201
0.338713 -0.00155531
0.340068 -0.00154859
0.342831 -0.00153513
0.342831 -0.00153513
0.344235 -0.0015284
0.345659 -0.00152167
0.347102 -0.00151493
0.348565 -0.00150819
0.350046 -0.00150144
0.351546 -0.0014947
0.353062 -0.00148784
0.354593 -0.00148108
0.356142 -0.00147441
0.357711 -0.0014678
0.359297 -0.00146121
0.360902 -0.00145461
0.362526 -0.001448
0.365817 -0.00143487
0.365817 -0.00143487
0.367484 -0.00142828
0.369168 -0.00142165
0.370869 -0.00141498
0.372587 -0.00140829
0.374321 -0.00140158
0.376073 -0.00139487
0.379625 -0.00138146
0.379625 -0.00138146
0.38142 -0.00137478
0.383233 -0.00136812
0.385062 -0.00136148
0.386908 -0.00135485
0.388771 -0.00134825
0.39065 -0.00134168
0.39065 -0.00134168
0.394442 -0.00132865
0.396362 -0.00132219
0.3983 -0.00131574
0.400255 -0.00130933
0.402227 -0.00130294
0.404217 -0.00129658
0.406224 -0.00129026
0.410282 -0.00127772
0.410282 -0.00127772
0.412327 -0.00127152
0.41439 -0.00126536
0.416471 -0.00125922
0.418568 -0.00125312
0.420683 -0.00124706
0.422816 -0.00124103
0.424966 -0.00123504
0.427125 -0.00122909
0.429294 -0.00122322
0.431477 -0.00121741
0.433668 -0.00121169
0.435862 -0.00120606
0.438054 -0.00120055
0.440238 -0.00119484
0.442409 -0.00118907
0.444564 -0.0011833
0.446706 -0.00117754
0.44884 -0.00117178
0.450965 -0.00116603
0.453084 -0.00116029
0.455198 -0.00115454
0.457306 -0.0011488
0.459408 -0.00114307
0.461497 -0.00113731
0.463576 -0.00113158
0.465651 -0.00112586
0.467719 -0.00112016
0.469779 -0.00111447
0.471829 -0.00110878
0.473867 -0.00110309
0.473867 -0.00110309
0.477904 -0.00109173
0.479905 -0.00108603
0.481896 -0.00108033
0.483877 -0.00107464
0.485847 -0.00106896
0.487805 -0.00106328
0.489751 -0.00105759
0.491682 -0.00105192
0.4936 -0.00104625
0.49551 -0.00104056
0.49741 -0.00103487
0.499299 -0.00102919
0.501176 -0.00102351
0.50304 -0.00101783
0.50489 -0.00101215
0.506728 -0.00100647
0.508558 -0.00100077
0.510379 -0.000995078
0.512188 -0.000989389
0.513985 -0.000983704
0.51577 -0.000978018
0.51577 -0.000978018
0.519298 -0.000966643
0.521047 -0.000960947
0.522786 -0.000955252
0.524513 -0.00094956
0.526228 -0.000943866
0.527933 -0.000938173
0.529625 -0.00093248
0.531304 -0.000926787
0.532971 -0.000921094
0.534626 -0.000915402
0.53627 -0.000909711
0.537902 -0.000904019
0.539522 -0.000898324
0.54113 -0.000892645
0.54431 -0.000881281
0.54431 -0.000881281
0.545881 -0.000875588
0.547441 -0.000869899
0.548989 -0.000864214
0.550525 -0.000858532
0.552048 -0.000852852
0.553559 -0.000847172
0.556546 -0.000835813
0.556546 -0.000835813
0.558022 -0.000830134
0.559485 -0.000824458
0.560938 -0.000818783
0.562378 -0.000813109
0.563805 -0.000807435
0.56522 -0.000801763
0.568015 -0.000790421
0.568015 -0.000790421
0.569395 -0.000784751
0.570762 -0.000779082
0.572118 -0.000773414
0.573462 -0.000767747
0.574794 -0.000762083
0.574794 -0.000762083
0.577425 -0.000750748
0.578721 -0.000745082
0.580005 -0.000739418
0.581276 -0.000733757
0.582536 -0.000728099
0.583785 -0.000722442
0.586249 -0.000711128
0.586249 -0.000711128
0.587464 -0.00070547
0.588667 -0.000699811
0.589856 -0.000694151
0.591034 -0.000688496
0.593357 -0.000677194
0.593357 -0.000677194
0.594503 -0.000671542
0.595635 -0.000665886
0.596755 -0.00066023
0.597863 -0.000654577
0.598961 -0.000648928
0.600049 -0.000643331
0.601127 -0.000637705
0.60219 -0.000632049
0.60324 -0.000626384
0.604279 -0.000620725
0.605307 -0.000615074
0.606324 -0.000609427
0.60733 -0.00060378
0.60733 -0.00060378
0.609313 -0.000592479
0.610287 -0.000586822
0.611247 -0.000581164
0.612195 -0.00057551
0.613132 -0.000569861
0.614977 -0.000558567
0.614977 -0.000558567
0.615885 -0.000552919
0.61678 -0.000547261
0.617662 -0.0005416
0.618532 -0.000535944
0.619392 -0.000530293
0.62024 -0.000524642
0.621081 -0.000518994
0.621912 -0.000513343
0.622729 -0.000507679
0.623533 -0.000502013
0.624326 -0.000496351
0.625108 -0.000490695
0.625879 -0.00048504
0.626643 -0.00047942
0.627398 -0.00047378
0.628139 -0.00046811
0.628867 -0.000462429
0.629583 -0.000456753
0.630288 -0.000451085
0.630983 -0.000445419
0.631668 -0.00043975
0.632345 -0.000434112
0.633013 -0.000428455
0.633667 -0.000422769
0.63431 -0.000417074
0.634942 -0.000411384
0.635564 -0.0004057
0.636178 -0.000400016
0.636782 -0.000394327
0.637379 -0.000388638
0.637968 -0.000382943
0.638545 -0.000377234
0.639112 -0.000371519
0.639668 -0.000365803
0.640216 -0.000360091
0.640755 -0.000354379
0.641288 -0.000348668
0.641814 -0.000342952
0.642332 -0.000337225
0.642841 -0.000331491
0.643341 -0.000325754
0.643834 -0.000320017
0.644318 -0.000314277
0.644794 -0.000308534
0.645262 -0.00030279
0.645723 -0.000297043
0.646174 -0.000291288
0.646615 -0.000285528
0.647047 -0.000279768
0.64747 -0.000274008
0.647883 -0.000268248
0.648682 -0.000256728
0.648682 -0.000256728
0.649069 -0.000250968
0.649446 -0.000245202
0.649814 -0.000239434
0.650172 -0.000233668
0.650521 -0.000227904
0.650862 -0.000222141
0.650862 -0.000222141
0.651519 -0.000210616
0.651833 -0.000204849
0.652139 -0.00019908
0.652435 -0.000193311
0.652722 -0.000187544
0.653001 -0.000181779
0.653532 -0.000170251
0.653532 -0.000170251
0.653786 -0.000164488
0.654031 -0.000158723
0.654267 -0.000152958
0.654494 -0.000147194
0.654712 -0.00014143
0.654921 -0.000135666
0.655122 -0.000129903
0.655314 -0.000124141
0.655497 -0.000118381
0.655672 -0.000112623
0.655839 -0.000106866
0.655997 -0.00010111
0.656146 -9.5354e-05
0.656419 -8.38447e-05
0.656419 -8.38447e-05
0.656542 -7.80909e-05
0.656656 -7.23383e-05
0.65676 -6.65842e-05
0.656854 -6.08277e-05
0.656938 -5.50696e-05
0.657011 -4.93107e-05
0.657074 -4.3633e-05
0.657127 -3.79053e-05
0.657169 -3.21373e-05
0.6572 -2.63561e-05
0.65722 -2.05785e-05
0.65723 -1.48077e-05
0.65723 -9.04221e-06
0.657202 2.48253e-06
0.657202 2.48253e-06
0.657173 8.24327e-06
0.657136 1.40027e-05
0.657089 1.97609e-05
0.657034 2.55179e-05
0.656968 3.12739e-05
0.656894 3.70293e-05
0.65681 4.27839e-05
0.656717 4.85378e-05
0.656615 5.42909e-05
0.656503 6.00436e-05
0.656382 6.57956e-05
0.656251 7.15471e-05
0.65611 7.7298e-05
0.65596 8.30485e-05
0.655631 9.4548e-05
0.655631 9.4548e-05
0.655452 0.000100297
0.655263 0.000106046
0.655065 0.000111794
0.654857 0.000117542
0.654639 0.00012329
0.654411 0.000129037
0.653927 0.00014053
0.653927 0.00014053
0.65367 0.000146277
0.653403 0.000152023
0.653127 0.000157768
0.652841 0.000163513
0.652545 0.000169258
0.651923 0.000180748
0.651923 0.000180748
0.651598 0.000186492
0.651263 0.000192236
0.650918 0.000197979
0.650563 0.000203723
0.650198 0.000209466
0.649823 0.000215209
0.649045 0.000226694
0.649045 0.000226694
0.648641 0.000232436
0.648227 0.000238178
0.647803 0.000243919
0.64737 0.000249661
0.646926 0.000255402
0.646473 0.000261143
0.64601 0.000266884
0.64601 0.000266884
0.645055 0.000278365
0.644562 0.000284106
0.64406 0.000289846
0.643547 0.000295585
0.643025 0.000301325
0.642493 0.000307065
0.641952 0.000312804
0.641952 0.000312804
0.640838 0.000324282
0.640267 0.000330021
0.639686 0.000335759
0.639095 0.000341498
0.638494 0.000347235
0.637883 0.000352973
0.637263 0.000358711
0.635992 0.000370187
0.635992 0.000370187
0.635342 0.000375924
0.634682 0.000381661
0.634012 0.000387398
0.633333 0.000393135
0.632643 0.000398871
0.631944 0.000404608
0.630516 0.00041608
0.630516 0.00041608
0.629787 0.000421816
0.629048 0.000427551
0.6283 0.000433287
0.627541 0.000439022
0.626773 0.000444758
0.625995 0.000450492
0.625995 0.000450492
0.624409 0.000461962
0.623601 0.000467696
0.622784 0.000473431
0.621957 0.000479165
0.621119 0.000484899
0.620272 0.000490633
0.620272 0.000490633
0.618549 0.0005021
0.617672 0.000507833
0.616786 0.000513566
0.615889 0.000519299
0.614983 0.000525032
0.614067 0.000530765
0.613141 0.000536497
0.612206 0.00054223
0.61126 0.000547962
0.610305 0.000553694
0.60934 0.000559426
0.608364 0.000565157
0.60738 0.000570889
0.606385 0.00057662
0.60538 0.000582351
0.604366 0.000588082
0.603341 0.000593813
0.602307 0.000599544
0.601263 0.000605274
0.600209 0.000611004
0.599146 0.000616735
0.598072 0.000622465
0.595896 0.000633924
0.595896 0.000633924
0.594792 0.000639654
0.593679 0.000645383
0.592557 0.000651112
0.591424 0.000656841
0.590282 0.00066257
0.587967 0.000674027
0.587967 0.000674027
0.586795 0.000679756
0.585613 0.000685484
0.584421 0.000691212
0.58322 0.00069694
0.582009 0.000702668
0.579556 0.000714123
0.579556 0.000714123
0.578315 0.00071985
0.577064 0.000725577
0.575804 0.000731304
0.574533 0.00073703
0.573253 0.000742757
0.570663 0.00075421
0.570663 0.00075421
0.569353 0.000759936
0.568033 0.000765662
0.566704 0.000771388
0.565364 0.000777113
0.564015 0.000782839
0.561287 0.000794289
0.561287 0.000794289
0.559908 0.000800014
0.558519 0.000805739
0.557121 0.000811463
0.555713 0.000817188
0.554294 0.000822912
0.552866 0.000828637
0.551428 0.000834361
0.549981 0.000840084
0.548523 0.000845808
0.547056 0.000851532
0.545578 0.000857255
0.544091 0.000862978
0.542594 0.000868701
0.541088 0.000874424
0.539571 0.000880147
0.538044 0.00088587
0.536508 0.000891592
0.534962 0.000897314
0.533406 0.000903036
0.53184 0.000908758
0.528679 0.000920202
0.528679 0.000920202
0.527083 0.000925923
0.525478 0.000931645
0.523863 0.000937366
0.522238 0.000943087
0.520603 0.000948808
0.517304 0.000960249
0.517304 0.000960249
0.51564 0.00096597
0.513965 0.00097169
0.512281 0.00097741
0.510588 0.00098313
0.508884 0.00098885
0.505447 0.00100029
0.505447 0.00100029
0.503714 0.00100601
0.501971 0.00101173
0.500218 0.00101745
0.498455 0.00102317
0.496682 0.00102888
0.4949 0.0010346
0.493107 0.00104032
0.491305 0.00104604
0.489493 0.00105176
0.487671 0.00105748
0.48584 0.00106319
0.483998 0.00106891
0.482147 0.00107463
0.480285 0.00108035
0.478414 0.00108606
0.476533 0.00109178
0.474643 0.0010975
0.472742 0.00110321
0.470832 0.00110893
0.468911 0.00111465
0.466981 0.00112036
0.463091 0.0011318
0.463091 0.0011318
