2.11084e-312 3.16202e-322 2.37664e-312 3.95253e-323 
2.44816 11.5353 0.452433 12.0041 
2.45177 11.5417 0.454884 12.012 
2.45536 11.5485 0.457458 12.0203 
2.70868 11.1269 0.753243 11.5933 
2.74959 11.0338 0.770386 11.502 
2.7537 11.0431 0.775658 11.5132 
2.83268 10.8016 0.812128 11.2801 
2.89926 10.4283 0.862396 10.9913 
2.96897 10.4376 0.913638 10.9327 
3.10266 10.2341 0.961845 10.7407 
3.1094 10.0249 1.00559 10.5475 
3.17651 9.80917 1.04212 10.3508 
3.18346 9.58741 1.07124 10.1509 
3.29759 9.36224 1.09193 9.95067 
3.30454 9.3755 1.09637 9.96805 
3.39981 8.90232 1.11213 9.55004 
3.47544 8.66929 1.10148 9.22641 
3.48239 8.19303 1.10592 9.07658 
3.57042 7.4837 1.09409 8.50188 
3.57736 7.49696 1.09853 8.51926 
3.60014 7.0496 0.996526 8.17229 
3.60986 7.06709 0.928946 7.91255 
3.6183 6.66272 0.894793 7.74878 
3.40659 6.37313 0.852614 7.68731 
3.41631 6.39062 0.81048 7.56499 
3.42604 6.40812 0.816246 7.58898 
3.14851 6.27752 0.719903 7.35114 
3.03405 6.00083 0.676317 7.286 
3.04377 6.01833 0.682082 7.30998 
2.84179 5.75531 0.589894 7.1013 
2.76215 5.64219 0.551018 7.01606 
2.77472 5.53602 0.55805 7.0827 
2.62562 5.43676 0.474008 6.85783 
2.63819 5.45873 0.481039 6.88887 
2.51204 5.25122 0.399985 6.70623 
2.52462 5.27319 0.407016 6.73728 
2.41692 5.08601 0.326388 6.56172 
2.42949 5.10798 0.333419 6.59276 
2.33623 4.94241 0.252896 6.42556 
2.25548 4.79833 0.216999 6.41016 
2.27019 4.82356 0.224909 6.4465 
2.24371 4.7774 0.2332 6.25232 
2.13442 4.66023 0.0682852 6.1055 
2.00237 4.62019 0.0381618 5.91589 
1.94219 4.53278 -0.0240335 5.91967 
1.95782 4.55942 -0.0157425 5.95832 
1.68783 4.38096 -0.00745146 5.77867 
1.70346 4.4076 0.000839577 5.81731 
1.35533 4.29666 -0.241872 5.36159 
1.37096 4.3233 -0.233581 5.40023 
1.31816 4.30092 -0.297781 5.17406 
1.33721 4.33235 -0.288192 5.2209 
0.514918 4.47615 -0.365279 4.83251 
0.533967 4.54476 -0.353025 4.84328 
0.408824 4.69772 -0.349444 4.78023 
0.427873 4.77456 -0.339854 4.87457 
0.37536 4.80598 -0.330265 4.92141 
0.257918 4.8829 -0.31986 4.92913 
0.276967 4.95871 -0.313186 4.93509 
0.296015 4.99013 -0.303596 4.98193 
0.250068 5.07056 -0.295943 4.99382 
-0.0403572 5.3429 -0.313152 4.92096 
-0.0174053 5.37911 -0.302197 4.9115 
-0.208835 5.55418 -0.31293 4.80085 
-0.185883 5.5904 -0.301975 4.85654 
-0.162931 5.62661 -0.291019 4.91223 
-0.189125 5.75329 -0.285482 4.95112 
-0.210323 5.82895 -0.273053 4.96682 
-0.187371 5.86517 -0.262098 5.02251 
-0.245311 5.9732 -0.25374 4.99588 
-0.220226 6.01159 -0.242104 5.05607 
-0.228728 6.08374 -0.232178 5.07882 
-0.236532 6.15659 -0.225365 5.10464 
-0.322317 6.31237 -0.220753 4.961 
-0.336467 6.37052 -0.208715 4.98568 
-0.32413 6.42144 -0.190317 5.00497 
-0.311719 6.47362 -0.177915 5.05758 
-0.297005 6.52409 -0.164113 5.05253 
-0.26952 6.56434 -0.143211 5.09646 
-0.2582 6.60519 -0.130657 5.10731 
-0.232348 6.64288 -0.113578 5.10914 
-0.206944 6.68416 -0.100377 5.14048 
-0.174153 6.7293 -0.0883888 5.21596 
-0.141361 6.76499 -0.0744659 5.26836 
-0.105749 6.78144 -0.053803 5.29426 
-0.0729572 6.82658 -0.0398802 5.34644 
-0.0307331 6.82876 -0.0243794 5.27706 
0.00205849 6.8739 -0.0104566 5.35254 
0.05081 6.86328 0.00411453 5.3278 
0.0948275 6.90841 0.0180374 5.38213 
0.139867 6.7716 0.0324174 5.29554 
0.250875 6.73857 0.0376325 5.33073 
0.310104 6.73905 0.0493078 5.27409 
0.365695 6.74408 0.0596309 5.32013 
0.440872 6.70177 0.0762907 5.32639 
0.501132 6.69786 0.092591 5.36856 
0.55931 6.69706 0.101424 5.4164 
0.61819 6.696 0.110739 5.46614 
0.679177 6.68941 0.127879 5.51126 
0.739276 6.68274 0.140649 5.55819 
0.821502 6.5612 0.148505 5.53418 
0.887085 6.61281 0.156999 5.63222 
0.933412 6.66441 0.174075 5.73025 
0.979739 6.71601 0.191152 5.82829 
1.06635 6.6514 0.184818 5.85568 
1.13093 6.64419 0.201894 5.92043 
1.1976 6.63116 0.228142 5.97753 
1.27842 6.55655 0.233677 6.00185 
1.3576 6.48211 0.230391 6.02939 
1.40393 6.53371 0.247468 6.12743 
1.48085 6.46127 0.245535 6.16113 
1.54953 6.45127 0.263998 6.26036 
1.60441 6.50438 0.282602 6.37059 
1.67207 6.42566 0.296318 6.40762 
1.74783 6.41832 0.304985 6.45904 
1.83009 6.1659 0.276589 6.39765 
1.88649 6.16342 0.286603 6.5085 
1.93512 6.05496 0.281082 6.49406 
1.99 6.10807 0.299685 6.60429 
2.03257 6.06499 0.30655 6.65856 
2.08025 6.07091 0.31402 6.74049 
2.12321 6.07481 0.308046 6.83 
2.18805 6.08134 0.322272 6.9218 
2.23901 6.08827 0.342268 7.01133 
2.28763 6.09829 0.348421 7.10323 
2.33577 6.15118 0.368417 7.22613 
2.38104 6.11302 0.374102 7.27403 
2.42494 6.11982 0.388294 7.35593 
2.48979 6.17272 0.393515 7.43319 
2.50657 6.13909 0.403868 7.5212 
2.54535 6.19194 0.41956 7.59412 
2.62176 6.24243 0.44072 7.72998 
2.57011 6.07777 0.410119 7.67807 
2.64652 6.12825 0.431278 7.81394 
2.72293 6.17873 0.452438 7.94981 
2.72379 6.15146 0.473598 8.10037 
2.48088 6.20194 0.471956 8.12063 
2.50398 5.97476 0.386878 7.8339 
2.52677 6.02524 0.389769 7.9003 
2.54611 6.05046 0.405267 7.97494 
2.50391 6.04909 0.396635 8.05629 
2.59292 6.09469 0.418577 8.12956 
2.6827 6.13999 0.440568 8.27848 
2.44687 6.05872 0.3822 8.07155 
2.53665 6.10402 0.404191 8.22047 
2.5576 6.14931 0.426181 8.36939 
2.57826 6.1463 0.40504 8.36541 
2.5943 6.16952 0.425979 8.43377 
2.61105 6.19016 0.427671 8.49947 
2.62599 6.2116 0.434607 8.56336 
2.63941 6.2569 0.456598 8.71229 
2.66462 6.24534 0.478931 8.69328 
2.68923 6.2559 0.501317 8.75948 
2.71434 6.29264 0.510421 8.92124 
2.7362 6.27592 0.477006 8.88703 
2.84141 6.28775 0.499392 9.0519 
2.8594 6.32449 0.515538 9.21367 
2.79098 6.30319 0.502438 9.37399 
2.89618 6.33992 0.524824 9.53576 
2.81792 6.31801 0.517413 9.6956 
2.82742 6.29438 0.530996 9.85426 
2.85192 6.32117 0.531447 10.0257 
2.87706 6.3152 0.538002 10.0936 
2.89567 6.24447 0.502323 9.09625 
2.60922 6.20606 0.501909 9.13952 
2.73212 6.2302 0.502513 9.18428 
2.63543 6.19869 0.475956 8.95724 
2.64694 6.19438 0.49821 9.13213 
2.54025 6.16242 0.502509 9.16975 
2.66314 6.18656 0.495429 9.20479 
2.78604 6.2107 0.517684 9.37882 
2.92339 6.22247 0.539425 9.56086 
2.5962 6.11078 0.490108 9.31475 
2.73934 6.1176 0.511644 9.5 
2.75823 6.10022 0.505197 9.54041 
2.90137 6.10705 0.495319 9.42776 
2.91915 6.08918 0.516855 9.46487 
2.94123 6.0672 0.521931 9.64997 
2.95112 6.0587 0.535115 9.69142 
2.82252 6.04809 0.533335 9.72736 
2.83165 6.01036 0.53425 9.59687 
2.85798 6.00267 0.527351 9.62543 
2.88466 5.95729 0.530233 9.81744 
2.90863 5.90132 0.534212 9.68961 
2.77961 5.8537 0.518019 9.55975 
2.94584 5.8378 0.508396 9.58206 
2.95985 5.80753 0.528622 9.7856 
2.97973 5.79163 0.548848 9.80536 
2.99116 5.74351 0.533226 9.83599 
2.99233 5.72761 0.543502 10.0507 
2.99899 5.7026 0.544695 9.89336 
3.18002 5.67172 0.563893 9.9276 
3.04233 5.62704 0.541858 10.1298 
3.06872 5.57062 0.55487 10.1524 
3.08956 5.52146 0.546105 10.0035 
3.10398 5.48137 0.533498 10.0343 
3.12589 5.43197 0.535647 10.0528 
3.3184 5.38729 0.554047 10.255 
3.14713 5.35005 0.5567 10.2816 
3.14377 5.34227 0.550268 10.1414 
3.11379 5.30844 0.568668 10.3598 
3.32082 5.24651 0.555858 10.564 
3.13205 5.17006 0.550094 10.177 
3.10784 5.13243 0.551237 10.2245 
3.07207 5.07207 0.567492 10.2437 
3.0285 5.01617 0.559099 10.2637 
3.2508 4.93608 0.577291 10.47 
2.87896 4.89158 0.577907 10.2845 
3.10126 4.81149 0.599308 10.2761 
2.42579 4.89987 0.608521 10.1739 
2.64809 4.81978 0.624776 10.3802 
2.88426 4.72221 0.640162 10.5865 
2.69216 4.69519 0.625811 10.4137 
2.67348 4.65517 0.639956 10.6761 
2.68255 4.58621 0.655485 10.4626 
2.68431 4.53627 0.644607 10.4884 
2.6789 4.49472 0.660754 10.5146 
2.66492 4.45864 0.674899 10.768 
2.70945 4.4074 0.655797 10.5535 
2.96542 4.28484 0.669941 10.7598 
3.22139 4.16229 0.684085 10.9661 
2.41217 4.46012 0.574862 10.2182 
2.70603 4.2878 0.587486 10.4192 
2.20812 4.38877 0.49493 9.80482 
2.20249 4.3443 0.507555 10.0642 
2.49635 4.17199 0.520179 10.2652 
2.52744 4.08091 0.532297 10.2513 
2.51956 4.04665 0.536615 10.2861 
2.20663 4.0204 0.526077 10.3249 
2.50049 3.84809 0.51761 10.2993 
2.4729 3.96678 0.509008 10.3891 
2.77781 3.97353 0.483666 10.4564 
2.76358 3.90936 0.485448 10.48 
2.08959 4.05409 0.454799 10.3619 
2.42588 3.82478 0.4673 10.5508 
2.76216 3.59546 0.479801 10.7398 
2.43424 3.71908 0.472413 10.8129 
2.37498 3.74322 0.456541 10.6679 
2.31964 3.75536 0.44796 10.7289 
2.32502 3.69896 0.433216 10.724 
2.27233 3.71453 0.434752 10.7791 
2.28186 3.64983 0.422671 10.7653 
2.32024 3.54599 0.421803 10.7444 
1.92055 3.7435 0.422757 10.848 
2.30398 3.45038 0.426723 10.793 
2.32375 3.36347 0.392797 10.7743 
2.70718 3.07034 0.407667 10.7231 
2.41208 3.36051 0.406844 10.5155 
2.79551 3.06738 0.421714 10.6841 
3.17895 2.77425 0.436584 10.8526 
2.76326 2.76232 0.395096 10.8947 
-0.0312489 4.65554 0.193114 9.69355 
0.404081 4.50348 0.185301 9.42095 
-1.4337 5.03684 0.0611302 8.8056 
-0.998373 4.67399 0.0822894 8.94353 
-0.563043 4.49052 0.103449 9.05003 
-0.813009 4.30576 0.0674757 8.76908 
-0.845966 4.28208 0.069166 8.82835 
-0.755181 4.10999 0.0586447 8.75109 
-0.319851 3.74715 0.0798039 8.70002 
-0.643593 3.86076 0.0469467 8.68538 
-0.20637 3.49542 0.068509 8.82187 
-0.140432 3.35711 0.0801587 8.80191 
-0.388359 3.3908 0.0616397 8.55403 
0.103283 2.95383 0.0947899 8.649 
-0.266772 3.14547 0.0825064 8.53882 
0.224871 2.9663 0.0802943 8.65004 
0.332255 2.79988 0.113444 8.60047 
0.432175 2.36291 0.111631 8.52831 
0.498874 2.23802 0.113993 8.52001 
0.129438 2.44843 0.087972 8.58275 
0.62108 2.01146 0.121122 8.51959 
0.295134 1.83446 0.142429 8.31994 
0.347236 1.66357 0.160506 8.27981 
0.0391868 1.8624 0.144498 8.178 
0.590682 1.72184 0.162455 8.29563 
1.14218 1.20851 0.215445 8.33292 
-0.528217 2.48199 0.0709028 7.99439 
0.0232781 1.96867 0.123892 8.03167 
-0.406925 2.28809 0.0967862 8.0201 
0.144571 2.25326 0.101099 8.19352 
-0.280507 2.09613 0.111796 8.04005 
0.33281 1.93987 0.14181 8.00356 
0.954371 1.35788 0.220096 7.98797 
-0.425359 2.10523 0.205589 7.95224 
0.196202 1.52323 0.2273 7.93666 
-0.230578 1.86779 0.184445 7.93822 
0.390983 1.2858 0.262731 7.92263 
0.553174 1.09643 0.28159 7.85084 
0.642585 0.514437 0.359876 7.83526 
0.638911 0.984032 0.29211 7.952 
0.564515 1.04788 0.269811 8.10391 
1.27084 0.440235 0.356235 8.11234 
1.42359 0.885577 0.356935 8.27185 
1.55549 0.271789 0.362779 8.24659 
0.938008 0.899984 0.224597 8.51904 
0.903215 0.999365 0.190321 8.74017 
1.0347 0.921394 0.17634 8.79269 
0.997246 1.02439 0.264714 9.01378 
1.12796 0.950194 0.139436 9.05669 
1.09356 1.05901 0.129625 9.26506 
-0.16458 2.2875 -0.0666361 9.55965 
0.609284 1.64008 0.0318749 9.54243 
1.40052 0.980283 0.134114 9.51366 
2.19176 0.320488 0.172493 9.48489 
1.95512 0.587445 0.223016 9.37227 
2.74635 -0.0723506 0.325255 9.37386 
2.55974 0.200259 0.303997 9.70313 
1.86508 0.891652 0.197578 9.94196 
1.746 1.07061 0.159893 10.147 
1.84153 1.0341 0.157765 10.2304 
1.93363 1.0093 0.168501 10.284 
2.18298 0.850076 0.21455 10.2074 
3.0272 0.163881 0.326677 10.1402 
2.30053 0.916131 0.255706 10.4021 
-0.582284 2.94357 -0.0644225 10.7672 
-0.417711 3.47289 0.0104706 10.7949 
-1.71735 4.67683 0.0043008 10.9137 
-0.873128 3.99063 0.116427 10.8465 
-0.0289067 3.30444 0.228554 10.7793 
0.143151 3.19434 0.298545 10.726 
0.987372 3.47393 0.410672 10.9647 
0.0917283 3.35273 0.362482 10.9252 
0.966292 2.66627 0.480547 10.824 
-3.67325 6.48793 0.183089 10.7235 
-3.52669 6.39159 0.275422 10.6599 
-6.43062 8.54914 0.34717 9.77504 
-5.55605 7.86268 0.465235 9.67379 
-5.10134 7.17623 0.583299 9.58561 
-4.75003 7.16224 0.716588 9.19082 
-6.07877 7.86203 0.638469 8.26286 
-5.20421 7.46655 0.685912 8.04777 
-4.33397 6.79666 0.805352 7.93119 
-4.2744 6.32974 0.828729 7.60421 
-4.86907 6.57688 0.872693 7.25621 
-4.00307 5.92328 0.866562 7.12454 
-4.22022 5.82778 0.715058 6.54801 
-3.35423 5.17418 0.835849 6.41634 
-2.48823 4.52059 0.956641 6.28468 
-1.62224 3.86699 0.943064 6.15301 
-0.75625 3.2134 1.06386 6.02135 
-1.11959 2.98626 1.18465 5.72904 
-0.631553 2.36403 1.05089 5.58535 
0.164309 2.20131 1.04548 5.25901 
-0.467247 2.55198 0.801438 5.43784 
-0.285454 2.34403 0.712193 5.36534 
0.088839 1.98125 0.658287 5.15615 
0.884701 1.40084 0.780336 4.99642 
0.570498 1.12788 0.702536 4.94783 
1.36636 0.908353 0.615527 4.82484 
0.946954 1.1035 0.323637 4.93054 
1.74282 0.523101 0.445686 4.77082 
1.15795 0.856507 0.137396 4.95994 
1.79315 0.83316 0.261761 4.95767 
1.06143 0.867499 -0.0233045 5.00452 
1.69663 0.4081 0.101061 4.81787 
1.44737 0.584501 0.00366413 4.98994 
-0.182655 1.72942 -0.477881 5.57046 
-0.140662 1.27002 -0.353515 5.3838 
0.494542 0.810621 -0.22915 5.19715 
-0.100427 1.65558 -0.402107 5.48953 
0.534776 1.19619 -0.39951 5.30287 
1.09125 0.785964 -0.273696 5.10913 
-0.620483 2.03507 -0.507378 5.55941 
-0.269167 1.753 -0.377786 5.34719 
0.0821482 2.06885 -0.248194 5.27687 
-1.75453 2.82716 -0.503173 5.65215 
-1.40322 2.54509 -0.373581 5.60125 
-2.27503 3.1727 -0.487849 5.53814 
-1.92372 2.89063 -0.358257 5.32592 
-2.215 3.09198 -0.333342 5.29602 
-1.86368 2.80991 -0.20375 5.2459 
-3.61403 4.08717 -0.417492 5.46506 
-4.32064 4.51252 -0.415975 5.39556 
-4.40614 4.47579 -0.280494 5.16306 
-4.49163 4.85023 -0.145014 4.87931 
-5.68922 5.24281 -0.194833 4.95083 
-6.28448 5.20609 -0.218509 4.89415 
-7.31415 6.26142 -0.174394 4.7619 
-8.23671 6.87331 -0.137625 4.50121 
-8.32221 6.83659 -0.104491 4.43846 
-9.10048 7.09919 -0.095147 4.26118 
-9.8221 7.85762 -0.154391 4.11606 
-10.7323 8.15295 -0.0243829 3.87884 
-11.4221 8.65002 0.0181019 3.48207 
-12.3043 9.13022 0.104256 3.40452 
-12.9941 9.50213 0.155495 3.08072 
-13.7113 9.83568 0.223713 2.73848 
-14.4011 10.0753 0.306772 2.3291 
-14.9358 10.3706 0.43678 2.09187 
-15.266 10.4785 0.289115 1.44394 
-15.833 10.7739 0.419124 1.20671 
-16.4152 11.0604 0.497614 0.891714 
-17.2641 11.695 0.580999 0.496048 
-17.9492 12.3962 0.69883 0.192121 
-18.0885 12.4362 0.595641 -0.955137 
-17.8941 12.5292 0.566987 -1.3312 
-18.9315 13.2304 0.684817 -1.63513 
-19.969 13.9316 0.802647 -1.93906 
-17.9908 13.1716 0.577002 -3.14422 
-19.0282 13.5145 0.622904 -3.70133 
-20.0657 14.2157 0.740734 -4.00526 
-19.1594 13.6718 0.511991 -4.83683 
-20.4248 14.7948 0.723455 -5.16488 
-21.6961 15.9288 0.93734 -5.49356 
-20.8081 15.6416 0.588514 -6.40016 
-20.7518 15.2002 0.457426 -7.42814 
-21.0298 16.3342 0.671311 -7.75681 
-21.1625 16.6888 0.440959 -8.04615 
-21.1712 16.9402 0.467822 -8.61564 
-21.1267 17.1363 0.475487 -9.19327 
-20.8121 17.1126 0.469781 -9.92291 
-22.0834 18.2465 0.683667 -10.2516 
-19.9989 17.9377 0.577436 -10.8395 
-21.7306 19.584 0.8735 -11.1132 
-23.4624 19.2194 1.01057 -11.6849 
-19.8701 17.7314 0.260162 -12.9872 
-21.6019 18.2693 0.213605 -13.5754 
-22.0333 19.9156 0.509669 -13.5539 
-22.5048 21.5619 0.805733 -13.8276 
-20.347 20.2234 0.312696 -14.7961 
-22.0787 20.44 0.608759 -15.5541 
-20.376 20.5958 0.590141 -15.7753 
-22.3927 20.7362 0.423273 -16.2274 
-24.4706 22.4999 0.39675 -16.3446 
-22.9234 20.8792 -0.290899 -16.8223 
-23.1264 20.8592 -0.581625 -17.5372 
-21.7044 19.2095 -0.809144 -18.1029 
-23.7823 20.9731 -0.835667 -18.2201 
-20.0557 18.8985 -0.760091 -18.8841 
-20.1582 16.7728 -0.713027 -19.8652 
-20.582 16.793 -0.668387 -20.2692 
-17.5031 18.5567 -0.41695 -19.7405 
-17.4725 20.6556 -0.527842 -19.6098 
-19.2136 21.165 -0.585118 -19.8234 
-17.2604 13.5682 -0.522162 -21.4643 
-16.8191 13.4146 -0.495785 -21.9756 
-17.0258 11.8329 -0.518152 -22.2152 
-17.0349 14.0448 -0.548437 -22.084 
-18.776 16.2567 -0.687767 -22.0682 
-13.6192 6.42452 -0.0821561 -22.8438 
-15.3602 8.6364 -0.221487 -22.828 
-17.1012 10.8483 -0.360817 -22.8123 
-19.0087 11.2324 -0.749206 -22.8327 
-10.6578 7.70196 -0.822349 -22.8195 
-12.6465 10.3061 -1.15783 -22.4563 
-14.6351 12.9102 -1.66764 -22.134 
-13.6228 11.6962 -1.94779 -21.8158 
-15.6115 14.3003 -1.92486 -21.4935 
-14.4747 12.15 -1.82552 -22.0994 
-16.4634 14.7541 -1.73274 -21.7771 
-15.4858 13.0129 -1.66614 -22.1867 
-12.8274 9.08755 -0.701129 -22.6118 
-11.6615 8.0616 -1.02402 -22.1529 
-11.6619 8.38751 -1.82944 -22.2072 
-8.40758 7.24199 -1.58179 -21.8484 
-10.5366 8.37448 -2.03397 -21.1614 
-10.6369 9.1408 -2.83939 -20.6707 
-12.7659 12.0995 -3.10088 -20.2245 
-13.014 13.262 -3.49963 -19.5573 
-13.0747 14.0668 -3.80609 -19.2468 
-13.2485 14.3863 -4.61152 -19.4331 
-13.9326 14.6195 -3.24575 -19.7546 
-14.6363 12.8099 -2.82914 -20.4021 
-16.9108 16.1133 -2.89858 -19.385 
-19.1854 19.4167 -4.04774 -18.3678 
-18.8406 17.6488 -3.63246 -18.886 
-19.2184 17.8857 -2.45808 -19.1316 
-20.0887 18.8652 -3.60724 -18.7186 
-22.3632 22.1686 -8.23186 -17.7015 
-21.2394 20.3937 -9.62395 -17.0395 
-21.4856 21.0103 -10.7731 -16.3373 
-21.3796 24.3137 -11.1062 -15.4636 
-21.5603 22.0914 -10.4126 -15.5871 
-21.7854 23.0487 -10.7788 -14.7105 
-19.5103 21.016 -9.73315 -14.8415 
-21.9554 24.6636 -11.2543 -13.3549 
-17.7561 19.9488 -8.39478 -13.7349 
-20.2012 20.8997 -9.91594 -13.0211 
-17.8629 20.9624 -8.27939 -13.9004 
-20.308 24.61 -9.80055 -12.4138 
-18.0082 21.9286 -8.09019 -13.4572 
-18.0662 19.0606 -7.9576 -13.7883 
-16.4702 20.8292 -7.20627 -13.6728 
-14.5165 16.4563 -5.62879 -13.4774 
-10.4267 15.0219 -5.51068 -14.1113 
-3.46302 6.48865 -2.00659 -17.1308 
6.99915 -5.42389 3.0418 -14.3823 
8.95275 -6.85825 3.15991 -14.06 
9.14336 -5.60621 2.53159 -9.42689 
11.097 -7.04056 2.6497 -9.10451 
10.6023 -5.28129 2.20481 -4.72349 
12.5559 -6.71565 2.32292 -4.40112 
13.4499 -7.03635 1.88567 -3.87989 
8.52701 -0.87352 0.420822 1.02991 
4.56898 4.03073 -0.443232 4.31697 
0.17064 8.08283 -1.52628 6.63649 
-1.47868 9.76126 -2.27662 6.67084 
-3.128 12.1134 -3.14067 7.66935 
-3.63446 8.48318 -2.93798 2.65982 
-3.57053 6.16302 -1.90049 0.134772 
-5.21985 8.51511 -2.25202 -1.99664 
-4.87966 4.13876 -2.79399 -2.3009 
-6.23829 6.19443 -3.61949 -2.71889 
-2.88859 -1.19953 -1.79455 -7.3126 
-3.20745 -0.204145 -2.48217 -6.40808 
-3.52632 -0.160177 -3.16978 -5.77778 
-2.44704 0.835211 -3.80263 -4.87326 
-2.7659 1.8306 -4.49025 -4.56309 
-1.85941 3.11788 -3.54489 -1.79506 
-0.653421 1.69866 -1.9298 -2.59237 
-0.972284 2.69404 -2.61742 -1.68785 
-1.29115 3.68943 -3.30503 -1.57823 
-0.455583 2.54742 -2.31748 -1.27472 
-0.389191 1.31485 -2.58089 -1.34184 
1.41561 -0.514981 -0.838207 -0.885173 
1.482 -0.0117562 -1.10162 -0.431985 
1.54839 0.491469 -0.430362 0.954313 
1.67454 0.213279 0.298172 1.81665 
1.74093 0.716504 0.0347578 3.20294 
1.74061 0.480233 -0.104465 4.11591 
1.76973 0.689979 0.222766 6.07182 
1.83613 1.1932 -0.0406477 7.45812 
1.86839 1.52871 0.471411 8.91047 
2.34446 0.0798525 2.46296 9.1932 
2.44993 -0.256887 3.70711 10.2137 
2.67609 -0.37975 4.28566 10.6849 
3.09863 -0.328153 4.25693 11.9339 
2.96941 -0.421752 5.32276 14.0574 
3.39195 -0.370155 5.29403 14.6955 
3.8145 -0.318558 5.26529 15.9446 
4.23704 -0.26696 5.23656 17.1936 
2.58294 -0.219798 7.50457 17.6428 
2.55189 -0.199077 8.29138 17.99 
2.87282 -0.558181 8.44225 18.9799 
2.72012 -1.07803 9.64699 18.9241 
3.47717 -1.44061 9.79937 19.9118 
3.77255 -1.9228 9.95175 21.3027 
3.41256 -1.85483 10.7369 21.7114 
3.16677 -1.32595 11.2205 23.0706 
3.92382 -1.68853 11.3729 24.0583 
0.891012 -0.555139 12.4894 23.7081 
1.09163 -0.946336 12.7661 24.0884 
1.42988 -1.49587 12.9859 24.3408 
2.03714 -2.43835 13.3391 24.3419 
2.99189 -3.18126 13.6756 25.0761 
3.49814 -3.85427 14.0496 25.3376 
2.77018 -2.03943 14.4402 27.1323 
2.73204 -2.78233 14.7365 27.3198 
1.70374 -1.74619 14.8878 28.2243 
2.65848 -1.70192 15.2242 29.4227 
3.61322 -2.44482 15.4315 30.1569 
2.15616 -2.53758 15.5987 29.8876 
2.02471 -3.28049 15.7425 29.5958 
2.79875 -3.27655 15.8822 30.9927 
2.62658 -3.65105 15.9339 31.5568 
2.49979 -4.11353 15.9882 32.0216 
2.35365 -4.53584 16.0301 32.5094 
2.16393 -4.7828 16.0693 33.1377 
-0.953559 -2.80892 14.2286 28.5636 
-0.222664 -4.02892 13.8609 28.0725 
0.253 -4.5353 13.8067 28.5759 
0.502314 -4.51422 13.788 30.0133 
1.24202 -5.60504 14.0696 30.2685 
0.647438 -4.12947 13.688 31.7894 
0.318142 -3.40563 13.7483 33.4171 
0.422118 -3.65354 13.7549 34.0873 
1.07759 -5.06145 14.0992 34.804 
1.40057 -5.82428 13.7683 33.8992 
1.32518 -5.54454 13.8235 35.0325 
1.98066 -6.95245 14.1678 35.7492 
1.24232 -5.04555 13.877 37.0169 
0.87571 -4.0067 13.9585 38.6185 
0.814467 -3.66091 13.9785 39.5057 
0.651804 -3.81525 14.0556 40.0234 
0.047633 -2.99788 13.8377 39.9295 
0.472627 -4.69838 14.2687 40.5793 
0.350742 -6.39889 14.3725 40.6759 
0.775736 -6.66797 14.8035 41.0762 
-1.27844 -2.89895 14.228 42.4717 
-0.853443 -2.59922 14.3164 43.1922 
-0.497586 -3.54282 14.363 42.7607 
0.182048 -5.24333 14.794 43.4105 
0.607042 -6.94384 15.225 44.0602 
0.563458 -7.25813 14.8924 42.3245 
0.109093 -8.56972 15.406 42.8988 
0.187785 -9.8813 15.9196 43.4731 
-0.829891 -7.1556 15.6264 43.6766 
-0.881456 -5.35678 15.2818 44.047 
-0.802764 -5.21184 15.3615 44.1157 
-1.27748 -1.16629 13.9 42.0924 
0.0647657 -1.87771 11.4397 35.0574 
0.143457 -3.1893 11.9533 35.6317 
0.304336 -4.21885 11.8674 34.9913 
-0.834921 -0.23451 10.6769 36.0229 
-0.928845 -0.837231 10.6155 36.0381 
-0.321742 -1.86407 9.42735 32.8574 
-0.568056 -2.16495 9.41194 33.3492 
-0.606762 -2.26801 8.85823 32.6712 
-0.879751 -3.35627 9.39037 33.8208 
-0.435273 -2.3858 8.03736 31.5141 
-0.708262 -3.47405 8.5695 32.6637 
-0.87585 -3.65066 8.66379 33.3386 
-1.14884 -4.73891 9.19593 34.4882 
-0.814883 -3.53728 8.58918 33.5576 
-1.33255 -2.7981 8.6924 34.7714 
-1.85022 -3.54402 9.12394 36.0134 
-1.98784 -1.91635 8.88779 36.5166 
-2.09375 -1.59862 9.1371 37.1997 
-2.07711 -1.65607 9.29722 37.5398 
-2.00771 -1.83689 9.49339 37.7624 
-1.93649 -1.99332 9.43488 37.2093 
-2.45416 -2.73925 9.86642 38.4512 
-0.333446 -0.724675 9.31788 35.3714 
-0.560153 -0.779089 9.3972 35.6337 
-1.03794 -0.763822 8.97125 34.9498 
-1.27099 -0.642955 9.26471 35.536 
-2.14863 -0.948141 9.21158 36.0356 
-2.71811 -0.861048 9.18115 36.3347 
-3.59576 -1.16623 9.47461 37.7044 
-4.03751 -1.14932 9.48198 37.9456 
-2.41313 -0.783033 9.47801 36.6118 
-2.34114 -1.08822 9.57716 36.0839 
-3.21878 -1.3934 9.87062 37.4536 
-3.38011 -0.817642 9.76087 36.3445 
-3.8094 -0.498365 9.8934 36.6914 
-3.20762 -0.18938 10.0332 38.0545 
-0.24796 0.434638 8.75912 31.1834 
-1.45581 0.475148 8.89887 32.6972 
-2.35519 0.84254 8.15642 31.6273 
-3.52557 0.900946 7.25432 30.6802 
-4.03802 0.439784 7.20391 30.4866 
-4.23678 -0.0846173 7.09927 30.3116 
-3.46979 -0.310656 7.00045 30.4539 
-3.77136 -0.482358 6.89279 29.4867 
-2.11177 0.272742 6.57567 26.9262 
-3.01018 0.683381 6.57158 28.5773 
-3.21466 1.2152 6.43388 28.0237 
-3.94779 1.36661 5.93541 28.3016 
-5.45519 1.77725 5.93132 29.9527 
-6.9626 1.33711 5.92723 28.5948 
-5.63683 1.38535 5.42868 28.8524 
-7.14423 1.79599 5.42459 30.5035 
-7.84426 2.07976 5.49509 30.9356 
-8.1646 1.98041 5.45393 31.0125 
-6.61724 1.04604 5.69314 29.0864 
-6.11009 1.8527 6.06219 30.8418 
-4.20385 0.333941 6.55661 27.5052 
-5.98288 0.585803 6.45215 29.0475 
-4.50638 1.20943 6.89787 29.6538 
-6.28541 2.0161 6.79342 30.1308 
-6.61811 1.85497 6.93365 30.2944 
-6.81362 2.66163 7.08364 32.0498 
-8.59265 3.4683 6.97918 31.1438 
-6.47189 1.97249 7.48983 28.695 
-6.18557 1.69187 7.93341 29.6102 
-8.21029 2.86727 7.8114 31.4049 
-6.44598 2.50699 8.35517 30.0177 
-5.95117 1.98048 8.72998 29.3456 
-5.72561 1.87283 8.60798 29.1073 
-6.16466 2.65589 9.18843 29.7109 
-6.14573 2.71208 9.53027 29.6009 
-5.94378 2.43124 9.80045 29.2138 
-6.24381 2.82917 10.1952 27.9649 
-6.62828 4.00746 10.0741 29.7591 
-8.87321 5.52719 10.0622 31.4867 
-2.59574 2.96722 10.4303 27.0158 
-4.84067 4.48695 10.4184 28.7434 
-5.6214 5.2395 10.0084 30.8554 
-5.43273 3.71522 10.1252 30.4259 
-3.04691 0.303415 10.2185 20.3972 
-5.29184 1.82314 10.2066 22.1249 
-5.59911 3.34287 10.1946 23.8526 
-6.6563 3.17287 10.1936 23.0088 
-0.983793 1.61768 9.43679 18.748 
-1.37269 3.20867 9.69571 20.2647 
-3.00985 3.67823 4.11869 15.6701 
-4.69426 4.48925 4.27372 15.786 
-6.65996 6.08537 4.55216 17.2876 
-7.65221 7.27673 4.7496 17.7696 
-10.0918 7.14331 4.3397 16.3894 
-0.159972 0.447239 1.51183 8.12836 
-2.59961 2.04336 1.42501 8.50308 
-4.36909 4.38364 1.70345 11.7939 
-3.82904 5.97976 1.08768 11.3454 
-6.41074 7.38304 1.81915 12.4622 
-6.4073 2.39333 2.047 7.14187 
-9.01269 3.76448 2.47112 8.19455 
-9.49157 2.82403 3.21349 6.89027 
-9.16087 4.19517 3.91064 7.94296 
-9.3407 0.851097 4.50443 4.57208 
-11.9461 2.22224 5.12056 5.62476 
-10.0006 1.35341 5.71094 4.69747 
-12.6059 2.72456 6.2604 5.75015 
-10.2283 2.86014 6.76651 5.71949 
-6.34629 0.0830084 7.86 3.62086 
-9.08559 -1.3396 9.01742 2.92724 
-11.8249 -0.437233 10.5443 4.13852 
-11.9928 -1.16364 10.653 4.55879 
-8.19228 -0.95693 11.6214 5.32392 
-10.9316 -0.0545656 13.1482 6.5352 
-13.6709 0.847799 14.675 7.74647 
-16.4102 0.761118 14.5429 8.3925 
-19.1495 -0.619848 15.3584 7.72909 
-10.7912 -1.32858 16.0842 7.75382 
-13.0789 -0.722778 18.2461 8.70808 
-12.2444 -2.03127 19.017 8.59126 
-5.58069 -3.47976 18.1944 8.77761 
-5.20742 -2.99753 20.621 9.62478 
-7.30697 -2.5153 23.0476 10.4719 
-2.98696 -0.170651 20.4433 13.8689 
-4.12021 0.628945 21.2392 15.1029 
-4.74005 0.542519 22.0545 15.9422 
-5.11779 0.0750455 22.8261 16.4443 
-7.21734 -0.408741 25.2527 16.9574 
-5.47044 -0.799363 24.4358 16.8909 
-7.2307 -1.61018 26.9964 15.318 
-5.0314 -1.79044 27.6842 15.4716 
-4.85489 -1.42986 30.2449 15.5619 
-4.98473 -1.8812 26.8288 16.116 
-4.9278 -1.97882 27.123 16.4167 
-6.68805 -1.61823 29.6836 16.5795 
-5.05768 -1.87449 27.6949 17.4087 
-6.81793 -1.5139 30.2555 17.7344 
-1.20836 -0.0149108 24.2347 20.9985 
-2.23533 0.190166 21.5292 21.1623 
-3.26582 -0.0795192 22.8151 21.2532 
-5.27202 -0.1151 26.0043 21.4915 
-4.96985 -1.2142 25.201 20.8953 
-5.48337 -1.98349 28.3902 20.7431 
-7.48957 -2.01907 29.2057 20.8295 
-6.88622 -2.40536 27.8037 20.9859 
-8.89242 -2.44094 30.9929 21.2241 
-5.92367 -3.04652 26.3805 21.3354 
-1.88554 -0.918429 17.4508 23.5285 
-2.99017 -0.656846 18.8184 23.9783 
-4.71758 -1.05291 22.3432 24.2583 
-4.10472 -1.80857 21.4585 23.6878 
-4.50546 -2.41794 22.4749 23.5242 
-6.23287 -2.814 23.6657 23.4761 
-4.32504 -2.59764 22.3595 23.6926 
-3.54529 -2.30033 20.9468 23.8019 
-4.2724 -2.29384 24.4716 24.3898 
-5.99981 -2.68991 25.5573 24.2576 
-4.08726 -2.38781 26.7719 23.6222 
-5.78893 -2.91912 30.4296 24.0463 
-6.15478 -3.65047 34.2836 24.2621 
-6.69543 -3.89824 38.1377 24.6773 
-8.35903 -4.33693 41.9917 25.0491 
-8.75315 -4.66283 43.095 25.9201 
-9.09366 -4.79617 28.5067 26.532 
-7.86584 -4.89177 28.9633 26.7872 
-7.96085 -4.89592 29.0678 27.5082 
-8.07722 -4.94538 29.362 28.1385 
-6.4125 -4.23887 29.336 29.1527 
-8.09069 -5.07103 29.572 29.6329 
-8.14064 -5.4148 29.8474 30.8499 
-9.84876 -5.59889 30.0996 32.1827 
-9.69181 -5.85832 30.2928 33.4078 
-11.3999 -6.89726 34.2857 34.3087 
-13.108 -5.87855 30.4105 36.5985 
-14.8162 -5.73226 30.3128 38.4737 
-14.7693 -5.74841 30.4089 40.1617 
-16.4774 -5.56281 30.5347 41.9991 
-9.22649 -5.5858 30.6072 43.1834 
-10.9842 -5.71661 30.496 44.9948 
-12.8892 -7.03517 34.3344 47.3006 
-14.7942 -7.35111 34.3344 47.9223 
-16.6993 -7.6445 33.9438 48.6278 
-18.6043 -7.01849 30.2766 51.3144 
-20.5093 -8.33705 30.6117 53.6202 
-7.94737 -6.46657 30.8548 53.9122 
-9.85237 -7.78513 32.891 56.218 
-9.74828 -7.46666 30.5958 58.1803 
-7.6089 -6.33089 30.7634 58.6941 
-9.24817 -7.69372 30.4683 61.1191 
-5.57728 -6.50234 25.0621 59.1049 
-3.94023 -6.85876 27.3581 58.0664 
-2.46312 -7.07631 22.6475 56.2106 
-1.3027 -6.97382 24.9434 54.9276 
-0.430126 -6.62768 23.6437 53.5902 
0.299599 -8.19711 22.4316 52.3089 
0.837037 -5.78498 6.56835 43.218 
2.27219 -1.68699 8.86429 43.218 
7.31075 -1.75685 -1.64499 40.262 
7.22146 -3.0192 -2.32594 40.262 
6.47492 -2.6773 -2.04475 40.262 
5.77824 -1.64715 -4.32565 35.6772 
5.03923 1.48541 -7.96891 31.8313 
4.2927 2.66656 -8.44662 26.77 
3.54616 3.00846 -8.16543 24.7217 
2.79963 3.35037 -7.88425 22.6734 
3.27173 3.34836 -7.60306 18.7407 
2.5252 3.38315 -13.8306 10.1617 
5.97448 2.66659 -17.0237 1.44121 
5.74373 2.92397 -16.6909 -0.912255 
6.12018 -1.21007 -13.49 -3.24501 
6.29866 -4.52863 -10.9507 -2.47331 
6.1487 -7.53953 -8.6197 -1.28298 
6.18762 -10.7538 -5.63446 -0.285542 
6.03766 -13.7647 -3.30349 0.904783 
4.51557 -12.1558 1.30364 5.9882 
2.77557 -15.1667 3.90764 7.13679 
2.62561 -12.8403 6.2386 12.618 
0.947145 -8.90338 7.61705 18.1848 
0.482149 -9.25854 9.07681 20.5799 
0.335573 -8.40269 9.03822 21.7824 
3.03497 -4.21438 2.5951 15.9314 
3.1309 -4.1221 3.51774 16.6988 
2.68928 -4.44752 2.29733 16.2537 
2.7852 -4.14543 3.21997 16.9064 
2.33396 -4.37146 2.20307 17.0401 
2.42988 -6.10074 3.12572 17.1352 
2.52378 -6.43556 0.515883 17.1589 
3.31877 -5.07431 0.727015 11.4592 
3.41469 -6.80359 1.42453 11.5542 
3.402 -8.3555 1.22705 11.1355 
3.52986 -6.31914 1.00481 11.8916 
3.28014 -4.94402 0.502311 13.0105 
3.29402 -4.18107 0.166393 13.4684 
3.22451 -3.27446 0.499709 14.0408 
3.45522 -3.21546 0.0426929 13.7848 
3.51264 -2.85286 -0.850466 13.8386 
3.75948 -3.08321 -0.959058 13.3299 
4.31842 -4.60953 -1.18618 12.955 
3.91932 -3.05104 -1.20267 12.8448 
4.18379 -2.69981 -1.78875 12.4589 
4.70895 -2.83063 -2.00903 11.3242 
4.30762 -0.963143 -3.11568 10.2685 
5.30383 -2.41007 -3.33596 9.2344 
3.30088 -2.44111 -1.84727 -0.142745 
4.20627 -2.9637 -1.86171 -1.60645 
4.48978 -3.97077 -1.05568 -2.12524 
4.71609 -4.88577 -1.34161 -2.25402 
3.76322 -3.9204 -0.336011 -1.35356 
4.75943 -5.36733 -0.556292 -2.3877 
3.78567 -3.56329 0.439095 -2.31726 
5.20008 -3.51656 -0.308548 -2.34254 
6.61448 -4.78854 -1.41042 -3.8751 
8.02889 -3.83814 -2.15807 -3.85782 
6.17707 -4.90159 -1.88003 -5.37352 
4.22469 -1.69315 -1.78152 -2.67893 
5.15307 -2.47953 -2.2572 -4.30574 
4.60651 -2.69191 -2.22922 -4.23142 
6.02092 -3.96389 -2.97686 -5.76398 
4.57334 -2.118 -0.920033 -4.73196 
5.29215 -3.24856 -1.99427 -6.56061 
6.18581 -3.42768 -3.22391 -6.4346 
7.30102 -4.48111 -4.47629 -8.42477 
7.65324 -4.33731 -5.20629 -9.01135 
9.46544 -5.39073 -6.45867 -11.0015 
10.0422 -4.76362 -6.80426 -11.7474 
11.8544 -5.81704 -8.05664 -13.7375 
9.91751 -3.26716 -8.45084 -11.6497 
11.7297 -2.53706 -8.79497 -11.6113 
9.2626 -1.96205 -10.0474 -11.6975 
8.76 -0.986029 -10.4662 -11.6734 
8.80666 -0.610222 -9.47896 -11.2598 
10.9948 -1.438 -11.2154 -13.6684 
11.1805 -1.39051 -10.9879 -14.8105 
8.71203 -1.38451 -7.90986 -16.323 
10.9002 -2.21228 -9.64634 -18.7316 
13.0884 -3.04005 -10.0487 -19.6507 
6.12944 0.724861 -8.7432 -17.9913 
8.3176 -0.102913 -8.81475 -18.9392 
10.5058 -0.930688 -10.5512 -21.3479 
10.5416 -0.93611 -11.3842 -24.1428 
10.9439 -1.09555 -12.2107 -23.7236 
10.3716 -0.31504 -12.7235 -24.0084 
10.0803 0.140258 -12.6638 -24.5548 
12.622 -0.477826 -12.1726 -27.3441 
9.87284 0.282318 -11.6067 -26.2567 
12.4145 -0.335766 -13.8074 -29.046 
9.04539 0.430506 -10.4777 -32.2079 
8.45529 0.556343 -12.6784 -35.1103 
8.27415 0.279299 -8.88298 -38.3614 
10.9551 -0.262061 -11.2704 -41.2954 
8.67125 -0.177077 -7.96796 -45.3905 
8.39297 -0.612557 -10.613 -48.5242 
11.2662 -0.28804 -13.258 -47.877 
14.1394 -0.72352 -13.374 -30.0429 
5.22641 -0.69867 -2.02624 -28.88 
6.48826 -0.952864 -6.03925 -20.9715 
4.21965 -1.38834 -5.12033 -24.1052 
3.6234 -1.39949 4.81964 -23.8047 
6.49662 -1.41493 2.17463 -26.9266 
7.41459 -1.44855 1.39452 -28.5817 
8.2369 -1.33876 -1.31644 -30.1452 
11.4209 -1.6204 -4.38481 -33.5886 
10.0412 -1.18537 -7.33577 -34.9093 
13.2252 -1.46702 -9.43744 -38.3527 
10.8029 -0.430003 -8.84998 -34.4322 
11.4842 -0.431406 -9.43011 -35.7166 
11.5331 -0.20945 -9.98187 -36.9395 
14.717 -0.491092 -13.0502 -40.383 
7.6475 -0.29105 -11.8904 -44.8152 
10.9099 -0.537743 -6.8843 -35.1936 
14.3857 -0.94557 -10.3536 -39.4479 
8.38776 -0.195761 -4.30003 -36.1751 
11.8635 -0.347437 -7.76931 -39.896 
15.3392 -0.499113 -11.2386 -43.6169 
10.4549 -0.259834 -11.31 -42.63 
13.9306 -0.41151 -12.71 -43.8538 
17.4063 -0.356548 -11.3964 -43.5951 
17.2163 0.0819879 -14.8656 -39.1393 
12.8538 1.02608 -14.6022 -39.1393 
-1.41818 -2.64276 8.76879 -20.2903 
2.33245 -2.67962 5.81706 -24.2597 
5.27094 -3.00827 6.95239 -20.0043 
9.02157 -3.04514 3.1065 -23.9737 
5.46746 -2.09395 0.339298 -19.449 
9.21809 -2.13081 -3.5066 -23.4184 
7.44461 0.182996 -7.38118 -21.8352 
11.1952 0.146133 -11.2271 -25.8046 
14.9459 0.109269 -15.073 -29.774 
14.3362 0.652409 -15.2668 -30.7069 
14.7596 1.2032 -19.1539 -32.6934 
15.1315 1.64875 -18.2368 -34.9435 
18.7955 1.72178 -22.4334 -39.1366 
14.7115 2.49095 -19.6675 -38.9463 
18.3756 2.4543 -23.8641 -41.2293 
14.8366 2.3459 -19.8501 -43.4377 
18.5007 2.41893 -24.0467 -47.6308 
18.3914 2.14852 -20.03 -43.6664 
1.94022 -0.284099 -0.56756 -39.8718 
5.60428 -0.211068 -4.76411 -43.4598 
9.22323 -0.13383 -8.87757 -36.5438 
3.89679 -0.700182 -4.69009 -35.2672 
6.487 -0.527038 -6.90902 -32.0967 
6.44074 0.0738578 -6.58947 -29.5843 
9.03095 0.247001 -8.8084 -29.5843 
6.1259 0.675673 -4.28898 -28.4514 
5.49898 0.835441 -3.60078 -26.5423 
8.0892 1.00858 -5.8197 -26.5423 
2.16698 -0.325427 3.76382 -28.6315 
4.7572 -0.691605 1.54489 -31.4102 
5.21022 -0.688785 0.573248 -30.5434 
5.33802 -0.618232 -0.359124 -29.8495 
4.42648 -0.0743355 -1.18897 -29.4068 
3.76855 0.226801 -1.94386 -27.9176 
3.01341 0.18374 -2.46931 -25.4104 
2.39292 0.400297 -2.34942 -23.568 
4.41582 0.616854 -4.44728 -23.568 
1.39251 -0.647014 -0.523691 -15.6594 
3.41541 -0.430457 -0.173124 -17.0932 
1.48885 -0.382801 1.13979 -14.4141 
3.51175 -0.219519 -0.958069 -11.6764 
1.42536 -0.322041 10.8676 -10.1112 
0.921644 -0.136346 11.5749 -11.689 
2.49785 0.0493501 9.66191 -13.6905 
4.07406 0.235046 7.74889 -15.6919 
2.27379 -0.521906 3.93034 -17.2808 
1.78495 -0.664431 0.682548 -18.3647 
1.56618 -0.478735 -1.7286 -19.4018 
0.0439607 -0.461456 -2.33855 -19.3897 
1.62017 -0.435733 -4.25157 -21.3563 
1.78382 -0.36894 -4.82452 -22.2671 
1.60178 -0.276174 -4.77649 -22.1374 
1.03333 -0.167052 -5.95214 -22.0646 
0.683602 -0.156277 -3.21045 -21.9194 
0.486245 -0.227786 -2.39456 -21.849 
0.391188 -0.324475 -1.7329 -21.7969 
0.145964 -0.339609 -1.27766 -21.6635 
-0.908604 -0.60301 0.494168 -21.6017 
0.198204 -0.493888 -0.681482 -21.5465 
0.318184 -0.657682 -0.649058 -21.4167 
1.42499 -0.54856 -1.82471 -22.6141 
-0.645651 -0.739754 0.417135 -19.3964 
-0.204496 -0.726258 -0.0594469 -19.8573 
0.236659 -0.712762 0.492193 -20.3183 
-0.987428 -0.80636 0.975296 -18.1046 
-0.546273 -0.804722 0.498714 -18.4514 
-1.59155 -0.863889 1.85432 -16.4526 
-1.67752 -1.00159 1.37774 -16.8245 
-1.23637 -0.988098 2.23517 -15.0711 
-2.20937 -1.22886 2.8466 -11.5945 
-1.88163 -1.1843 2.37002 -11.9357 
-1.9079 -1.17593 2.41284 -10.9186 
-2.07276 -1.22403 2.42081 -10.6107 
-2.25273 -1.30068 2.59968 -10.396 
-2.35094 -0.774283 0.485349 -1.75627 
-0.442005 -0.768013 0.421904 -1.21991 
-0.451167 -0.789334 0.486058 -0.874425 
0.204242 -0.562563 0.00742417 -0.275099 
0.0242729 -0.575745 0.186293 -0.0308236 
0.255457 -0.558871 -0.124535 0.211715 
0.0754878 -0.635512 0.0543337 0.426415 
0.731201 -0.5373 -0.589019 -0.00486573 
2.04673 -0.286737 -1.85388 -0.869085 
3.03731 -0.153925 -2.81699 -1.73935 
3.93875 0.217928 -4.00142 -2.60672 
4.55522 0.501688 -4.80623 -3.37846 
5.5458 0.6345 -5.76934 -4.24873 
5.21833 0.81646 -5.36746 -4.97591 
5.46527 0.960934 -6.33056 -5.87923 
5.71496 1.04168 -5.65908 -6.41952 
5.20746 1.03502 -5.03587 -6.94427 
5.69026 1.09975 -5.50528 -7.36843 
1.94956 0.521958 -2.97097 -6.69825 
1.94956 0.521958 -2.97097 -6.69825 
