2.10078e-312 2.52517e-312 -nan 0 
0.711946 3.35385 0.132115 3.4912 
0.712969 3.35579 0.132889 3.49338 
0.713992 3.35773 0.133664 3.49575 
0.725939 3.34095 0.147252 3.49246 
0.733139 3.33074 0.153991 3.47234 
0.734332 3.33344 0.160078 3.47558 
0.748397 3.30472 0.167196 3.4336 
0.757722 3.26286 0.175172 3.37667 
0.76792 3.26556 0.183677 3.38784 
0.789225 3.24132 0.192516 3.35999 
0.791178 3.21518 0.201877 3.33063 
0.803991 3.18626 0.211199 3.29848 
0.806006 3.1546 0.220286 3.26389 
0.830402 3.12037 0.228962 3.22691 
0.832417 3.12422 0.230249 3.23195 
0.857064 3.04472 0.244688 3.14781 
0.881091 3.0036 0.256312 3.08431 
0.883106 2.91195 0.257599 3.04086 
0.924671 2.76105 0.262833 2.909 
0.926686 2.76489 0.264119 2.91404 
0.945891 2.66118 0.27298 2.82994 
0.948711 2.66626 0.273081 2.76724 
0.958725 2.56107 0.272735 2.72532 
0.968551 2.46047 0.271331 2.71148 
0.971371 2.46554 0.269129 2.67974 
0.97419 2.47062 0.270801 2.68669 
0.964515 2.42399 0.262236 2.62048 
0.958108 2.32766 0.257803 2.60256 
0.960928 2.33274 0.259475 2.60952 
0.941341 2.23937 0.247197 2.54965 
0.932141 2.19745 0.241533 2.52592 
0.935787 2.15677 0.243572 2.54525 
0.912174 2.11712 0.229168 2.48034 
0.915819 2.12349 0.231207 2.48934 
0.890653 2.04077 0.21557 2.43604 
0.894298 2.04714 0.217609 2.44504 
0.868485 1.96871 0.200879 2.39194 
0.872131 1.97508 0.202918 2.40094 
0.846312 1.90123 0.185238 2.3486 
0.820998 1.83217 0.177132 2.34213 
0.825263 1.83949 0.179426 2.35267 
0.815627 1.81149 0.181831 2.2891 
0.790192 1.75098 0.141798 2.23914 
0.762594 1.72628 0.133514 2.17482 
0.75038 1.67296 0.114746 2.17119 
0.754914 1.68069 0.117151 2.1824 
0.690151 1.57895 0.119555 2.11602 
0.694685 1.58668 0.121959 2.12723 
0.606978 1.48477 0.0361681 1.9562 
0.611512 1.49249 0.0385725 1.96741 
0.597774 1.43404 0.00799601 1.87418 
0.603298 1.44315 0.0107769 1.88776 
0.377111 1.38274 -0.0392201 1.71348 
0.382635 1.38723 -0.0412502 1.7121 
0.348124 1.38951 -0.0513852 1.6733 
0.353648 1.39859 -0.0486043 1.70066 
0.339084 1.40771 -0.0458234 1.71424 
0.304622 1.41777 -0.0466969 1.7102 
0.310146 1.42869 -0.0474433 1.70429 
0.31567 1.43781 -0.0446624 1.71788 
0.301905 1.4504 -0.0449901 1.71374 
0.21091 1.4855 -0.0570569 1.65689 
0.217566 1.496 -0.0538799 1.64595 
0.150303 1.52821 -0.0611336 1.57815 
0.156959 1.53872 -0.0579567 1.5943 
0.163615 1.54922 -0.0547797 1.61045 
0.15255 1.57624 -0.0540267 1.61316 
0.141955 1.59527 -0.0529088 1.61176 
0.148611 1.60577 -0.0497318 1.62791 
0.122123 1.63356 -0.0503322 1.60644 
0.129397 1.6447 -0.0469579 1.6239 
0.121521 1.6652 -0.0451874 1.62344 
0.114071 1.68576 -0.0434728 1.62288 
0.065703 1.73854 -0.0462201 1.55148 
0.0487974 1.75795 -0.0451859 1.55343 
0.0452921 1.77684 -0.0424599 1.55638 
0.0423138 1.79548 -0.0388635 1.57163 
0.0399258 1.8138 -0.0370006 1.5606 
0.0478964 1.83139 -0.033818 1.57334 
0.0370867 1.84323 -0.030782 1.57107 
0.0372303 1.86569 -0.027361 1.56945 
0.03144 1.8831 -0.0237674 1.57461 
0.0409495 1.89619 -0.0202068 1.5965 
0.0504591 1.91296 -0.0161692 1.61169 
0.0470874 1.9315 -0.0125213 1.61921 
0.056597 1.94459 -0.0084837 1.63036 
0.0555549 1.96041 -0.00474435 1.60325 
0.0650645 1.9735 -0.000706725 1.62514 
0.0662422 1.98647 0.00308482 1.6153 
0.0724415 1.99956 0.00712245 1.63124 
0.0796594 2.00029 0.0110875 1.6041 
0.0839407 2.00494 0.0142955 1.61431 
0.0953115 2.01324 0.018371 1.5897 
0.106956 2.02113 0.0223394 1.60129 
0.120017 2.02123 0.0262033 1.60379 
0.132842 2.02735 0.0304348 1.61695 
0.145915 2.03307 0.034376 1.62897 
0.159304 2.03833 0.0382324 1.64168 
0.173054 2.04295 0.042347 1.65663 
0.187057 2.04707 0.046336 1.6706 
0.20497 2.02851 0.0497285 1.66377 
0.221704 2.04348 0.0538146 1.6922 
0.235139 2.05844 0.0587669 1.72063 
0.248574 2.07341 0.0637192 1.74906 
0.26921 2.06433 0.0656752 1.7577 
0.286403 2.06671 0.0706275 1.77502 
0.303795 2.06852 0.0750925 1.799 
0.325249 2.05614 0.0788797 1.80867 
0.346892 2.04246 0.0803286 1.81915 
0.360327 2.05742 0.0852809 1.84758 
0.382387 2.04278 0.0873889 1.85904 
0.402377 2.04294 0.091585 1.88782 
0.418291 2.05834 0.0969801 1.91978 
0.438233 2.04235 0.101055 1.93867 
0.461965 2.04189 0.103717 1.96153 
0.49451 1.97582 0.100605 1.95608 
0.513163 1.97492 0.104118 1.98822 
0.535713 1.94178 0.103643 1.99572 
0.551627 1.95718 0.109038 2.02769 
0.57052 1.94103 0.112286 2.04622 
0.587745 1.9409 0.115495 2.07327 
0.607635 1.94077 0.11482 2.10443 
0.626438 1.94086 0.118481 2.13213 
0.645236 1.94109 0.12428 2.16309 
0.663634 1.9416 0.127625 2.1913 
0.681691 1.95694 0.133424 2.22694 
0.699323 1.94282 0.134823 2.25104 
0.716557 1.94358 0.138419 2.28115 
0.735361 1.95892 0.141663 2.30626 
0.749744 1.94567 0.145004 2.33672 
0.765773 1.961 0.148561 2.36555 
0.787932 1.97564 0.154698 2.40495 
0.794033 1.92075 0.150211 2.40885 
0.816192 1.93539 0.156347 2.44826 
0.838351 1.95003 0.162483 2.48766 
0.849615 1.93804 0.168619 2.53132 
0.818511 1.95268 0.169055 2.54807 
0.831025 1.85991 0.150474 2.49901 
0.843091 1.87455 0.152987 2.52116 
0.854607 1.87869 0.155926 2.5508 
0.853984 1.87297 0.155052 2.5794 
0.879795 1.88619 0.161415 2.6049 
0.905833 1.89933 0.167792 2.64808 
0.866179 1.86478 0.154954 2.61341 
0.892218 1.87792 0.161332 2.65659 
0.90368 1.89105 0.167709 2.69978 
0.91473 1.8863 0.165536 2.70397 
0.925208 1.8908 0.168318 2.73515 
0.935285 1.89535 0.170503 2.75773 
0.944897 1.90004 0.172789 2.7821 
0.954054 1.91317 0.179166 2.82528 
0.966626 1.90753 0.185642 2.83305 
0.979286 1.90992 0.192134 2.86178 
0.991562 1.92057 0.194592 2.90869 
1.00333 1.91476 0.185006 2.91033 
1.03384 1.91733 0.191498 2.95814 
1.04504 1.92798 0.194268 3.00505 
1.0357 1.9222 0.192465 3.05155 
1.0662 1.93286 0.198957 3.09846 
1.0548 1.92704 0.197351 3.14481 
1.06358 1.92105 0.199963 3.19082 
1.076 1.92882 0.202078 3.24054 
1.08898 1.92743 0.204305 3.2709 
1.10125 1.90894 0.197357 3.05521 
1.03935 1.89867 0.199001 3.07308 
1.07499 1.90567 0.200557 3.09145 
1.05878 1.89575 0.192922 3.04862 
1.0678 1.89426 0.199376 3.09934 
1.04862 1.88438 0.200986 3.11749 
1.08426 1.89138 0.202077 3.13103 
1.1199 1.89838 0.208531 3.1815 
1.15973 1.90179 0.214836 3.23429 
1.08608 1.86984 0.20044 3.17915 
1.12759 1.87182 0.206685 3.23287 
1.13906 1.86552 0.207403 3.2577 
1.18057 1.8675 0.20778 3.23027 
1.19154 1.86127 0.214025 3.24776 
1.20228 1.85494 0.214811 3.30144 
1.21216 1.8492 0.216002 3.32375 
1.18863 1.8436 0.212378 3.34383 
1.19694 1.83053 0.213457 3.32116 
1.20922 1.8283 0.213928 3.3326 
1.22323 1.81593 0.214531 3.38828 
1.23666 1.79663 0.215202 3.36618 
1.21336 1.77821 0.210394 3.34277 
1.26157 1.77359 0.21051 3.35241 
1.27304 1.76241 0.216375 3.41144 
1.28421 1.75779 0.222241 3.42374 
1.29463 1.74024 0.217222 3.43948 
1.30406 1.73011 0.218033 3.50174 
1.31306 1.72 0.218607 3.47212 
1.36556 1.70585 0.224174 3.48766 
1.34079 1.69289 0.218716 3.54628 
1.35549 1.67491 0.21927 3.55888 
1.36943 1.65323 0.219106 3.52861 
1.3825 1.63662 0.218597 3.5397 
1.39524 1.61998 0.218502 3.55183 
1.45107 1.60702 0.223838 3.61046 
1.41818 1.59109 0.223823 3.62483 
1.4281 1.57432 0.218889 3.59955 
1.43606 1.55999 0.224225 3.66289 
1.4961 1.54203 0.223559 3.7221 
1.46302 1.51745 0.218119 3.62559 
1.47573 1.4938 0.217843 3.64458 
1.48648 1.47103 0.222557 3.6551 
1.49533 1.44886 0.217702 3.66622 
1.5598 1.42563 0.218395 3.72605 
1.50474 1.4044 0.218656 3.68361 
1.5692 1.38118 0.219822 3.69063 
1.44065 1.37235 0.217449 3.67298 
1.50511 1.34913 0.222163 3.73281 
1.5736 1.32083 0.226625 3.79264 
1.5187 1.29722 0.223433 3.74632 
1.52641 1.27005 0.227535 3.8224 
1.53437 1.24276 0.226012 3.77452 
1.54162 1.21685 0.226364 3.7812 
1.54805 1.19214 0.227642 3.79707 
1.55352 1.1686 0.231744 3.87054 
1.56084 1.14538 0.229084 3.81107 
1.63508 1.10984 0.233186 3.8709 
1.70931 1.0743 0.237288 3.93073 
1.45711 1.11112 0.220558 3.71316 
1.54233 1.06115 0.224219 3.77145 
1.42275 1.06608 0.207339 3.59026 
1.43709 1.03697 0.211 3.66548 
1.52231 0.986994 0.214661 3.72377 
1.53707 0.957038 0.213591 3.72767 
1.5497 0.929821 0.212516 3.74203 
1.48626 0.904244 0.210962 3.75159 
1.57148 0.854273 0.209388 3.74302 
1.58013 0.856631 0.207739 3.76861 
1.66856 0.832534 0.205289 3.7829 
1.68701 0.79688 0.203641 3.79316 
1.54013 0.798663 0.196213 3.75618 
1.63766 0.732162 0.199838 3.81097 
1.73518 0.66566 0.203463 3.86576 
1.66482 0.671304 0.201468 3.88522 
1.67423 0.645955 0.194373 3.84533 
1.68184 0.622474 0.1925 3.86236 
1.69036 0.597998 0.190307 3.85643 
1.69582 0.577261 0.188675 3.87426 
1.70462 0.551982 0.186709 3.86592 
1.7237 0.512663 0.185597 3.8586 
1.64466 0.526181 0.184625 3.88809 
1.75586 0.441173 0.18388 3.87422 
1.77082 0.406505 0.177024 3.86461 
1.88201 0.321497 0.181337 3.84508 
1.80169 0.388128 0.180298 3.78156 
1.91288 0.303121 0.18461 3.83044 
2.02408 0.218114 0.188922 3.87931 
1.93671 0.188709 0.17715 3.89214 
1.20904 0.645788 0.131203 3.50072 
1.33529 0.601805 0.130521 3.41498 
0.820457 0.744368 0.106712 3.21015 
0.946703 0.639144 0.112848 3.25015 
1.07295 0.59467 0.118985 3.28103 
0.987073 0.549492 0.109516 3.19015 
1.00252 0.510733 0.10816 3.20591 
1.02153 0.467849 0.106402 3.17546 
1.14778 0.362625 0.112538 3.15578 
1.05678 0.386354 0.103162 3.14271 
1.18357 0.280408 0.109415 3.18229 
1.2157 0.220912 0.111475 3.17116 
1.1408 0.225706 0.105759 3.083 
1.28337 0.0989852 0.115372 3.11054 
1.20175 0.113642 0.110077 3.06378 
1.34433 0.0571694 0.111778 3.09603 
1.37562 0.00159505 0.121392 3.07 
1.40658 -0.125125 0.122944 3.03695 
1.43594 -0.178345 0.124519 3.02449 
1.34935 -0.153211 0.118005 3.03254 
1.49193 -0.279931 0.127618 3.00357 
1.41833 -0.349538 0.13456 2.92154 
1.45799 -0.418311 0.141512 2.89692 
1.37994 -0.400422 0.139634 2.84221 
1.53987 -0.463512 0.14625 2.87632 
1.6998 -0.612376 0.161617 2.88713 
1.24982 -0.314294 0.130006 2.72074 
1.40975 -0.463158 0.145373 2.73156 
1.31717 -0.419733 0.140903 2.70293 
1.4771 -0.467662 0.14581 2.75322 
1.38029 -0.518146 0.150723 2.68003 
1.55815 -0.583152 0.161846 2.65538 
1.73841 -0.75193 0.184549 2.65086 
1.39355 -0.6037 0.185155 2.5947 
1.5738 -0.772478 0.196115 2.59019 
1.48294 -0.719639 0.193874 2.55714 
1.66319 -0.888417 0.216577 2.55262 
1.70888 -0.946873 0.226314 2.51536 
1.7515 -1.11565 0.249017 2.51084 
1.78881 -1.04985 0.243589 2.50762 
1.82019 -1.09177 0.25016 2.52902 
2.02502 -1.26798 0.275223 2.53146 
2.0883 -1.19177 0.284323 2.55939 
2.14927 -1.36977 0.292986 2.53323 
2.04591 -1.27449 0.279693 2.56385 
2.09232 -1.30789 0.284114 2.60416 
2.14182 -1.34445 0.288355 2.5999 
2.1831 -1.37208 0.313984 2.66401 
2.22789 -1.4032 0.294408 2.63768 
2.26494 -1.4256 0.296986 2.69811 
1.95333 -1.13424 0.251905 2.71705 
2.17775 -1.322 0.280473 2.71206 
2.40721 -1.51334 0.310122 2.70372 
2.63666 -1.70468 0.316947 2.69537 
2.52748 -1.5917 0.324618 2.64574 
2.75694 -1.78304 0.354268 2.62738 
2.79884 -1.80346 0.359317 2.72287 
2.65715 -1.65856 0.339324 2.77071 
2.69049 -1.67163 0.342023 2.83018 
2.72821 -1.68931 0.345273 2.82453 
2.76504 -1.70597 0.348797 2.82798 
2.81654 -1.73206 0.355429 2.79838 
3.06136 -1.93105 0.387946 2.7789 
2.91396 -1.77388 0.369335 2.83326 
2.1422 -1.23516 0.270867 2.90658 
2.18661 -1.07276 0.280366 2.91974 
1.82274 -0.725348 0.248238 2.96933 
2.06756 -0.924344 0.280755 2.94985 
2.31239 -1.12334 0.313272 2.93036 
2.35641 -1.1434 0.325704 2.9193 
2.60123 -1.14729 0.358221 2.9885 
2.42544 -1.16246 0.349151 2.96853 
2.67906 -1.36153 0.383389 2.93917 
1.2735 -0.123724 0.257706 2.93533 
1.32255 -0.148889 0.275705 2.92709 
0.239931 0.758939 0.221014 2.76272 
0.493555 0.559867 0.255253 2.73336 
0.573353 0.360795 0.289492 2.72627 
0.652477 0.441241 0.30769 2.62369 
0.0767902 0.881411 0.294342 2.38884 
0.330414 0.798357 0.317429 2.32646 
0.582784 0.60409 0.352066 2.29265 
0.528506 0.523675 0.365252 2.20286 
0.328957 0.657327 0.387694 2.09037 
0.580095 0.467784 0.407232 2.05218 
0.406417 0.569612 0.393343 1.87346 
0.657555 0.380069 0.428373 1.83528 
0.908693 0.190526 0.463402 1.7971 
1.15983 0.000983244 0.478824 1.75892 
1.41097 -0.18856 0.513853 1.72073 
1.25139 -0.195409 0.548883 1.59647 
1.36219 -0.375855 0.541871 1.5548 
1.59299 -0.370274 0.554176 1.45193 
1.52607 -0.343801 0.534452 1.46522 
1.6073 -0.415772 0.538302 1.41884 
1.69484 -0.49365 0.541502 1.34127 
1.92564 -0.661967 0.576896 1.29495 
1.86089 -0.737938 0.577657 1.231 
2.09169 -0.811809 0.576292 1.19533 
2.01722 -0.786318 0.533248 1.17504 
2.24802 -0.954635 0.568642 1.12872 
2.14277 -0.905821 0.518516 1.13242 
2.32698 -0.934727 0.554582 1.1037 
2.18247 -0.959486 0.500619 1.09917 
2.36668 -1.09271 0.536685 1.04504 
2.37375 -1.10869 0.525579 1.07005 
2.01861 -0.881823 0.41638 1.1748 
2.02387 -1.01505 0.452446 1.12066 
2.20807 -1.14827 0.488512 1.06653 
2.03501 -0.918739 0.429498 1.11987 
2.21922 -1.05196 0.419906 1.06574 
2.3806 -1.17093 0.456392 1.00955 
1.92917 -0.869599 0.360035 1.12323 
2.03106 -0.951399 0.397617 1.06169 
2.13294 -0.899232 0.435199 1.0413 
1.66594 -0.713716 0.343926 1.12381 
1.76783 -0.795516 0.381508 1.09443 
1.49523 -0.610735 0.336023 1.07577 
1.59711 -0.692534 0.373605 1.01423 
1.51172 -0.640125 0.371341 1.00182 
1.6136 -0.721925 0.408923 0.983055 
1.12307 -0.380347 0.329247 1.03507 
0.910752 -0.255161 0.329414 1.00473 
0.885958 -0.26581 0.368704 0.937304 
0.861165 -0.142983 0.407993 0.855016 
0.469995 -0.0204077 0.373589 0.875376 
0.266331 -0.0310572 0.37415 0.842141 
-0.105749 0.342783 0.377129 0.806276 
-0.461743 0.576099 0.38051 0.729537 
-0.486537 0.565449 0.384272 0.717776 
-0.82244 0.672569 0.35777 0.675197 
-1.15768 1.00598 0.304567 0.650019 
-1.49224 1.09163 0.342269 0.581223 
-1.69228 1.28011 0.350339 0.46616 
-2.02041 1.46458 0.360635 0.452692 
-2.22045 1.64096 0.370489 0.35937 
-2.64265 1.8106 0.381456 0.266091 
-2.84269 1.97076 0.393719 0.156391 
-3.13446 2.05641 0.431421 0.0875947 
-3.48686 2.32609 0.389429 -0.0681079 
-3.75099 2.41174 0.427132 -0.136904 
-4.01274 2.55468 0.439858 -0.217368 
-4.36058 2.80332 0.450691 -0.327859 
-4.69374 3.00667 0.484861 -0.415998 
-5.02033 3.29167 0.447073 -0.74692 
-5.29239 3.52273 0.416357 -0.81632 
-5.59325 3.72608 0.450527 -0.904458 
-5.8941 3.92942 0.484698 -0.992597 
-5.94811 4.06206 0.445141 -1.31087 
-6.24897 4.23185 0.455646 -1.47243 
-6.54982 4.4352 0.489817 -1.56057 
-6.64397 4.52828 0.466185 -1.82714 
-7.01094 4.85396 0.52751 -1.92228 
-7.37962 5.18281 0.589537 -2.01759 
-7.47869 5.35591 0.576733 -2.42973 
-7.68265 5.48278 0.593684 -2.82727 
-7.88495 5.81162 0.655711 -2.92258 
-8.07191 6.02701 0.628202 -3.06668 
-8.24248 6.22958 0.645094 -3.24457 
-8.39831 6.42015 0.660473 -3.43038 
-8.52987 6.59124 0.674303 -3.66425 
-8.89855 6.92008 0.73633 -3.75957 
-8.6427 7.05121 0.72159 -3.94289 
-9.1449 7.52863 0.807448 -4.02225 
-9.6471 7.63828 0.845428 -4.18804 
-9.24349 7.65439 0.758206 -4.73286 
-9.74569 7.89779 0.778655 -4.90345 
-9.93391 8.37521 0.864513 -4.90861 
-10.1192 8.85263 0.950372 -4.98797 
-9.89877 8.8101 0.842984 -5.22295 
-10.401 9.00746 0.928842 -5.44275 
-10.154 9.19224 0.945377 -5.49869 
-10.7389 9.38983 0.888382 -5.58703 
-11.3415 9.90129 0.88069 -5.62103 
-11.1487 9.75407 0.729548 -5.76751 
-11.3369 9.91433 0.650189 -5.97481 
-11.0929 9.69334 0.514639 -6.04321 
-11.6955 10.2048 0.506947 -6.07721 
-10.949 9.92343 0.351341 -6.13865 
-11.0861 9.59831 0.304636 -6.39276 
-11.2293 9.68387 0.262282 -6.50993 
-10.4342 10.1953 0.177761 -6.24328 
-10.4867 10.804 0.145602 -6.19019 
-10.9916 11.0155 0.08672 -6.25214 
-10.5351 9.35074 0.0202007 -6.6954 
-10.5361 9.48872 -0.0256393 -6.81938 
-10.556 9.1353 -0.0696585 -6.86623 
-10.5702 9.77674 -0.111253 -6.80307 
-11.0751 10.4182 -0.151658 -6.7985 
-9.61312 7.92522 -0.1397 -6.86925 
-10.118 8.56666 -0.180106 -6.86469 
-10.6229 9.20811 -0.220512 -6.86013 
-11.1761 9.38682 -0.333145 -6.86605 
-8.81992 8.51649 -0.421439 -6.79828 
-9.39663 9.27168 -0.548146 -6.66402 
-9.97334 10.0269 -0.695989 -6.57054 
-9.57485 9.68235 -0.818106 -6.42968 
-10.1516 10.4375 -0.923954 -6.33621 
-9.75945 10.0445 -1.01815 -6.24746 
-10.3362 10.7996 -1.10355 -6.15399 
-9.96619 10.3979 -1.1818 -6.00902 
-9.12717 9.3853 -1.0922 -6.08023 
-8.79064 9.03803 -1.14467 -6.05309 
-8.91549 9.28605 -1.37824 -6.03154 
-8.06603 8.95496 -1.36995 -5.90516 
-8.68345 9.22682 -1.52077 -5.67534 
-8.79648 9.48685 -1.75434 -5.53303 
-9.4139 10.3449 -1.89537 -5.31243 
-9.5272 10.6194 -2.03759 -5.07776 
-9.62925 10.883 -2.1738 -4.92364 
-9.73 11.1231 -2.40738 -4.79311 
-9.84934 11.3485 -2.37735 -4.60982 
-9.57928 10.9794 -2.49553 -4.42501 
-10.2389 11.9374 -2.65786 -4.13002 
-10.8985 12.8954 -2.99112 -3.83503 
-10.6682 12.5594 -2.98581 -3.95305 
-10.8605 12.8337 -2.92229 -3.88129 
-11.0682 13.1253 -3.25554 -3.59405 
-11.7278 14.0833 -3.57754 -3.29906 
-11.4662 13.6876 -3.8335 -4.72226 
-11.6451 13.9539 -4.16676 -4.51863 
-11.8008 14.9119 -4.38733 -4.09668 
-11.9739 14.4928 -4.49447 -3.65832 
-12.1633 14.8357 -4.77617 -3.1514 
-11.7871 14.4277 -4.84579 -2.72854 
-12.4962 15.4854 -5.28693 -2.29743 
-11.5371 14.3185 -5.04541 -2.07485 
-12.2462 14.6281 -5.48655 -1.69729 
-11.7987 14.8963 -5.38725 -1.62081 
-12.5078 15.9541 -5.82839 -1.1897 
-12.0243 15.423 -5.67443 -1.16789 
-12.1266 14.8478 -5.79743 -1.10335 
-11.7498 15.3607 -5.73217 -0.91317 
-11.1832 14.1278 -5.36509 -0.856507 
-10.0082 13.7119 -5.33084 -0.95138 
-8.17997 11.5847 -4.58519 -1.50543 
-3.21735 5.21836 -2.0546 -1.28678 
-2.6508 4.80239 -2.02035 -1.19329 
-1.42686 3.56339 -1.60754 -0.294877 
-0.860318 3.14743 -1.57329 -0.20139 
0.154513 2.16712 -1.23589 0.816536 
0.721058 1.75116 -1.20164 0.910023 
0.980295 1.65815 -1.1243 1.06118 
0.742352 2.02135 -1.16862 2.32271 
0.29094 2.64701 -1.4192 3.2136 
-0.196393 3.29427 -1.58401 3.86541 
-0.674696 3.87673 -1.74531 3.95689 
-1.153 4.55884 -1.99588 4.24646 
-1.54134 4.78395 -2.03767 3.1188 
-1.90875 5.09015 -2.01659 2.38653 
-2.38705 5.77226 -2.02901 1.83089 
-2.63388 4.50632 -2.16387 1.49123 
-3.02788 5.10246 -2.40327 1.52343 
-2.38639 3.98961 -1.96651 -0.245827 
-2.47886 4.27827 -2.16592 0.0164845 
-2.57133 4.20496 -2.36532 0.246194 
-2.48829 4.49362 -2.45553 0.508505 
-2.58076 4.78228 -2.65494 0.637431 
-2.22278 4.4818 -2.47152 1.38255 
-1.9982 4.14174 -2.34733 1.68171 
-2.09067 4.4304 -2.54673 1.94402 
-2.18314 4.71906 -2.74614 2.11687 
-1.94256 4.35643 -2.58609 2.22852 
-1.92331 4.15926 -2.66248 2.41995 
-1.41814 3.64319 -2.35807 2.62754 
-1.39889 3.78913 -2.43446 2.90656 
-1.37964 3.93506 -2.31376 3.30859 
-1.09561 3.49774 -2.02504 3.53704 
-1.07635 3.64368 -2.10143 3.93906 
-0.835299 3.26049 -1.87559 3.07165 
-0.718688 3.16305 -1.78986 3.63886 
-0.699434 3.30899 -1.86625 4.04089 
-0.584786 3.22126 -1.76787 4.52146 
-0.227025 2.57493 -1.2605 4.65331 
0.00871822 2.20433 -0.919845 4.97193 
0.174502 2.04335 -0.75428 5.14535 
0.29704 2.05831 -0.762613 5.50757 
0.476321 1.61982 -0.428191 6.10632 
0.598859 1.63479 -0.436524 6.29611 
0.721397 1.64975 -0.444856 6.65833 
0.843934 1.66471 -0.453189 7.02055 
0.930126 1.22315 0.351128 7.13143 
1.01946 1.1417 0.646544 7.23142 
1.1986 1.03756 0.690294 7.5185 
1.31812 0.676076 1.15994 7.50037 
1.53766 0.570926 1.20413 7.78682 
1.69792 0.319071 1.24832 8.19018 
1.77516 0.167987 1.55846 8.29696 
1.89285 0.049673 1.73201 8.70486 
2.11239 -0.0554766 1.7762 8.99131 
1.7233 -0.171619 2.38475 8.81298 
1.81032 -0.277234 2.52575 8.91918 
1.90122 -0.39035 2.65978 8.96859 
2.04901 -0.609856 2.83597 8.94268 
2.32588 -0.825299 2.93353 9.1556 
2.47544 -1.04487 3.10899 9.22197 
2.45718 -1.12437 3.34733 9.72836 
2.56849 -1.33981 3.5052 9.75854 
2.48784 -1.38466 3.70271 9.97324 
2.76472 -1.50082 3.80027 10.3208 
3.04159 -1.71626 3.93759 10.5337 
2.75595 -1.75453 4.06746 10.4068 
2.82796 -1.96998 4.19029 10.3034 
3.05243 -2.14954 4.29562 10.7085 
3.06157 -2.34597 4.39016 10.8393 
3.06833 -2.53976 4.47893 10.9583 
3.07102 -2.72738 4.56177 11.0872 
3.06848 -2.90253 4.63927 11.2596 
1.53947 -2.07527 4.52759 9.91 
1.61946 -2.21964 4.518 9.76434 
1.69804 -2.43277 4.54818 9.90444 
1.77112 -2.61795 4.57653 10.3213 
1.98563 -2.93429 4.6582 10.4141 
1.88864 -2.99769 4.63403 10.8406 
1.91005 -3.17983 4.67237 11.3422 
1.94175 -3.37549 4.70681 11.5295 
2.13184 -3.78378 4.80664 11.7373 
2.04616 -3.83026 4.76848 11.4897 
2.08316 -4.00662 4.79838 11.8455 
2.27325 -4.41491 4.89821 12.0534 
2.14467 -4.29932 4.85248 12.438 
2.15827 -4.39116 4.87966 12.9438 
2.17636 -4.48426 4.90388 13.2061 
2.14826 -4.63461 4.94397 13.374 
1.93832 -4.49299 4.91124 13.391 
2.06157 -4.98614 5.03623 13.5794 
2.01875 -5.47929 5.08056 13.6287 
2.142 -5.6422 5.20555 13.7564 
1.59671 -5.07293 5.08052 14.2113 
1.71996 -5.16602 5.12004 14.4396 
1.69486 -5.30017 5.1567 14.3257 
1.6934 -5.79332 5.28169 14.5141 
1.81665 -6.28647 5.40668 14.7025 
1.74591 -6.0535 5.3622 14.2302 
1.62854 -6.43386 5.51115 14.3968 
1.65136 -6.81422 5.6601 14.5633 
1.38847 -6.42138 5.6183 14.6692 
1.28526 -6.01057 5.56768 14.7812 
1.30808 -5.99804 5.61375 14.8222 
0.778104 -4.78694 5.32125 14.2578 
0.55133 -3.73138 4.83038 12.2051 
0.574151 -4.11174 4.97933 12.3717 
0.561227 -4.24438 4.99033 12.1993 
0.364168 -3.64321 4.71844 12.5 
0.248048 -3.6735 4.727 12.5011 
0.119626 -3.28585 4.43507 11.6203 
0.0258995 -3.36425 4.4398 11.7598 
-0.0688522 -3.23562 4.29345 11.5713 
-0.148019 -3.55121 4.44777 11.9047 
-0.21109 -3.0325 4.0148 11.3186 
-0.290257 -3.3481 4.16912 11.6519 
-0.358548 -3.45095 4.17992 11.8627 
-0.437715 -3.76655 4.33424 12.196 
-0.472619 -3.4067 4.06342 12.0843 
-0.622743 -3.38223 4.05806 12.4492 
-0.772866 -3.59854 4.18321 12.8094 
-0.870314 -3.32161 4.05444 12.9928 
-0.980736 -3.28713 4.06253 13.2898 
-1.07991 -3.26478 4.07146 13.4127 
-1.16909 -3.25072 4.08474 13.5257 
-1.25013 -3.2405 3.99499 13.4415 
-1.40025 -3.45682 4.12014 13.8017 
-1.12228 -2.60193 3.84539 13.0883 
-1.2182 -2.5694 3.85755 13.1779 
-1.37725 -2.4708 3.74391 12.9933 
-1.4441 -2.21802 3.82901 13.1632 
-1.69862 -2.30653 3.81459 13.3363 
-1.86022 -2.22783 3.80109 13.4509 
-2.11474 -2.31633 3.88619 13.8481 
-2.27102 -2.24465 3.87469 13.9491 
-2.14917 -1.89839 3.78389 13.6762 
-2.25512 -1.98689 3.71123 13.6273 
-2.50964 -2.0754 3.79633 14.0246 
-2.6417 -1.74179 3.71624 13.7462 
-2.83522 -1.60671 3.69104 13.9604 
-2.843 -1.47523 3.73157 14.3557 
-2.09644 -0.965828 3.31813 12.4873 
-2.44671 -0.95408 3.35866 12.9263 
-2.49189 -0.69618 3.24234 12.5699 
-2.58235 -0.549419 3.10337 12.2211 
-2.787 -0.49972 3.06174 12.2741 
-2.9738 -0.466335 3.01975 12.2055 
-2.97356 -0.433608 2.97887 12.2327 
-3.15626 -0.36561 2.86301 12.0345 
-2.96779 -0.174771 2.61782 11.3979 
-3.20433 -0.0556861 2.61663 11.8767 
-3.24011 0.106193 2.5571 11.7442 
-3.47294 0.232125 2.43177 11.8097 
-3.91009 0.351211 2.43058 12.2885 
-4.34723 0.446777 2.42939 11.9478 
-4.12998 0.545662 2.25385 12.0045 
-4.56712 0.664747 2.25266 12.4833 
-4.78466 0.767653 2.20455 12.7255 
-4.99521 0.867857 2.15266 12.749 
-4.96509 0.970849 2.05993 12.3086 
-5.15607 1.20478 2.02014 12.8177 
-4.99483 1.14511 1.98395 12.1243 
-5.51075 1.27736 1.95366 12.5716 
-5.31407 1.4215 1.94201 12.8283 
-5.82999 1.65543 1.91172 12.9887 
-5.98669 1.68861 1.89643 13.0998 
-6.13295 1.92255 1.88571 13.6089 
-6.64887 2.15648 1.85542 13.4655 
-6.37687 2.11809 1.88049 12.9819 
-6.53061 2.2811 1.89137 13.2473 
-7.11778 2.62196 1.85599 13.7678 
-6.82566 2.61984 1.91495 13.3929 
-6.93659 2.74649 1.93881 13.3183 
-7.04049 2.87083 1.90343 13.3169 
-7.16095 3.02261 1.99114 13.4915 
-7.26189 3.14817 2.02579 13.5666 
-7.34696 3.25094 2.06206 13.5077 
-7.44337 3.36977 2.16457 13.1751 
-7.54324 3.71147 2.12946 13.6954 
-8.19427 4.15219 2.126 14.1964 
-5.92434 3.00235 2.48743 12.8657 
-6.57537 3.44307 2.48397 13.3667 
-6.42219 3.55455 2.53729 13.9792 
-6.61287 3.71188 2.56643 13.8547 
-6.30656 3.52043 2.61883 10.8824 
-6.95759 3.96115 2.61537 11.3834 
-7.12335 4.40187 2.61191 11.8845 
-7.31623 4.25367 2.63438 11.5524 
-5.17961 3.03401 2.72935 10.1688 
-3.95161 3.49539 2.80443 10.6086 
-4.36155 2.89071 2.38343 8.36371 
-4.77834 3.18453 2.37095 8.46061 
-5.21272 3.64741 2.4517 8.89606 
-5.38659 3.95353 2.44533 9.02881 
-6.09408 4.07825 2.33728 8.59568 
-3.91182 2.39396 1.66434 5.82204 
-4.61932 2.85683 1.63857 6.12075 
-4.74106 3.03836 1.71932 7.07509 
-4.79701 3.50123 1.57498 6.63192 
-5.5457 3.90818 1.7871 6.95579 
-5.64372 3.40135 1.81246 5.36307 
-6.39928 3.79898 1.93972 5.66834 
-6.78226 3.89558 2.08057 5.37773 
-7.11181 4.29322 2.22495 5.68301 
-7.43226 3.9926 2.36908 4.67208 
-8.18782 4.39023 2.51625 4.97736 
-8.03144 4.13604 2.66463 4.677 
-8.787 4.53367 2.81291 4.98228 
-8.5505 4.60077 2.9601 4.95001 
-8.19461 4.1649 3.27151 4.29897 
-8.989 4.01909 3.62485 4.03387 
-9.7834 4.28077 4.06764 4.38514 
-9.99604 3.53617 4.21523 4.3131 
-9.05675 3.48133 4.55043 4.45312 
-9.85115 3.74301 4.99322 4.80439 
-10.6455 4.0047 5.436 5.15566 
-11.4399 3.68097 5.62414 5.15978 
-12.2343 3.58724 5.93193 4.86578 
-10.5286 3.50025 6.23052 4.81411 
-11.192 3.67593 6.85748 5.09085 
-11.1261 3.1658 7.25081 4.88898 
-9.63708 2.39479 7.40028 4.63291 
-9.54555 2.53464 8.10399 4.87859 
-10.1544 2.67449 8.80769 5.12426 
-8.17992 2.05001 8.597 5.73874 
-8.20633 2.04866 9.03231 5.96156 
-8.23261 2.0258 9.45337 6.20494 
-8.25965 1.98611 9.85888 6.35055 
-8.86852 1.93863 10.5626 6.49935 
-8.26004 1.86949 10.6533 6.37554 
-8.77051 1.76764 11.3959 5.5294 
-8.11932 1.68351 11.7931 5.48875 
-8.05318 1.78808 12.5357 5.37369 
-8.00153 1.53174 12.1395 5.4585 
-7.94831 1.46284 12.461 5.40632 
-8.45879 1.56741 13.2036 5.38714 
-7.86477 1.35319 13.0543 5.62763 
-8.37524 1.45776 13.7969 5.72208 
-5.85625 0.93076 12.6048 6.44369 
-5.96158 0.905346 11.9567 6.62868 
-6.10826 0.821993 12.3764 6.69494 
-6.69005 0.811674 13.3012 6.76403 
-6.41643 0.625501 13.1965 6.65093 
-6.56548 0.510894 14.1214 6.60678 
-7.14728 0.500576 14.5076 6.57649 
-6.88318 0.315222 14.3322 6.64969 
-7.46498 0.304904 15.257 6.71877 
-6.74063 0.0494529 14.4117 6.65178 
-5.22173 -0.110827 12.2198 7.51653 
-5.38592 -0.162167 12.5758 7.77316 
-5.88687 -0.277025 13.598 7.85436 
-5.62108 -0.414861 13.3728 7.82286 
-5.73676 -0.547139 13.7572 7.77047 
-6.23771 -0.661997 14.1426 7.85105 
-5.60434 -0.775105 13.8782 7.99592 
-5.35281 -0.850814 13.5886 8.14556 
-5.49059 -0.9345 14.6108 8.31606 
-5.99154 -1.04936 14.9713 8.36314 
-5.40022 -1.06156 15.3342 8.24797 
-5.89371 -1.21564 16.3949 8.37097 
-6.00809 -1.42773 17.5125 8.43868 
-6.1295 -1.5631 18.6302 8.62411 
-6.61194 -1.73044 19.7479 8.66624 
-6.72956 -1.8899 20.1861 8.91884 
-6.84459 -2.03612 16.9435 9.07887 
-6.5755 -2.17276 17.2717 9.0836 
-6.67217 -2.29736 17.5701 9.21866 
-6.76467 -2.41483 17.857 9.41428 
-6.44187 -2.41106 18.115 9.64506 
-6.92854 -2.65239 18.3761 9.81437 
-7.01294 -2.836 18.6476 10.1865 
-7.5083 -3.00643 18.904 10.5871 
-7.57849 -3.1715 19.1443 10.9685 
-8.07384 -3.4728 20.3022 11.2409 
-8.5692 -3.45517 19.569 11.9049 
-9.06455 -3.57535 19.7541 12.4487 
-9.13101 -3.69063 19.9319 12.9382 
-9.62637 -3.78891 20.0999 13.4711 
-7.88895 -3.88509 20.2559 13.9022 
-8.3987 -3.99673 20.3869 14.4275 
-8.95115 -4.37911 21.5 15.0961 
-9.5036 -4.5449 21.5 15.6389 
-10.0561 -4.70422 21.5 16.2622 
-10.6085 -4.62849 20.7384 17.0413 
-11.161 -5.01088 20.8256 17.71 
-7.90147 -4.85459 20.9095 18.7355 
-8.45392 -5.23698 21.5 19.4042 
-8.50514 -5.32773 21.0337 20.1304 
-8.03685 -5.12981 21.0986 20.7968 
-8.51224 -5.52503 21.0732 21.5 
-7.58293 -5.36349 19.5895 21.5 
-7.16904 -5.5087 20.2554 21.5 
-6.75765 -5.64476 18.8008 21.5 
-6.35885 -5.76144 19.4667 21.5 
-5.97724 -5.85665 19.0717 21.5 
-5.61136 -6.31178 18.6819 21.5 
-5.26529 -5.9968 13.2746 21.5 
-4.49803 -4.58599 13.9404 21.5 
-1.66876 -3.61834 10.0014 21.5 
-1.49974 -3.78295 9.71303 21.5 
-1.71624 -3.6838 9.79457 21.5 
-1.41766 -3.33981 8.99685 19.393 
-1.19636 -2.68848 7.40669 18.2987 
-1.41286 -2.32224 6.73727 17.2819 
-1.62935 -2.22309 6.81881 16.6879 
-1.84585 -2.12393 6.90036 16.0939 
-1.62009 -1.60094 6.9819 14.9534 
-1.83658 -1.32524 5.40935 8.82046 
-0.739996 -0.956326 1.57244 3.06186 
-0.747604 -0.881687 1.66897 1.49906 
-0.419693 -1.22147 1.04006 -0.10624 
-0.286726 -2.04377 1.35937 -0.610379 
-0.330215 -2.91694 2.03535 -0.265185 
-0.209347 -3.74503 2.40495 -0.43884 
-0.252836 -4.6182 3.08093 -0.0936454 
-0.0763097 -5.17997 3.30499 1.49171 
-0.0869501 -6.05313 3.77672 2.0744 
-0.130439 -6.57073 4.4527 3.66395 
-0.131795 -6.66357 4.70572 5.37106 
-0.159034 -7.11915 5.15919 6.14136 
-0.122796 -7.19601 5.21558 6.63237 
0.198867 -4.76655 3.68278 5.46672 
0.226684 -4.92661 3.95035 5.68926 
0.364303 -5.09112 3.48815 5.59658 
0.39212 -5.22302 3.75571 5.71551 
0.448335 -5.3618 3.51841 5.71337 
0.476152 -5.86329 3.78597 5.74093 
0.55467 -6.00141 2.84484 5.72066 
0.687042 -4.41942 2.69067 4.03118 
0.714859 -4.92091 2.76522 4.05873 
0.857929 -5.37096 2.68323 3.93731 
1.01068 -5.20432 2.5837 3.92502 
1.13837 -5.27106 2.4745 4.07794 
1.26282 -5.33017 2.36988 4.13897 
1.37472 -5.36229 2.46655 4.14609 
1.48999 -5.40967 2.35718 4.01352 
1.59411 -5.43902 2.05641 3.88331 
1.70005 -5.48436 1.96365 3.68727 
1.86214 -5.927 1.87022 3.43904 
1.88544 -5.54917 1.78804 3.3628 
2.06532 -5.54958 1.57783 3.11576 
2.2707 -5.55957 1.51395 2.78669 
2.28649 -4.79396 0.829718 2.27061 
2.57539 -5.21356 0.765837 1.97071 
1.82172 -2.47732 -0.0946476 -0.380593 
2.0428 -2.48841 -0.281266 -0.749197 
2.12428 -2.65079 -0.32717 -1.67013 
2.19895 -2.9364 -0.392374 -1.70735 
2.04666 -2.63185 -0.380365 -1.58627 
2.33556 -3.05146 -0.444247 -1.88617 
2.12826 -2.4522 -0.346177 -1.67204 
2.53844 -2.55348 -0.562994 -2.0097 
2.94862 -2.92235 -0.732795 -2.45415 
3.3588 -2.72794 -0.949611 -2.06641 
2.97446 -2.96841 -0.975079 -2.45639 
2.83591 -2.46467 -1.04311 -2.45487 
3.10586 -2.66653 -1.20915 -2.92664 
3.06641 -2.7055 -1.3056 -3.14003 
3.47659 -3.07438 -1.52242 -3.58447 
3.21142 -2.57109 -1.32513 -3.25623 
3.51533 -2.89895 -1.63666 -3.78654 
3.85442 -3.02168 -1.92069 -4.09428 
4.19729 -3.32718 -2.28388 -4.67143 
4.34848 -3.28269 -2.48055 -4.92308 
4.87402 -3.58818 -2.84375 -5.50023 
5.18829 -3.52359 -3.01817 -5.99726 
5.71382 -3.82908 -3.38137 -6.57441 
5.71599 -3.63531 -3.55648 -6.79421 
6.24153 -3.6643 -3.79829 -7.08166 
6.13751 -3.6823 -4.16148 -7.37762 
6.35983 -3.63736 -4.4642 -7.80663 
6.61865 -3.57724 -4.62528 -7.60302 
7.25322 -3.81729 -5.12886 -8.30152 
7.50001 -3.76793 -5.40798 -8.83573 
6.95912 -3.24925 -5.1632 -9.27419 
7.59369 -3.48931 -5.66678 -9.97269 
8.22825 -3.72936 -5.9001 -10.5161 
7.08703 -2.92828 -5.81886 -10.2497 
7.72159 -3.16834 -6.00713 -10.4194 
8.35616 -3.40839 -6.51071 -11.1179 
8.54762 -3.35507 -6.77658 -11.9284 
8.78563 -3.28649 -7.09802 -12.8968 
8.97207 -3.18531 -7.3997 -13.52 
9.14477 -3.08909 -7.66507 -13.9978 
9.88186 -3.26834 -7.89069 -14.8067 
9.45389 -2.92743 -8.08586 -14.7901 
10.191 -3.10668 -8.72407 -15.599 
9.675 -2.78093 -8.40213 -16.516 
9.7543 -2.71302 -9.04034 -17.3576 
9.83298 -2.66505 -8.60116 -18.3005 
10.6105 -2.82204 -9.29351 -19.1513 
10.1138 -2.53026 -8.88686 -20.3389 
10.2479 -2.65654 -9.65391 -21.2477 
11.0812 -2.5665 -10.421 -21.5 
11.9144 -2.69279 -10.5917 -17.1202 
9.30533 -2.61555 -8.115 -15.9661 
9.49274 -1.6281 -7.4956 -17.7648 
8.43538 -1.75438 -7.68254 -18.6735 
8.06176 -1.76227 -6.88608 -12.9164 
8.895 -1.77002 -7.65314 -13.8217 
9.15126 -1.76525 -7.76271 -13.9423 
9.45424 -1.73045 -8.03366 -14.8182 
10.3776 -1.81213 -8.92349 -15.8168 
10.0509 -1.66254 -9.243 -17.0337 
10.9742 -1.74422 -9.56498 -18.0323 
10.5884 -1.56933 -9.29471 -17.7768 
10.8517 -1.53205 -9.57878 -18.0579 
11.0824 -1.48778 -9.85306 -18.0631 
12.0058 -1.56946 -10.7429 -19.0617 
10.1571 -1.23669 -10.419 -20.3471 
11.1032 -1.30823 -9.45333 -19.3029 
12.1112 -1.27831 -10.4594 -20.5366 
10.3971 -1.06499 -9.31904 -18.0602 
11.4051 -1.10898 -10.3251 -19.1393 
12.4131 -1.15296 -11.3312 -20.2184 
11.2726 -1.03228 -11.0094 -20.5603 
12.2806 -1.07627 -11.3541 -20.9987 
13.2885 -1.04054 -11.0169 -21.5 
13.5276 -0.989511 -12.023 -21.5 
12.908 -0.829851 -12.2962 -21.5 
7.10499 -0.627077 -6.44886 -16.479 
8.19267 -0.637768 -6.86091 -17.6302 
8.17206 -0.671501 -5.97131 -15.0478 
9.25975 -0.682192 -7.08662 -16.1989 
6.49878 -0.592816 -4.9603 -8.89134 
7.58647 -0.603506 -6.07561 -10.0425 
7.37624 -0.497401 -6.17692 -10.7639 
8.46392 -0.508092 -7.29223 -11.915 
9.55161 -0.518782 -8.40754 -13.0662 
9.66071 -0.41457 -8.75968 -13.5543 
10.1939 -0.351787 -9.88696 -14.7067 
10.6758 -0.262559 -10.2204 -15.862 
11.7384 -0.24138 -11.4374 -17.078 
11.4936 -0.0740671 -11.589 -18.1712 
12.5561 0.00114245 -12.806 -19.1727 
12.2106 0.0668823 -12.7536 -20.1823 
13.2731 0.0880614 -13.9706 -21.3983 
13.5866 0.177901 -13.7674 -21.5 
9.75707 0.196061 -10.5426 -20.4595 
10.8196 0.21724 -11.7596 -21.5 
11.8691 0.239639 -12.9525 -21.5 
9.64681 0.135826 -10.4916 -21.5 
10.398 0.186037 -11.1351 -21.5 
10.4048 0.229925 -10.9931 -21.5 
11.156 0.280136 -11.6366 -21.5 
10.4024 0.326123 -10.6358 -21.5 
10.3757 0.357307 -10.4585 -21.5 
11.1269 0.407518 -11.1019 -21.5 
8.93322 0.345029 -8.4214 -21.5 
9.68438 0.339206 -9.06489 -21.5 
9.72869 0.342109 -8.95119 -21.5 
9.63018 0.358144 -8.83617 -21.5 
9.49156 0.395553 -8.74413 -21.5 
9.35474 0.431247 -8.67339 -21.5 
9.20968 0.429747 -8.61402 -21.5 
9.06504 0.492549 -8.54208 -21.5 
9.65169 0.55535 -9.15045 -21.5 
8.19556 0.450794 -8.32397 -18.0301 
8.78221 0.513595 -8.22168 -18.4459 
8.05346 0.521849 -7.48643 -17.7718 
8.6401 0.535571 -8.09481 -16.9218 
7.83136 0.454911 -6.81073 -8.51229 
7.64961 0.508763 -6.51509 -6.26083 
8.10671 0.562615 -7.06987 -6.84125 
8.56381 0.616467 -7.62464 -7.42166 
7.79094 0.542505 -6.86279 -6.84952 
7.63101 0.480268 -6.88482 -7.79457 
7.48422 0.53412 -6.93821 -8.5805 
6.77656 0.530909 -6.51283 -8.86004 
7.23366 0.528671 -7.06761 -9.43033 
7.12941 0.528945 -7.13282 -9.80502 
6.92702 0.471704 -7.03033 -10.1336 
6.69741 0.50335 -7.37127 -10.4513 
6.48214 0.489939 -6.7034 -10.5557 
6.28195 0.47415 -6.5309 -10.5922 
6.09679 0.456895 -6.36041 -10.6027 
5.91671 0.442408 -6.19737 -10.5864 
5.28685 0.377471 -5.55367 -10.5893 
5.60782 0.409116 -5.89461 -10.477 
5.47568 0.347456 -5.76194 -10.4565 
5.79666 0.379102 -6.10287 -10.8037 
4.69846 0.302032 -4.96917 -9.82798 
4.8264 0.305945 -5.10738 -9.96165 
4.95433 0.309859 -4.82466 -10.0953 
4.29802 0.235034 -4.554 -9.40666 
4.42595 0.203794 -4.69221 -9.50723 
3.82164 0.172233 -4.04456 -8.77256 
3.61016 0.107557 -4.18277 -8.8804 
3.73809 0.111471 -3.59731 -8.06478 
2.43502 -0.0096382 -2.52549 -6.34027 
2.33082 -0.029981 -2.6637 -6.43923 
1.92709 -0.0853479 -2.19406 -5.98901 
1.69235 -0.125204 -1.73886 -5.89971 
1.64016 -0.147429 -1.68699 -5.83744 
1.12009 -0.241167 -0.260344 -1.08548 
0.160926 -0.256835 -0.164442 -0.780861 
0.0948466 -0.274127 -0.096404 -0.599892 
0.0410002 -0.263554 -0.0275111 -0.18088 
-0.0111908 -0.275594 0.0243607 -0.11004 
-0.0334378 -0.277329 0.0517834 0.0661025 
-0.0856289 -0.299555 0.103655 0.128366 
0.0762375 -0.275284 -0.052354 0.0499164 
0.39965 -0.213698 -0.364406 -0.160776 
0.686918 -0.175182 -0.643706 -0.413154 
0.99927 -0.105756 -0.959307 -0.611638 
1.28074 -0.0481569 -1.24654 -0.950186 
1.56801 -0.0096414 -1.52584 -1.20256 
1.7837 0.0734415 -1.75884 -1.81488 
2.01849 0.124524 -2.03814 -2.07684 
2.24134 0.172148 -2.20235 -2.53441 
2.36859 0.214158 -2.31889 -2.86742 
2.5086 0.23293 -2.45502 -2.99043 
2.02537 0.219619 -2.04071 -2.95069 
2.02537 0.219619 -2.04071 -2.95069 
