2.04741e-320 0 3.16202e-322 4.65765e-310 
1.19401 6.02462 -0.794629 5.366 
1.19359 6.02141 -0.794808 5.36317 
1.81349 10.9424 -0.795318 5.35977 
2.12639 10.2554 -0.687138 10.9254 
2.12639 10.2554 -0.687138 10.9254 
2.16782 10.1237 -0.297105 10.1561 
2.16782 10.018 -0.297105 10.1561 
2.43951 9.25424 -0.191732 9.65234 
2.43951 9.25424 -0.191732 9.65234 
2.62534 8.94924 -0.0812316 9.40315 
2.62534 8.66748 -0.049227 9.18888 
2.69578 8.34695 -0.049227 8.93053 
2.77577 7.76515 -0.0194499 8.7285 
2.77577 7.76515 -0.00774089 8.7285 
2.89903 7.49171 -0.00774089 8.32568 
2.92313 7.17593 -0.0234404 8.08398 
2.94842 6.89445 -0.0505731 7.88482 
2.94842 6.89445 -0.0505731 7.88482 
2.74702 6.01013 -0.26634 7.04251 
2.66621 5.90305 -0.329157 6.91144 
2.5934 5.78359 -0.396574 6.78427 
2.4984 5.61408 -0.477789 6.59322 
2.44388 5.5097 -0.526218 6.48098 
2.44388 5.5097 -0.579166 6.48098 
2.32603 5.23419 -0.611093 6.15654 
2.25185 5.07124 -0.658969 5.95347 
2.25185 5.07124 -0.658969 5.95347 
2.12338 4.88573 -0.726428 5.70464 
2.12338 4.88573 -0.726428 5.70464 
2.00719 4.64422 -0.819108 5.34241 
1.84114 4.54518 -0.844838 5.13114 
1.84114 4.54518 -0.873183 5.13114 
1.77345 4.49602 -0.933144 4.97002 
1.77345 4.49602 -0.933144 4.97002 
1.65666 4.46969 -0.942762 4.88418 
1.65666 4.46969 -0.942762 4.88418 
1.51057 4.43801 -0.980907 4.71525 
1.33816 4.40242 -1.03491 4.51031 
1.33816 4.40242 -1.06203 4.51031 
1.26379 4.418 -1.08169 4.44067 
1.26379 4.418 -1.09892 4.44067 
1.13929 4.51844 -1.09796 4.37727 
1.13929 4.51844 -1.09796 4.37727 
1.01033 4.60094 -1.11241 4.28882 
0.949211 4.64607 -1.12657 4.16961 
0.854757 4.65435 -1.12657 4.14032 
0.814778 4.77129 -1.13546 4.10556 
0.723421 4.78696 -1.13502 4.07394 
0.656614 4.86425 -1.13202 4.04661 
0.594383 4.94129 -1.12699 4.02138 
0.533723 5.02003 -1.12091 3.99942 
0.506724 5.15407 -1.09651 4.05845 
0.506724 5.15407 -1.09651 4.05845 
0.371768 5.2731 -1.09604 3.97238 
0.325328 5.36087 -1.09604 3.97417 
0.315438 5.50572 -1.05505 4.0624 
0.315438 5.50572 -1.05505 4.0624 
0.060403 5.65668 -1.09738 3.78081 
-0.0325378 5.75369 -1.08822 3.83583 
-0.0580354 5.83136 -1.06866 3.84625 
-0.0775512 5.89956 -1.0593 3.87377 
-0.0985704 6.02521 -1.0326 3.93135 
-0.0985704 6.02521 -1.0326 3.93135 
-0.0985704 6.02521 -1.0326 3.93135 
-0.105935 6.16669 -0.999179 4.04737 
-0.105935 6.16669 -0.999179 4.04737 
-0.0498537 6.33751 -1.0007 4.2327 
-0.0361428 6.30828 -0.971065 4.1695 
-0.0361428 6.35895 -0.969746 4.23145 
-0.00905835 6.45886 -0.938787 4.38151 
-0.0257007 6.41371 -0.938787 4.38151 
-0.00672037 6.44504 -0.940147 4.37717 
0.0230283 6.47023 -0.928807 4.32359 
0.0581205 6.49563 -0.928195 4.51394 
0.0965254 6.51564 -0.929051 4.44357 
0.136741 6.53343 -0.929051 4.64278 
0.136741 6.53343 -0.929051 4.64278 
0.171247 6.47534 -0.904743 4.64278 
0.169049 6.4093 -0.918024 4.67483 
0.169049 6.34173 -0.918024 4.67483 
0.169049 6.34173 -0.918024 4.67483 
0.422515 6.51454 -0.841418 5.00712 
0.434097 6.42276 -0.84162 4.99769 
0.551595 6.42439 -0.84162 5.08202 
0.557962 6.33645 -0.829191 5.08202 
0.557962 6.33645 -0.840374 5.02059 
0.686719 6.33027 -0.822867 5.33007 
0.749557 6.33216 -0.788357 5.24114 
0.814929 6.327 -0.783054 5.33196 
0.946504 6.40719 -0.740684 5.53975 
1.00579 6.29599 -0.72558 5.51515 
1.00579 6.29599 -0.750089 5.51515 
1.0101 6.19563 -0.750089 5.45943 
1.0101 6.19563 -0.750089 5.45943 
1.19615 6.28258 -0.717167 5.68218 
1.33885 6.35266 -0.63529 5.96269 
1.4022 6.34262 -0.62528 5.87881 
1.46086 6.33148 -0.634184 6.13375 
1.52033 6.31656 -0.638174 6.01722 
1.5299 5.98804 -0.638174 5.96423 
1.5299 5.98804 -0.638174 5.96423 
1.60596 5.90311 -0.706283 5.7751 
1.60596 5.90311 -0.668904 6.00237 
1.60596 5.90311 -0.668904 6.00237 
1.87174 6.12014 -0.560313 6.47712 
1.84102 6.0178 -0.555646 6.32218 
1.88137 6.0331 -0.561899 6.41375 
2.00654 6.04088 -0.551505 6.4768 
1.96013 6.05448 -0.541092 6.53275 
2.03898 6.15738 -0.524067 6.58517 
2.03898 6.15738 -0.524067 6.58517 
2.03898 5.9613 -0.54674 6.49635 
2.09375 5.9613 -0.514946 6.74451 
2.14138 6.08456 -0.484714 6.7802 
2.14138 6.08456 -0.484714 6.7802 
2.30229 6.23136 -0.439619 7.11962 
2.24913 6.23136 -0.439619 7.11962 
2.36988 6.23143 -0.440564 6.97565 
2.29738 6.02381 -0.466508 6.68353 
2.29738 5.92999 -0.505596 6.68353 
2.13554 5.96072 -0.52159 6.53947 
2.08186 5.86854 -0.524708 6.58389 
2.21148 6.01482 -0.467172 6.85707 
2.11391 5.92382 -0.479384 6.63906 
2.11391 5.92382 -0.479384 6.63906 
2.11391 5.92382 -0.479384 6.63906 
2.11391 5.92382 -0.479384 6.70742 
2.27441 6.08574 -0.397633 6.94709 
2.0431 6.10944 -0.506558 6.84039 
1.92643 6.10944 -0.549004 6.41894 
2.04002 6.10944 -0.511286 6.68383 
2.04002 6.01277 -0.511286 6.68383 
1.79038 5.81479 -0.572404 6.2613 
1.79038 5.81479 -0.572404 6.2613 
1.79038 5.81479 -0.572404 6.2613 
1.79936 6.0891 -0.458801 6.28953 
1.95539 6.00898 -0.45593 6.57064 
1.95539 6.00898 -0.45593 6.57064 
1.9541 6.02747 -0.517307 6.36724 
1.9506 6.04452 -0.493945 6.36724 
2.08401 6.16955 -0.493945 6.6492 
2.08401 6.16955 -0.46301 6.6492 
1.94363 6.18751 -0.420553 6.65994 
1.94363 6.08615 -0.436566 6.65994 
1.95651 6.1927 -0.494078 6.42966 
1.48147 5.80079 -0.646185 6.03279 
1.32759 5.71191 -0.674429 5.76112 
1.33933 5.73226 -0.63306 6.09996 
1.51242 5.73226 -0.63306 6.08244 
1.68331 5.98072 -0.529191 6.38985 
1.36433 5.90722 -0.55921 5.86948 
1.36433 5.82288 -0.588783 5.86948 
1.36433 5.82288 -0.588783 5.86948 
1.36433 6.02471 -0.588783 5.86948 
1.59495 5.91845 -0.556239 6.28906 
1.78994 6.04252 -0.489775 6.24254 
1.78994 6.04252 -0.489775 6.24254 
1.63505 5.94918 -0.552872 5.99911 
1.64872 5.94995 -0.552872 6.06603 
1.64872 5.94995 -0.552872 6.06603 
1.64872 5.94995 -0.552872 6.06603 
1.48773 5.86569 -0.500851 6.47801 
1.91194 6.04046 -0.391451 6.74739 
1.91194 6.04046 -0.391451 6.74739 
1.98797 5.9972 -0.38377 6.40739 
1.78639 5.9181 -0.392268 6.47402 
1.78639 5.9181 -0.392268 6.53607 
2.07331 5.9445 -0.393304 6.55188 
1.85697 5.86682 -0.389716 6.55188 
1.88196 5.84061 -0.379476 6.57664 
1.88196 5.84061 -0.379476 6.58459 
1.90836 5.81544 -0.357583 6.58967 
1.90836 5.81544 -0.357583 6.58967 
1.91664 5.80411 -0.34743 6.59228 
1.69597 5.72323 -0.383382 6.25052 
1.99707 5.6723 -0.360107 6.28069 
1.75439 5.6723 -0.360107 6.28069 
1.82324 5.60575 -0.370404 6.36063 
2.10917 5.6243 -0.319066 6.7439 
2.10917 5.6243 -0.319066 6.7439 
2.39096 5.6349 -0.281395 7.1499 
2.12206 5.58896 -0.267059 6.70204 
2.13856 5.55531 -0.296038 6.7543 
2.13856 5.55531 -0.296038 6.7543 
2.16677 5.4806 -0.336008 6.38815 
2.20682 5.46544 -0.253401 6.74851 
2.25212 5.46544 -0.278785 6.80781 
2.5817 5.37902 -0.271055 6.81479 
2.5817 5.37901 -0.267116 6.81479 
2.60172 5.3312 -0.215416 6.81494 
1.9765 5.33435 -0.298719 6.41782 
1.68189 5.25836 -0.361527 6.41782 
1.70282 5.24435 -0.443786 5.74703 
1.70282 5.20198 -0.386044 6.13959 
1.70282 5.20198 -0.386044 6.13959 
1.44879 5.16822 -0.34152 6.08782 
1.1376 5.15203 -0.412743 5.40821 
1.54056 5.04953 -0.39597 5.8815 
1.54056 5.04953 -0.39597 5.8815 
-0.144211 5.18151 -0.643249 4.46093 
-0.144211 5.21201 -0.703407 3.79434 
-0.437057 5.19505 -0.768732 3.47368 
-0.437057 5.21124 -0.768732 3.99552 
-0.779767 5.27243 -0.768115 3.59282 
-1.04442 5.21611 -0.820926 4.30704 
-1.04442 5.08447 -0.820926 4.30704 
-1.04442 5.08447 -0.820926 4.30704 
0.385708 4.88629 -0.746651 4.42663 
-0.23086 4.95652 -0.719372 4.25989 
-0.23086 4.95652 -0.736053 4.25989 
-0.23086 4.95652 -0.736053 4.25989 
0.0368527 4.94242 -0.798978 4.69197 
0.0368527 4.94242 -0.798978 4.69197 
0.0368527 5.11272 -0.798978 4.69197 
-0.34792 5.11272 -0.798978 4.24036 
0.762664 4.66275 -0.696774 4.82947 
0.79784 4.66275 -0.696774 5.32438 
0.443848 4.74138 -0.568211 4.93702 
0.443848 4.57259 -0.60243 4.93702 
1.10789 4.61017 -0.571811 5.69363 
1.10789 4.61017 -0.571811 5.69363 
1.84377 4.37183 -0.394567 6.20624 
1.55389 4.61928 -0.354592 5.94745 
1.55389 4.5294 -0.349996 5.94745 
2.25221 4.18177 -0.279938 6.45679 
2.25221 4.5587 -0.230001 6.45679 
1.83359 4.45549 -0.217076 6.16758 
1.92091 4.45549 -0.217076 6.247 
1.92091 4.45549 -0.217076 6.247 
1.42615 4.73526 -0.220736 5.88471 
2.23124 4.31637 -0.109414 6.43669 
2.23124 4.31637 -0.109414 6.43669 
2.80017 4.15313 -0.0434437 6.99433 
1.95699 4.15313 -0.0434437 6.99433 
1.95699 4.15313 -0.0392281 6.57004 
2.7735 4.15313 0.00192165 7.12797 
1.86571 4.15313 0.0380742 6.68186 
1.87351 4.56391 0.0418095 6.76014 
1.95617 3.97358 0.100493 6.84719 
1.95617 3.97358 0.100493 6.39448 
1.95617 4.31719 0.100493 6.39448 
2.16258 3.82175 0.168719 6.89462 
2.10502 3.87857 0.168719 6.87312 
2.73119 3.34208 0.270202 7.28074 
2.73119 3.86271 0.298661 7.28074 
1.59166 3.63048 0.316653 6.85896 
1.59166 3.4987 0.316653 6.83821 
2.01036 3.2554 0.447298 6.84295 
1.21065 3.81847 0.447298 6.38468 
1.21065 3.81847 0.4843 6.38468 
2.8653 2.66156 0.475962 6.81988 
2.8653 2.66156 0.475962 6.81988 
2.1382 2.73668 0.574382 7.17949 
0.994443 3.34374 0.593691 7.17949 
2.01533 2.41622 0.632586 6.71184 
2.01533 3.08797 0.688766 6.71184 
2.01533 3.08797 0.688766 6.71184 
1.08915 2.84382 0.762549 6.57945 
0.389293 2.84382 0.793888 6.57945 
1.88487 4.68115 0.598894 5.07208 
-1.19943 4.68115 0.461384 5.07208 
-1.09875 4.44375 0.425154 5.04065 
-1.13251 4.44375 0.413819 5.04065 
-1.0048 4.1312 0.492092 4.8352 
-1.0048 4.1312 0.492092 4.8352 
-1.8685 4.71557 0.492092 4.50506 
-0.551311 4.31192 0.465173 4.74 
-0.551311 4.31192 0.465173 4.6311 
0.33328 2.54755 0.485162 4.57504 
-0.716269 3.332 0.4393 4.5542 
-0.472773 2.79195 0.4001 4.52575 
-0.424366 2.79195 0.4001 4.52575 
0.55881 1.89699 0.443962 4.75409 
0.55881 1.89699 0.443962 4.75409 
0.831852 1.41513 0.484217 4.54058 
0.831852 1.41513 0.484217 4.54058 
-0.376665 2.42803 0.410618 4.25684 
-0.140317 1.88093 0.292813 4.07944 
-2.06405 2.67165 0.212705 3.82976 
-1.86762 3.01119 0.227409 3.5388 
-1.86762 3.01119 0.227409 3.5388 
-3.33714 3.7263 0.163046 2.91841 
-4.57428 4.76452 0.163046 2.67299 
-4.57428 4.36046 0.163046 2.67299 
-2.79531 2.94305 0.163046 2.59987 
-2.79531 2.94305 0.163046 2.59987 
-2.36067 2.32915 0.355547 2.42719 
-3.62259 3.37637 0.202245 2.29815 
-3.62259 2.84205 0.218376 2.24358 
-4.10793 2.95985 0.106019 2.06905 
-4.78165 3.84068 0.106019 2.06905 
-6.24757 4.87988 -0.158843 1.77253 
-6.80603 5.24708 -0.153541 1.59561 
-7.19715 5.32293 -0.0394765 1.2805 
-7.19715 5.32293 -0.0394765 1.2805 
-5.29061 3.71961 0.254691 1.27699 
-6.51611 4.79525 0.109715 1.25301 
-5.19255 3.56131 0.226272 1.29264 
-5.19255 3.56131 0.226272 1.29264 
-3.3027 1.94913 0.416929 1.40801 
-3.3027 1.94913 0.416929 1.40801 
-2.37016 1.13425 0.407017 1.6176 
-3.64418 2.27004 0.187219 1.72226 
-1.44402 0.386165 0.39653 1.83245 
-2.74034 1.65285 0.154082 1.98055 
-1.98935 0.966764 0.196951 2.03942 
-4.99258e-05 -0.643986 0.209435 2.13475 
-1.47254 0.990587 0.144 2.27361 
-0.82773 0.461513 0.13454 2.39156 
-0.421735 0.177535 0.143359 2.51792 
1.39689 0.0941033 0.337773 2.62136 
1.39689 0.0941033 0.337773 2.85569 
1.50603 -1.21573 0.0250393 2.99844 
-0.417767 0.875444 0.0250393 2.99844 
1.9403 -1.16366 0.230514 3.18554 
-0.0129591 0.787172 -0.0384929 3.30738 
2.23585 -1.21917 0.0361134 3.52574 
2.23585 -1.21917 0.0361134 3.52574 
0.519786 0.273966 0.0714966 3.63537 
0.897733 -0.260751 0.122536 3.63537 
2.72292 -1.76797 0.450298 3.83314 
2.72292 -1.76797 0.450298 3.83314 
0.275417 0.570429 0.309119 4.1369 
0.652048 -0.0737292 0.375858 4.34587 
0.652048 -0.0737292 0.375858 4.34587 
-0.929246 1.17809 0.280624 4.50652 
-0.0136862 0.1153 0.241548 4.65481 
-0.0136862 0.1153 0.241548 4.65481 
2.24737 -0.340829 0.836208 4.6377 
1.62283 0.84296 1.01589 4.61635 
1.45327 0.934687 0.932904 4.89401 
1.45327 0.934687 0.932904 4.89401 
1.25345 0.835616 0.921224 4.89401 
1.0491 0.824924 0.921224 4.89401 
0.708515 1.13972 1.01191 5.10895 
0.640761 1.38784 0.994024 5.18846 
0.619969 1.66159 1.00418 5.22721 
0.619969 1.66159 1.00418 5.22721 
0.611296 1.96335 0.770138 5.51965 
0.537685 2.55726 0.99248 5.30656 
0.537685 2.79998 0.643266 5.30656 
0.133577 3.02884 0.915715 5.39029 
-0.101381 3.24069 0.915715 5.47102 
1.47424 2.07612 1.0572 5.21664 
1.47424 2.07612 1.0572 5.21664 
0.33213 3.01587 1.0572 5.28208 
-1.79317 3.01587 0.899297 5.28659 
-1.79317 4.4457 0.899297 5.28659 
-2.05558 4.71917 0.571986 5.78742 
-2.05558 4.71917 0.571986 5.34388 
-2.05558 4.71917 0.571986 5.34388 
-3.84615 5.94129 0.491573 5.0802 
-3.84615 5.94129 0.491573 5.0802 
-3.91186 5.72574 0.565728 4.75081 
-3.91186 5.72574 0.586908 4.75081 
-4.41429 5.99919 0.310641 4.35391 
-4.41429 6.19448 0.629175 4.35391 
-7.1599 7.58721 -0.00896795 4.74834 
-8.43657 7.58721 -0.00896795 4.74834 
-11.6197 10.2306 0.311419 4.13886 
-11.6634 8.65509 0.556796 3.51281 
-11.6634 9.95502 0.556796 3.51281 
-11.6634 9.95502 0.556796 3.51281 
-11.6634 9.95502 0.556796 3.51281 
-12.5653 10.2053 0.443909 3.41591 
-11.8407 9.06683 0.89997 2.04551 
-11.8407 9.06683 0.89997 2.04551 
-11.8407 9.06683 0.89997 2.04551 
-9.30637 6.74536 1.18153 0.576544 
-9.30637 6.74536 1.18153 0.576544 
-9.4207 6.02024 -0.233662 0.422441 
-10.4847 6.02024 0.129557 -0.1915 
-10.4847 6.57817 0.129557 -0.1915 
-9.22068 5.23467 0.115028 -0.65828 
-9.22068 5.25912 0.115028 -0.452184 
-9.22068 5.25912 0.115028 -0.452184 
-12.085 6.4123 -0.233481 -0.134836 
-12.085 6.4123 -0.233481 -0.134836 
-12.1156 6.20703 0.417783 -0.134836 
-12.1156 6.20703 0.417783 -0.134836 
-11.6641 5.45619 0.66463 -1.26464 
-12.4275 5.91726 0.0212223 -0.162552 
-11.7502 5.25027 0.306551 -0.563202 
-11.7502 5.25027 0.306551 -0.563202 
-12.023 5.314 0.122909 -0.197739 
-12.023 5.314 0.122909 -0.197739 
-13.5551 5.79973 0.0992874 -0.00675502 
-13.5551 5.79973 0.0992874 -0.00675502 
-13.5551 5.79973 0.0992874 -0.00675502 
-13.9506 6.0273 -0.0684503 0.283205 
-14.7246 6.27089 0.947558 -1.36535 
-15.3327 6.35855 0.925698 -1.28847 
-14.7709 6.06851 0.0894187 0.146375 
-15.5113 6.29889 0.356796 -0.305848 
-14.2845 5.82533 -0.0129035 0.311597 
-13.74 5.67594 0.0403206 0.199322 
-13.74 5.67594 0.0403206 0.199322 
-13.74 5.67594 0.0403206 0.199322 
-16.5042 7.65203 0.746499 -1.1982 
-16.637 7.90015 0.459956 -0.665641 
-16.637 7.90015 0.459956 -0.665641 
-16.637 7.90015 0.459956 -0.665641 
-16.5 8.40243 0.00606283 -0.452725 
-16.0369 8.20005 0.0219435 -0.316123 
-15.7931 8.14156 0.0814133 -0.322643 
-16.8372 9.55145 0.363645 -0.426981 
-16.8372 8.32804 0.363645 -0.426981 
-16.8372 8.32804 0.363645 -0.426981 
-17.9988 11.0236 0.644082 -0.784173 
-17.5917 11.0305 0.55954 -0.602257 
-19.8818 12.969 0.741719 -0.894648 
-19.8818 12.969 0.741719 -0.894648 
-16.978 13.4134 0.356217 0.234614 
-16.8895 11.421 -0.126118 0.0907182 
-17.2085 11.8423 -0.016014 -0.220911 
-21.1597 11.8423 0.779257 -0.990574 
-21.1597 15.4515 0.779257 -0.990574 
-6.79043 8.95481 -0.750061 0.224194 
-6.79043 4.03284 -0.750061 0.224194 
-9.17727 7.85383 0.641019 -1.13134 
-9.17727 4.87264 0.119918 -1.13134 
-7.50536 6.58469 0.223834 -0.417673 
-7.50536 6.58469 0.223834 -0.417673 
-4.84694 4.34978 -0.38987 0.168014 
-9.63651 8.21254 -0.141358 -0.167152 
-9.63651 8.21254 -0.141358 -0.167152 
-15.0956 8.52518 -0.279398 -0.814642 
-11.2735 8.52518 -0.279398 0.209537 
-14.5579 12.6838 -0.667249 -0.595766 
-14.5579 12.6838 -0.00830752 -0.595766 
-12.2271 9.52941 -0.385232 0.00802058 
-14.0623 10.9178 0.170228 -0.777917 
-14.0623 10.9178 0.170228 -0.777917 
-16.5846 12.5458 0.219148 -0.696296 
-16.3683 11.9906 0.180822 -0.480719 
-16.3683 11.9906 0.180822 -0.480719 
-16.3683 11.9906 0.180822 -0.480719 
-16.9624 12.8272 -0.161008 -0.115357 
-23.7174 17.6215 -0.438678 -0.235116 
-20.186 17.6215 -0.470931 -0.370809 
-21.7066 17.6215 -0.594259 -0.450943 
-25.7309 23.7593 -0.59578 -0.71241 
-25.7309 23.7593 -0.488378 -0.71241 
-25.6471 23.682 -0.561429 -0.486138 
-20.7658 18.338 -0.561429 -0.575304 
-25.9187 24.5026 -1.40537 -0.0591778 
-20.7226 18.7132 -0.731821 -0.531599 
-20.7226 18.7132 -0.990471 -0.402199 
-25.9239 25.0151 -1.70659 -0.0625259 
-25.9239 25.0151 -0.712709 -0.0625259 
-25.6604 24.5917 -1.43701 -0.355288 
-25.6604 24.5917 -1.43701 -0.355288 
-25.4147 23.7456 -0.529573 -0.344684 
-24.2915 22.0899 -0.359917 -0.823898 
-24.2915 22.0899 -0.444005 -0.823898 
-25.2558 16.9953 -2.19947 0.701377 
-25.2558 16.9953 -2.19947 0.701377 
-15.9184 9.64759 0.713996 -1.49492 
-12.5451 9.64759 0.713996 -1.08375 
-17.2273 11.0218 1.02801 1.16238 
-11.7653 3.34812 0.184944 -0.245594 
-12.0563 4.54025 -0.0146557 -0.237845 
-12.0563 4.50125 -0.220854 -0.237845 
-11.132 4.50125 -0.220854 -0.102996 
-13.993 10.5267 -1.99415 1.1327 
-13.993 3.19252 -1.99415 1.1327 
-9.00411 11.5882 -2.51817 -0.979561 
-14.2217 10.3649 0.0873503 -1.02237 
-10.7534 10.3649 -0.35994 -0.467169 
-16.3517 12.1083 -2.76619 1.6725 
-16.3517 12.1083 -2.76619 1.6725 
-11.8644 5.6325 -1.64703 1.36402 
-11.8644 5.6325 -1.64703 1.36402 
-11.8644 5.6325 -1.64703 1.36402 
-15.6741 13.8884 -4.30379 1.3984 
-9.60217 4.39866 -0.710482 1.3984 
-15.7809 13.6656 -3.4918 2.53322 
-15.7809 13.6656 -3.4918 2.53322 
-11.0954 5.33699 0.668676 -1.97097 
-12.5597 5.59641 0.83538 -2.02166 
-18.5042 14.4619 -7.68804 10.9498 
-13.1118 5.96552 -7.68804 10.9498 
-13.1118 5.96552 -8.12289 11.1315 
-13.5206 7.7992 -8.12289 11.1315 
-15.242 13.538 -10.3134 9.2699 
-5.89562 13.538 -3.47279 5.40269 
-5.89562 13.538 -3.47279 5.40269 
5.38032 -3.74901 -0.102992 4.24366 
5.38032 -3.74901 -0.102992 1.58388 
6.6249 -1.12338 1.25837 3.67446 
6.70119 0.0669588 0.737282 1.6028 
6.8585 0.0568068 0.329354 1.93882 
6.84887 -0.214749 0.232718 2.00982 
6.84887 -0.214749 0.232718 2.00982 
5.06656 2.67309 -1.54385 4.1343 
5.06656 2.67309 -1.54385 4.1343 
2.12433 1.09231 1.56105 3.66075 
3.3883 -2.68299 0.817674 1.41134 
3.3883 -2.68299 0.217158 2.20087 
3.3883 -2.68299 0.217158 2.20087 
3.3883 -2.68299 0.217158 2.20087 
-4.68203 7.82351 -1.71666 -0.806667 
-0.746313 -0.622781 -4.6624 6.76597 
-0.0353372 -1.84979 -2.10176 4.12202 
-0.343756 -0.797633 0.213513 4.12202 
-0.343756 -0.797633 0.213513 -2.72552 
-0.488491 0.00751077 -1.20826 0.949163 
-0.488491 0.00751077 -1.20826 4.9695 
2.6807 -2.72764 0.385996 2.23475 
2.27677 -1.19316 1.75359 0.51656 
1.18101 0.273655 -0.24923 2.58076 
0.713448 1.04209 1.0863 -0.379253 
0.713448 1.04209 1.0863 -0.379253 
0.0841305 2.33059 1.98539 -0.85656 
0.0841305 2.33059 -2.33779 4.39952 
1.07688 0.242865 -1.06813 1.66502 
2.22548 -1.54095 -1.0333 4.82529 
2.27627 -0.336747 0.597892 5.89879 
2.27627 -1.02081 2.16765 4.13309 
2.27627 -1.02081 2.16765 4.13309 
2.27627 -1.02081 2.16765 4.13309 
1.89139 1.73373 1.02519 10.395 
2.50284 -1.0359 2.87492 7.87849 
2.28455 -0.795625 2.87492 7.87849 
1.86554 1.09146 2.92956 11.7366 
1.86554 1.09146 2.92956 11.7366 
3.106 -0.97635 5.43677 10.2516 
3.106 -1.05958 5.43677 10.2516 
2.69115 -0.300566 6.49197 13.242 
1.77961 -0.434042 7.88314 11.1905 
1.64846 -0.482976 8.34388 12.0222 
2.2284 -0.285374 8.38341 14.6393 
1.31329 -0.677861 8.38341 14.6393 
1.10995 -0.663791 9.53005 12.6421 
0.927732 -0.649966 10.1472 14.0531 
0.794716 -0.639719 10.4831 14.5666 
0.794716 -0.639719 10.4831 14.5666 
1.36931 -1.16284 12.0478 15.8339 
1.36931 -1.16284 12.0478 15.8339 
1.24276 -0.848751 12.5867 15.9443 
1.16178 -0.793946 12.9274 16.3548 
1.11358 -0.837144 13.2435 16.7634 
1.11358 -0.837144 13.2435 16.7634 
2.28766 -1.3819 13.6266 19.4354 
1.69583 -0.0306173 14.0999 17.678 
1.69583 -0.0306173 14.0999 17.678 
-0.055917 -0.0525996 14.1495 16.8183 
-1.03011 -2.00724 15.0703 18.7128 
-0.563383 -0.819223 15.2476 17.062 
3.85767 -4.17659 15.8284 18.9619 
3.85767 -4.17659 15.8284 18.9619 
0.276949 0.188803 16.2091 20.8412 
0.536072 0.188803 16.4349 20.8412 
2.56252 -2.58745 16.7669 21.2728 
-0.278552 0.186032 16.5145 19.7863 
-0.278552 0.186032 16.4124 19.7863 
1.97572 -3.71867 17.1571 21.7442 
-1.00702 -0.203273 16.8413 20.2834 
-0.961223 -0.844385 16.8413 20.592 
-1.67053 -0.00823359 16.842 21.0665 
-3.31796 -0.00823359 16.3007 21.0665 
-3.31796 1.33593 16.3007 19.5474 
-1.78596 -1.66858 16.3007 21.2651 
1.01548 -5.04112 16.7469 21.227 
1.01548 -5.04112 16.7469 21.227 
1.1124 -2.99058 17.3318 22.9353 
-0.189472 1.58985 16.6703 21.4741 
-0.189472 1.58985 16.6043 21.4741 
0.413059 -4.74136 17.4348 23.0759 
0.413059 -4.74136 17.4348 23.0759 
-0.257985 -3.55431 17.496 23.0642 
-0.257985 -3.55431 17.496 23.0642 
-0.163152 -3.43307 17.4212 23.0029 
-2.32951 -3.43307 17.4212 21.4307 
-2.32951 0.414141 16.5924 21.4307 
-0.987647 -0.760307 16.2587 21.45 
-1.47642 -2.19778 16.2279 21.2076 
-1.47642 -2.19778 16.2279 21.2076 
-3.31157 1.43849 15.2391 19.7489 
-3.31157 1.43849 15.2391 19.7489 
-2.16637 0.339608 13.9409 18.1454 
-2.16637 0.339608 13.9409 18.1454 
-2.16637 0.339608 13.9409 18.1454 
0.42333 -15.8982 14.2305 14.0228 
0.0521718 -3.52584 14.2305 19.4105 
0.0521718 -3.52584 14.2305 19.4105 
-1.73091 -1.51875 14.3806 19.9384 
-1.73091 -1.51875 15.4146 19.9384 
-0.759081 -1.21264 12.5313 18.1333 
-0.759081 -1.21264 12.5313 16.8674 
0.00375659 -4.49783 11.9756 16.7119 
0.00375659 -4.49783 11.9756 16.7119 
-0.753339 -3.28611 10.4989 15.0267 
-0.753339 -3.28611 10.4989 15.0267 
-1.45004 1.03398 8.93343 11.9197 
-1.46583 3.08028 8.68643 13.1527 
-1.46583 3.08028 8.68643 13.1527 
-0.623553 -0.18664 8.54063 13.053 
-0.623553 -4.46654 9.60002 15.2572 
-1.87137 -5.1985 9.68514 15.3414 
-1.87137 1.2564 9.83503 15.5925 
-2.65121 -1.84632 11.1168 17.6522 
-2.08521 -1.84632 11.1168 17.6522 
-1.17498 1.23218 10.123 15.7453 
-0.598442 -1.16356 10.0976 16.2279 
-0.48035 -1.1856 10.1953 16.3236 
-0.48035 -1.1856 10.1953 16.3236 
-2.27557 -1.86068 11.0392 18.9487 
-2.27557 1.31033 11.0392 16.8217 
-2.13664 -1.46566 8.96147 15.2008 
-1.05671 0.886162 9.85855 17.7137 
-0.64862 0.208985 9.98776 17.5182 
-0.392337 0.208985 10.0402 17.5182 
-0.392337 -0.351194 10.0402 17.6123 
-1.22062 -2.42558 11.3702 19.5101 
-1.22062 -2.42558 11.3702 17.4614 
0.633065 1.49838 8.89455 11.9113 
1.81347 1.83897 7.56183 14.7728 
-0.473035 -0.219549 7.34266 14.663 
-0.473035 -0.219549 7.34266 14.9228 
-1.46743 -0.684179 7.08472 15.1402 
0.0130112 0.564904 7.19353 15.2292 
-0.304107 0.284884 7.2923 15.3009 
-0.304107 -0.0339033 7.41517 15.333 
1.14433 0.882429 6.83727 12.8921 
0.209342 -0.0657827 6.7441 13.2823 
0.209342 -0.0657827 6.7441 13.2823 
0.209342 -0.0657827 6.7441 13.2823 
-3.99356 0.114858 6.19415 14.198 
-3.72991 -0.27259 6.71602 16.8033 
-3.72991 -0.27259 6.71602 16.8033 
-2.93209 -0.659688 7.09803 16.4912 
-4.48384 -0.885505 7.80494 19.3756 
-2.84914 -0.48472 8.67052 19.2192 
-2.84914 -0.48472 8.67052 19.2192 
-2.1246 0.0643785 9.29135 18.9954 
-2.1246 0.0643785 9.29135 18.9954 
-2.75358 1.43634 9.16045 19.399 
-2.75358 1.43634 9.16045 19.399 
-1.25593 1.44534 8.56998 17.103 
1.4085 1.44534 8.56998 13.4426 
1.4085 0.325817 8.56998 13.4426 
-5.16008 1.63156 8.26427 17.3336 
-0.878515 -0.949034 8.26427 17.3336 
-3.33546 -0.534486 8.62362 16.7542 
-3.33546 -1.50727 8.87347 19.926 
-3.19131 1.01886 9.22072 20.0665 
-3.19131 1.01886 9.22072 20.0665 
0.239552 0.815482 9.5843 16.6489 
-0.336646 0.815482 9.61454 16.6045 
-0.336646 0.815482 9.61454 16.6045 
2.60315 0.231763 9.12173 17.2912 
-1.92584 0.231763 9.2363 16.7054 
-1.92584 0.566799 9.18233 16.7054 
-5.04438 0.899437 9.08044 20.254 
-5.04438 0.899437 9.08044 20.254 
0.0533646 -2.33593 9.97912 15.8619 
0.0533646 -1.46451 10.1409 12.8703 
5.40083 -3.01202 9.04085 10.7739 
3.20222 2.4925 7.78253 9.97368 
0.911992 2.4925 5.99771 9.97368 
0.911992 2.4925 5.99771 9.97368 
-2.83754 2.57991 4.76715 9.99139 
-3.40349 2.57991 4.85189 9.99139 
-3.40349 2.57991 4.85189 9.99139 
-3.40349 2.57991 4.85189 9.99139 
-10.4384 4.13512 4.10127 18.4874 
-10.4384 4.13512 4.10127 18.4874 
2.35101 -3.68458 7.10265 9.60924 
0.180178 -3.68458 6.87534 10.3477 
0.180178 -3.68458 6.87534 10.3477 
-1.28793 -0.363588 3.42344 10.2761 
3.46031 -4.89912 4.73205 10.2761 
-3.44219 1.53983 4.09834 9.88376 
-3.44219 -1.47248 4.09834 9.88376 
-4.81216 2.71972 4.32541 6.78414 
0.548579 -2.24153 4.84224 6.85137 
0.548579 -0.922193 4.84224 6.85772 
-1.83792 0.439189 4.9634 6.85772 
3.13328 -2.40921 4.9634 3.46224 
5.0515 -2.40921 4.69441 -0.833192 
0.987223 6.07768 1.46 1.6255 
-6.28469 6.07768 0.583494 5.54703 
-4.99435 1.58383 2.01402 1.16448 
-3.58893 1.58383 1.66121 1.16448 
-3.58893 -2.42904 1.66121 5.82901 
-3.08841 -2.42904 2.84886 5.82901 
1.5594 -1.45417 5.25603 4.21113 
-0.569139 -0.684228 5.66423 1.97225 
-0.569139 -2.48291 4.54184 -0.0355741 
2.83321 -2.48291 4.54184 -0.0355741 
-5.20949 3.74648 4.25835 4.39862 
-5.20949 3.74648 4.25835 4.39862 
-11.9699 1.534 7.494 10.1494 
-11.9699 1.534 7.494 10.1494 
-2.24935 -5.95732 9.31196 6.50669 
-3.24132 -2.04396 9.77594 6.72399 
-3.79753 -0.785657 10.6651 9.71666 
1.84505 -5.02695 12.2608 6.83645 
1.84505 -5.02695 10.3024 5.6113 
-5.65405 0.240389 10.0614 10.6291 
-5.32223 -0.919052 12.5986 10.6291 
1.00129 -0.919052 12.5986 10.6291 
-5.97036 -0.39959 13.9783 12.1434 
-5.47893 -1.39116 14.9313 12.4437 
-5.47893 -1.39116 14.9313 12.4437 
7.6184 -0.469527 7.93145 6.93057 
7.6184 2.9821 8.16744 6.93057 
2.68634 1.03455 3.15498 3.61555 
2.68634 1.03455 3.15498 3.61555 
-4.21857 -0.179739 0.978007 4.47263 
-5.16935 0.00695529 4.14578 3.11244 
-5.16935 0.00695529 4.14578 3.11244 
-7.3225 -0.842342 10.8547 6.2491 
-7.3225 -0.842342 10.8547 6.2491 
-8.74511 -0.576015 12.2214 8.58346 
-7.67179 -2.5826 13.4899 9.06613 
-2.04145 -5.15828 10.1287 9.06613 
-6.76841 -2.62054 16.8413 9.55442 
-6.76841 -2.62054 16.8413 9.55442 
-6.90206 -1.59738 18.0238 11.3752 
-2.32193 -3.51368 13.1629 11.9826 
-2.32193 -3.51368 13.1629 11.9826 
8.40512 1.40801 0.171607 5.50578 
8.40512 1.40801 -2.56029 5.50578 
0.349736 3.46522 4.48622 5.76755 
0.349736 3.46522 4.48622 5.76755 
-1.13604 1.35729 6.50255 5.06109 
-5.67258 -3.71631 15.1674 7.50695 
-5.82943 -3.71631 15.1674 8.91797 
2.87562 -3.71631 1.53392 5.96925 
-5.75083 -2.29313 -3.76125 3.52855 
4.2748 -2.29313 6.56301 5.25834 
-2.69343 0.141407 14.1393 5.73128 
-2.69343 0.141407 14.1393 5.73128 
-5.55767 -0.871346 15.0568 7.91372 
-5.67212 -2.93951 15.3477 9.80467 
-1.89426 -3.59639 8.98788 10.9724 
-1.89426 -3.59639 8.98788 10.9724 
-6.71896 -3.0944 15.1047 10.8194 
-2.89419 -3.0944 16.9416 10.8194 
-6.74466 -3.39673 24.9731 13.2319 
-6.74466 -3.39673 24.9731 13.2319 
0.142248 -3.64397 11.9621 16.049 
2.84504 -0.92563 9.50663 16.049 
2.84504 -0.92563 9.50663 16.049 
6.4376 1.01269 17.4504 11.311 
-0.0662039 1.01269 10.9863 12.6506 
-1.86881 -1.90709 5.98283 11.3454 
-2.89948 -2.69902 5.98283 11.4556 
-3.94682 -3.15963 18.923 13.2118 
-4.87827 -3.41359 18.923 13.2118 
-8.86858 -4.89134 28.3152 16.3493 
-8.86858 -4.89134 28.3152 16.3493 
-8.9371 -4.95347 18.3069 19.5557 
-8.9371 -4.95347 27.5025 19.5557 
-5.21897 -3.53403 29.2043 21.6693 
-7.83558 -5.31491 20.968 22.6222 
-7.83558 -5.31491 23.5801 22.6222 
-7.01797 -5.3495 34.3802 25.6378 
-3.80387 -3.13383 25.4297 26.2712 
-4.03767 -3.68567 27.7096 27.6048 
-4.34733 -3.68567 27.7096 27.6048 
-4.34733 -3.68567 27.7096 27.6048 
-8.46705 -6.39563 29.3088 28.6269 
-8.46705 -6.39563 29.3088 30.2289 
-8.45945 -3.59612 29.1277 30.8055 
-4.20731 -4.61192 29.2016 30.8055 
-1.45339 -4.86838 21.0249 31.2091 
-2.10102 -0.0593804 21.0249 31.2091 
-2.10102 -2.41012 13.4543 28.8816 
1.51099 -2.41012 14.8727 28.8816 
-3.08805 -5.56663 24.582 32.7247 
-8.37807 -6.83901 33.5669 36.6922 
-8.37807 -5.02379 33.5076 36.6922 
-8.37807 -5.02379 33.5076 36.6922 
-7.47939 -4.58899 33.0388 36.6922 
-6.56396 -4.99919 32.3979 36.6922 
-6.56396 -5.43249 30.2686 36.6922 
-5.77655 -8.04677 34.8597 36.6922 
-2.91998 -8.04677 25.7317 36.6922 
-4.14939 -5.6195 30.9201 36.6922 
-4.14939 -5.6195 30.9201 36.6922 
-2.62707 -5.30456 27.7669 36.6922 
-2.27252 -4.43575 19.4576 35.5225 
-2.27252 -4.43575 19.4576 35.5225 
-2.27252 -0.23727 19.4576 35.5225 
3.48587 -2.27962 18.0121 35.4585 
3.48587 -2.27962 11.5502 26.2996 
1.4631 -0.978211 10.3028 14.8343 
2.17945 -1.20498 7.14864 8.06169 
2.17945 -1.20498 7.14864 8.06169 
3.04458 -1.34382 4.24332 1.16861 
12.0915 2.73024 -21.9934 -11.597 
12.0915 2.73024 -21.9934 -11.597 
9.11208 0.615209 -16.7914 -9.35656 
9.11208 0.615209 -16.7914 -9.35656 
9.11208 0.615209 -16.7914 -9.66253 
9.63248 1.91666 -19.0618 -9.66253 
6.28014 -0.530579 -9.21807 -4.48512 
6.61336 0.110806 -8.99328 -5.12606 
6.61336 -1.95075 -8.99328 -5.12606 
6.61336 -1.95075 -8.99328 -5.12606 
6.61336 1.16093 -8.99328 -5.12606 
2.67383 -1.43625 1.30998 4.17371 
2.67383 -1.43625 -3.44664 4.17371 
2.67383 -1.43625 -3.44664 4.17371 
2.67383 -1.43625 -3.44664 4.17371 
2.25987 -10.3986 6.1539 -1.01046 
2.25987 -10.3986 6.1539 -1.01046 
1.75419 -4.40374 1.36206 -0.40888 
3.1362 0.35975 -2.6405 -1.41646 
3.1362 0.35975 -3.50728 -2.67756 
4.29174 2.38701 -6.29562 -3.47503 
4.29174 2.38701 -6.29562 -3.47503 
6.5807 -3.72536 -5.99796 -4.37665 
5.76952 0.166585 -7.23575 -3.95472 
5.91042 -3.96405 -4.9099 -4.09061 
5.91042 -3.96405 -4.9099 -3.22963 
5.86564 -2.91526 -5.27519 -4.78491 
4.57103 1.90323 -6.69479 -3.16974 
4.57103 0.728529 -6.28444 -3.78085 
4.19555 -1.7073 -5.2893 -2.88774 
3.31591 0.421713 -4.88695 -2.88774 
3.33384 -1.1018 -1.64947 -2.65482 
3.33384 -1.7219 -1.64947 -2.65482 
3.33384 -1.7219 -1.67279 -2.65482 
2.36118 -0.276491 -0.0435632 -3.49152 
1.07985 3.37371 -0.0435632 -0.778112 
1.07985 3.37371 -1.05218 -0.778112 
4.66558 -3.20898 -1.56885 -3.77306 
4.85494 -3.22638 -2.50755 -2.77369 
4.85494 -3.22638 -2.50755 -2.77369 
4.85494 -3.22638 -2.50755 -0.838429 
3.84749 -0.785753 -2.69036 -4.87277 
5.3877 -3.97172 -2.90999 -4.80361 
5.3877 -3.97172 -2.90999 -4.80361 
4.99447 -2.06634 -3.37539 0.0681793 
4.99447 2.19651 -2.98192 0.0681793 
3.57201 1.23149 -3.18676 -3.1956 
4.58822 1.23149 -3.18676 -3.1956 
5.0409 -0.391354 -4.30668 -3.56745 
5.0213 -0.180011 -4.62189 -3.49052 
5.0213 -0.180011 -4.62189 -3.49052 
7.11008 -2.51897 -5.01183 -9.1947 
7.11008 -2.51897 -5.01183 -9.1947 
5.68242 -1.09515 -5.87786 -4.91142 
2.23048 2.63292 -4.03787 -1.29595 
3.10968 1.65517 -3.27776 -1.29595 
4.3161 0.613858 -3.66141 -4.56274 
4.97806 0.212455 -4.50588 -3.96535 
4.97806 0.212455 -4.50588 -3.96535 
8.43187 -1.64297 -7.19753 -7.82799 
8.43187 -1.64297 -7.19753 -7.82799 
3.26711 2.78435 -5.49353 -1.13809 
3.41462 1.05137 -2.49815 -7.77386 
3.41462 1.05137 -1.35577 -7.77386 
1.27158 2.92229 -0.887793 -6.63347 
-0.835255 0.374218 -0.0861476 0.170343 
-0.835255 -1.19632 -0.0861476 0.170343 
7.56672 -3.08939 -4.83195 -8.62268 
7.56672 -3.08939 -4.83195 -8.62268 
3.16457 -0.21226 -6.29803 -7.37436 
0.18162 2.07197 -3.37408 1.30003 
0.18162 0.739331 1.7861 1.30003 
1.996 0.739331 1.7861 -3.32308 
1.996 -2.71208 1.7861 -3.32308 
11.0829 -2.83685 -7.80923 -12.5843 
11.0829 2.26668 -7.80923 -12.5843 
4.1155 3.11324 -6.08387 -6.20719 
4.1155 2.18599 -4.77266 -6.20719 
4.1155 2.18599 -4.77266 -6.20719 
-7.15003 0.212178 11.0184 2.52154 
-7.15003 -1.3935 13.3672 4.41108 
-2.17953 -0.81963 7.36304 3.80822 
-2.17953 -0.81963 7.36304 3.80822 
-2.17953 -0.81963 7.36304 3.80822 
4.38626 -2.52398 3.29709 -6.8534 
0.947909 -2.52398 3.29709 -6.8534 
0.947909 -2.52398 3.29709 -6.8534 
0.947909 -2.52398 3.29709 -6.8534 
13.4116 -1.69579 -5.03865 -26.4085 
13.4116 -1.69579 -5.03865 -26.4085 
13.4116 -1.69579 -5.03865 -26.4085 
10.306 2.09758 -21.0281 -9.56963 
19.8607 1.25866 -19.1296 -7.45998 
9.30143 4.58779 -14.7961 -9.70559 
9.30143 4.58779 -14.7961 -9.70559 
13.543 0.842466 -14.8362 -19.0406 
13.543 1.78425 -9.31555 -19.0406 
3.65197 1.45671 -4.7739 -10.5577 
-2.66393 1.45671 1.35415 -2.27985 
-2.66393 1.45671 1.35415 -2.27985 
11.6973 -1.26364 -10.4621 -9.80213 
11.6973 0.853577 -10.4621 -9.80213 
8.57137 0.607909 -8.93971 -12.4835 
0.264778 1.07463 -2.4146 -0.403028 
0.25802 1.07463 0.235487 -2.34206 
7.87856 0.00461363 0.235487 -4.87294 
-0.150325 0.00461363 0.235487 -5.49915 
-0.150325 0.00461363 0.235487 -5.49915 
-10.2187 -0.946914 1.67458 6.98782 
-5.61874 -2.9985 1.67458 7.54732 
2.98499 -1.76448 1.67458 2.25596 
4.63362 -1.76448 1.67458 -7.59729 
5.12744 0.161267 1.67458 -14.2905 
5.12744 1.28056 -11.4756 -10.0409 
5.36648 1.55327 -11.4756 -0.667945 
5.34233 1.55327 -11.4756 -11.9973 
-1.53141 1.44712 -11.4756 0.155937 
-7.01559 0.487396 -4.91876 4.25641 
-7.04925 -1.36162 -4.91876 4.25641 
-7.04925 -1.996 -4.91876 -0.89067 
4.76003 -2.64068 -4.91876 -11.2804 
6.10637 -1.08306 -4.91876 -8.00159 
6.10637 -1.08306 -4.91876 -8.00159 
5.52558 1.59263 16.6351 -7.64738 
5.52558 1.59263 16.6351 -7.64738 
5.52558 1.59263 16.6351 -7.64738 
-2.03595 1.28456 -6.24327 0.0038485 
4.69263 1.34032 -6.24327 -6.36302 
3.57995 1.5995 -6.24327 -5.38747 
11.0193 1.25888 -6.24327 -15.132 
11.0193 1.25888 -13.0533 -15.132 
1.17653 1.09419 0.692805 -4.72762 
1.17653 0.316187 2.1174 -4.72762 
9.64411 0.100684 -5.95695 -14.3068 
-0.276671 0.688964 2.48048 -1.75132 
-0.587827 0.688964 3.40672 -2.44901 
5.46817 0.254099 -0.94097 -12.6453 
-3.35798 -0.653137 7.58384 -1.12192 
-3.35798 -0.653137 7.58384 -1.12192 
-3.35798 -0.653137 7.58384 -1.12192 
-2.38416 -1.67943 0.770068 -15.8012 
-2.38416 -1.67943 0.770068 -2.03785 
5.1472 -0.885727 -1.68193 -9.30748 
-2.99363 -0.885727 -1.68193 -9.30748 
3.8112 0.0243739 5.70992 -8.9828 
-4.49014 -0.0511012 7.77571 1.11868 
-4.49014 -0.682759 9.35994 1.96498 
0.965306 -0.977934 5.0497 -4.38499 
0.965306 -1.15424 10.895 -4.38499 
0.032641 -1.00678 5.62183 -3.15483 
-5.93753 -1.00678 5.62183 -3.15483 
0.0724773 -1.06789 10.5586 2.34572 
0.0724773 -1.27491 9.30273 0.775189 
-4.85892 -1.59991 9.30273 0.775189 
-4.85892 -1.76996 6.36572 -0.611769 
-4.85892 -1.76996 6.36572 -0.611769 
-7.63959 -2.08418 9.02834 4.73859 
-7.63959 -2.08418 3.77686 -3.80087 
-5.18254 -1.41627 2.99101 -2.09664 
-5.18254 -1.41627 2.80252 -0.611403 
0.693656 0.230596 -0.695658 -4.71567 
-3.95718 -0.451067 -0.695658 -4.71567 
0.311833 -0.521838 1.37907 -3.50921 
0.311833 -0.521838 1.37907 1.99238 
0.28384 -0.558187 2.03157 -3.26206 
-3.98423 -0.748436 6.09929 2.08848 
-4.40593 -1.01898 6.89389 2.40212 
-4.47605 -1.01898 6.89389 2.40212 
-1.76017 -1.2923 4.66956 -0.904948 
-1.76017 -1.2923 4.66956 -0.904948 
-1.90144 -1.39913 7.1012 -0.342291 
-1.90144 -1.07751 4.02222 -0.342291 
-3.94601 -1.20423 5.00447 0.966424 
-6.70886 -1.59031 6.7075 4.26819 
-6.70886 -1.59031 6.7075 4.26819 
-6.70886 -1.59031 8.08257 4.26819 
-6.70886 -1.59031 6.20983 1.73214 
-6.70886 -1.59031 2.01455 -0.130496 
-2.42345 -0.541177 2.23688 0.889213 
-2.42345 -0.541177 2.23688 0.889213 
-2.42345 -0.541177 2.23688 0.889213 
-4.11179 -1.5107 1.30569 -1.40744 
0.77094 -0.801231 1.28058 -1.52416 
0.915902 -0.097165 0.313171 -0.08239 
-0.283005 -0.097165 0.211852 -0.08239 
-0.723387 -0.731278 0.704554 -0.11655 
-0.944562 -0.731278 1.5918 0.660965 
-0.944562 -0.731278 1.5918 0.660965 
-1.46875 -0.911481 2.25345 1.10973 
-1.8448 -1.06736 2.6674 1.30669 
-1.6775 -1.14194 2.41007 1.12942 
-1.6775 -1.12404 2.41007 0.792394 
-1.37104 -1.06195 1.75162 0.611084 
-0.432925 -0.934603 0.557901 0.268202 
-0.432925 -0.934603 0.557901 0.268202 
-0.260796 -0.934603 0.361515 0.268202 
0.609911 -0.410503 -0.536291 -0.760029 
1.1561 -0.227827 -0.603735 -0.802192 
1.52993 -0.227827 -1.54789 -1.46489 
1.75288 -0.0885468 -1.83484 -1.57705 
1.8704 -0.0885468 -1.94292 -1.57705 
1.23954 0.004037 -1.19837 -1.08868 
0.900886 -0.175018 -1.19837 -1.08868 
0.900886 -0.175018 -1.19837 -1.08868 
0.900886 -0.175018 -1.19837 -1.08868 
0.900886 -0.175018 -1.19837 -1.08868 
0.900886 -0.175018 -1.19837 -1.08868 
