2.37664e-312 4.94066e-324 3.95253e-323 -nan 
0.34716 1.75237 -0.229874 1.56178 
0.347023 1.75146 -0.229953 1.56088 
0.526756 3.17854 -0.230076 1.5599 
0.573501 3.08029 -0.17508 3.16935 
0.573501 3.08029 -0.17508 3.16935 
0.590462 3.05192 -0.114549 3.05607 
0.590462 3.03302 -0.114549 3.05607 
0.644543 2.88682 -0.0902847 2.95694 
0.644543 2.88682 -0.0902847 2.95694 
0.685703 2.82484 -0.0659834 2.907 
0.685703 2.7683 -0.0576501 2.86586 
0.702511 2.69959 -0.0576501 2.81083 
0.724252 2.5733 -0.0474071 2.76944 
0.724252 2.5733 -0.040809 2.76944 
0.762117 2.51222 -0.040809 2.68153 
0.772441 2.43684 -0.0342884 2.6232 
0.784627 2.36832 -0.0345683 2.57449 
0.784627 2.36832 -0.0345683 2.57449 
0.777395 2.11148 -0.0619735 2.35291 
0.771286 2.07053 -0.0698686 2.31581 
0.764827 2.02862 -0.0793403 2.27922 
0.749894 1.97351 -0.0942535 2.22439 
0.744965 1.93711 -0.101957 2.19309 
0.744965 1.93711 -0.114054 2.19309 
0.726137 1.84753 -0.120128 2.10356 
0.710871 1.79526 -0.13204 2.04644 
0.710871 1.79526 -0.13204 2.04644 
0.686872 1.72601 -0.147454 1.97334 
0.686872 1.72601 -0.147454 1.97334 
0.665113 1.63795 -0.171967 1.86538 
0.628622 1.5875 -0.178162 1.79864 
0.628622 1.5875 -0.186456 1.79864 
0.613738 1.56245 -0.202969 1.74829 
0.613738 1.56245 -0.202969 1.74829 
0.589084 1.53195 -0.206354 1.71471 
0.589084 1.53195 -0.206354 1.71471 
0.555308 1.49888 -0.217715 1.65485 
0.512915 1.46373 -0.233336 1.58365 
0.512915 1.46373 -0.241133 1.58365 
0.494594 1.45551 -0.247857 1.55765 
0.494594 1.45551 -0.254128 1.55765 
0.464511 1.45912 -0.255496 1.52765 
0.464511 1.45912 -0.255496 1.52765 
0.430484 1.46041 -0.263778 1.49049 
0.413739 1.46312 -0.270938 1.45177 
0.387995 1.4543 -0.270938 1.43654 
0.378145 1.47639 -0.277275 1.42106 
0.352557 1.47063 -0.279474 1.40654 
0.334528 1.48178 -0.281085 1.39311 
0.317043 1.4939 -0.282191 1.38044 
0.299731 1.50712 -0.282924 1.36872 
0.291881 1.53717 -0.278313 1.38065 
0.291881 1.53717 -0.278313 1.38065 
0.252057 1.55621 -0.282286 1.34541 
0.237689 1.57508 -0.282286 1.34112 
0.233583 1.6113 -0.274548 1.36208 
0.233583 1.6113 -0.274548 1.36208 
0.15294 1.63888 -0.290823 1.25969 
0.121017 1.66201 -0.289003 1.26434 
0.11089 1.68232 -0.285878 1.26492 
0.101861 1.70146 -0.284011 1.2682 
0.0878593 1.73907 -0.278719 1.27766 
0.0878593 1.73907 -0.278719 1.27766 
0.0878593 1.73907 -0.278719 1.27766 
0.0785823 1.78081 -0.268681 1.30043 
0.0785823 1.78081 -0.268681 1.30043 
0.0857387 1.83628 -0.270725 1.34946 
0.0848947 1.83218 -0.263858 1.32969 
0.0848947 1.84918 -0.262276 1.34288 
0.0842949 1.88301 -0.253547 1.38393 
0.0743397 1.87557 -0.253547 1.38393 
0.0758464 1.88864 -0.253956 1.3783 
0.0798054 1.90113 -0.250809 1.36107 
0.0855486 1.91396 -0.24902 1.41257 
0.0921527 1.92552 -0.25089 1.39336 
0.0994213 1.93627 -0.25089 1.44774 
0.0994213 1.93627 -0.25089 1.44774 
0.0970087 1.93137 -0.242326 1.44774 
0.092581 1.91712 -0.245931 1.45184 
0.092581 1.90222 -0.245931 1.45184 
0.092581 1.90222 -0.245931 1.45184 
0.154099 1.96607 -0.227102 1.54426 
0.153052 1.95058 -0.225124 1.54471 
0.181485 1.95583 -0.225124 1.56877 
0.180545 1.935 -0.221224 1.56877 
0.180545 1.935 -0.224516 1.55161 
0.212858 1.94216 -0.217934 1.64039 
0.229123 1.94586 -0.210983 1.61924 
0.245933 1.94823 -0.208008 1.6439 
0.280204 1.97531 -0.196037 1.70581 
0.296657 1.951 -0.193245 1.70472 
0.296657 1.951 -0.198299 1.70472 
0.296852 1.92554 -0.198299 1.68749 
0.296852 1.92554 -0.198299 1.68749 
0.350644 1.95267 -0.187575 1.75199 
0.390626 1.98148 -0.166564 1.84368 
0.409554 1.98182 -0.162479 1.82155 
0.427743 1.98171 -0.161244 1.89479 
0.445965 1.98079 -0.163788 1.86778 
0.454823 1.89375 -0.163788 1.86236 
0.454823 1.89375 -0.163788 1.86236 
0.482344 1.86827 -0.178032 1.81165 
0.482344 1.86827 -0.166589 1.87911 
0.482344 1.86827 -0.166589 1.87911 
0.563818 1.93154 -0.137153 2.02677 
0.55753 1.90306 -0.138671 1.99136 
0.573177 1.90649 -0.136909 2.01741 
0.612646 1.90891 -0.133036 2.03936 
0.603229 1.91216 -0.129232 2.05995 
0.632084 1.94334 -0.122354 2.07966 
0.632084 1.94334 -0.122354 2.07966 
0.632084 1.88732 -0.128219 2.06328 
0.656617 1.88732 -0.116909 2.13728 
0.673342 1.92338 -0.110241 2.15667 
0.673342 1.92338 -0.110241 2.15667 
0.729567 1.96404 -0.0937576 2.26232 
0.716468 1.96404 -0.0937576 2.26232 
0.756633 1.96771 -0.0943236 2.23586 
0.74007 1.90949 -0.0989905 2.16634 
0.74007 1.88175 -0.10782 2.16634 
0.703268 1.88946 -0.111947 2.13547 
0.700651 1.86211 -0.110732 2.15114 
0.747416 1.90296 -0.0937929 2.24224 
0.724023 1.87596 -0.0991804 2.18853 
0.724023 1.87596 -0.0991804 2.18853 
0.724023 1.87596 -0.0991804 2.18853 
0.724023 1.87596 -0.0991804 2.20927 
0.784181 1.92249 -0.0762118 2.29873 
0.738052 1.9305 -0.0965674 2.276 
0.708456 1.9305 -0.107107 2.16341 
0.745475 1.9305 -0.095119 2.24301 
0.745475 1.90268 -0.095119 2.24301 
0.68497 1.83996 -0.111809 2.13395 
0.68497 1.83996 -0.111809 2.13395 
0.68497 1.83996 -0.111809 2.13395 
0.691761 1.91616 -0.0810077 2.14795 
0.748715 1.89409 -0.0832578 2.25231 
0.748715 1.89409 -0.0832578 2.25231 
0.752632 1.89934 -0.0964283 2.19266 
0.755855 1.9044 -0.0858908 2.19266 
0.798483 1.94085 -0.0858908 2.28603 
0.798483 1.94085 -0.0804741 2.28603 
0.769636 1.94757 -0.0658009 2.30942 
0.769636 1.91955 -0.0729995 2.30942 
0.777133 1.95117 -0.0860152 2.24314 
0.656552 1.8398 -0.117509 2.13614 
0.614489 1.8132 -0.127677 2.0631 
0.619798 1.81733 -0.115138 2.16122 
0.671888 1.81733 -0.115138 2.1661 
0.723499 1.8858 -0.0927323 2.25883 
0.63868 1.86365 -0.101171 2.11786 
0.63868 1.83833 -0.110765 2.11786 
0.63868 1.83833 -0.110765 2.11786 
0.63868 1.89559 -0.110765 2.11786 
0.708221 1.86726 -0.0975784 2.23862 
0.770681 1.89813 -0.0870248 2.2413 
0.770681 1.89813 -0.0870248 2.2413 
0.731889 1.87225 -0.0980705 2.17637 
0.739235 1.87254 -0.0980705 2.19368 
0.739235 1.87254 -0.0980705 2.19368 
0.739235 1.87254 -0.0980705 2.19368 
0.697973 1.84776 -0.0808087 2.32101 
0.827829 1.89729 -0.0576137 2.4158 
0.827829 1.89729 -0.0576137 2.4158 
0.856307 1.88594 -0.0529865 2.32654 
0.802726 1.8617 -0.0592791 2.35403 
0.802726 1.8617 -0.0592791 2.37111 
0.892593 1.8704 -0.0562638 2.38153 
0.835867 1.8464 -0.0542713 2.38153 
0.846297 1.84008 -0.0513907 2.39988 
0.846297 1.84008 -0.0513907 2.40769 
0.862799 1.83123 -0.0454038 2.4146 
0.862799 1.83123 -0.0454038 2.4146 
0.869756 1.8271 -0.0425033 2.42068 
0.810437 1.80286 -0.0527833 2.32685 
0.901397 1.78368 -0.047059 2.34733 
0.838154 1.78368 -0.047059 2.34733 
0.867127 1.76178 -0.0461026 2.37415 
0.955772 1.76455 -0.0311715 2.49022 
0.955772 1.76455 -0.0311715 2.49022 
1.05103 1.76114 -0.0168513 2.615 
0.980903 1.74344 -0.0203764 2.5029 
0.989805 1.73383 -0.0231528 2.51515 
0.989805 1.73383 -0.0231528 2.51515 
1.00417 1.70495 -0.0344037 2.41365 
1.03344 1.69273 -0.0152956 2.53734 
1.05055 1.69273 -0.0179025 2.55221 
1.15331 1.66249 -0.0161081 2.55969 
1.15331 1.6536 -0.0148254 2.55969 
1.1744 1.63917 -0.000476917 2.57117 
1.00966 1.63157 -0.0235133 2.46647 
0.928957 1.60597 -0.0381193 2.46647 
0.953624 1.59054 -0.0557509 2.26832 
0.953624 1.5749 -0.0416511 2.38802 
0.953624 1.5749 -0.0416511 2.38802 
0.909517 1.53024 -0.0403519 2.39938 
0.821822 1.52517 -0.0557977 2.19108 
0.94183 1.49368 -0.0474785 2.32494 
0.94183 1.49368 -0.0474785 2.32494 
0.488169 1.49423 -0.111904 1.91122 
0.488169 1.4994 -0.127129 1.70759 
0.411382 1.49104 -0.138727 1.6083 
0.411382 1.48782 -0.138727 1.75112 
0.314879 1.49875 -0.145933 1.64117 
0.23893 1.48179 -0.15145 1.82608 
0.23893 1.43649 -0.15145 1.82608 
0.23893 1.43649 -0.15145 1.82608 
0.65564 1.36278 -0.14388 1.8655 
0.482905 1.36166 -0.141628 1.81326 
0.482905 1.36166 -0.149864 1.81326 
0.482905 1.36166 -0.149864 1.81326 
0.560408 1.34568 -0.160529 1.91324 
0.560408 1.34568 -0.160529 1.91324 
0.560408 1.37805 -0.160529 1.91324 
0.456778 1.37805 -0.160529 1.79964 
0.774444 1.24667 -0.146998 1.9611 
0.801622 1.24667 -0.146998 2.1104 
0.700693 1.24009 -0.127929 2.00495 
0.700693 1.18523 -0.136099 2.00495 
0.887766 1.17573 -0.121219 2.20528 
0.887766 1.17573 -0.121219 2.20528 
1.1247 1.08828 -0.0880067 2.37108 
1.05279 1.13985 -0.0844767 2.29665 
1.05279 1.11248 -0.0809806 2.29665 
1.26399 0.998508 -0.0643642 2.44692 
1.26399 1.07193 -0.0585532 2.44692 
1.17578 1.02009 -0.0503094 2.36717 
1.21356 1.02009 -0.0503094 2.39144 
1.21356 1.02009 -0.0503094 2.39144 
1.08467 1.08438 -0.0519375 2.28846 
1.32819 0.952047 -0.0259248 2.457 
1.32819 0.952047 -0.0259248 2.457 
1.53678 0.857354 -0.00505198 2.6237 
1.35128 0.857354 -0.00505198 2.6237 
1.35128 0.857354 -0.0050907 2.51037 
1.61238 0.857354 0.0109174 2.67055 
1.41025 0.857354 0.0152793 2.55334 
1.42923 0.947206 0.019345 2.57249 
1.47338 0.730283 0.0347733 2.60082 
1.47338 0.730283 0.0347733 2.48163 
1.47338 0.816858 0.0347733 2.48163 
1.53115 0.670883 0.0521553 2.62228 
1.53759 0.661255 0.0521553 2.62629 
1.75104 0.49107 0.078723 2.7484 
1.75104 0.608275 0.082828 2.7484 
1.51893 0.545553 0.0900094 2.63296 
1.51893 0.497071 0.0900094 2.6314 
1.62449 0.406177 0.123266 2.63386 
1.41786 0.534726 0.123266 2.51089 
1.41786 0.534726 0.129211 2.51089 
1.88706 0.196183 0.13322 2.63158 
1.88706 0.196183 0.13322 2.63158 
1.8058 0.162927 0.165492 2.74106 
1.53661 0.305925 0.1684 2.74106 
1.82167 0.0431267 0.179911 2.60895 
1.82167 0.197874 0.193922 2.60895 
1.82167 0.197874 0.193922 2.60895 
1.59071 0.130149 0.216969 2.56911 
1.37838 0.130149 0.221888 2.56911 
1.76787 0.557045 0.202743 2.1037 
0.886773 0.557045 0.182328 2.1037 
0.916764 0.475554 0.17285 2.09077 
0.927114 0.475554 0.177977 2.09077 
0.98899 0.364994 0.19338 2.04273 
0.98899 0.364994 0.19338 2.04273 
0.752347 0.522222 0.19338 1.93917 
1.13846 0.423108 0.196577 2.00057 
1.13846 0.423108 0.196577 1.97148 
1.43325 -0.143657 0.205375 1.94987 
1.16469 0.0469661 0.201302 1.93387 
1.22047 -0.101502 0.198818 1.9176 
1.24917 -0.101502 0.198818 1.9176 
1.5519 -0.380044 0.214453 1.96965 
1.5519 -0.380044 0.214453 1.96965 
1.66185 -0.555255 0.230932 1.89186 
1.66185 -0.555255 0.230932 1.89186 
1.36287 -0.324178 0.212375 1.80074 
1.48322 -0.538652 0.198301 1.71305 
0.937745 -0.329634 0.176819 1.63079 
0.990902 -0.224761 0.181844 1.5266 
0.990902 -0.224761 0.181844 1.5266 
0.574782 -0.0375536 0.165193 1.30871 
0.261068 0.210431 0.165193 1.23293 
0.261068 0.117462 0.165193 1.23293 
0.758936 -0.300906 0.165193 1.19739 
0.758936 -0.300906 0.165193 1.19739 
0.90303 -0.499639 0.228061 1.12126 
0.581808 -0.245407 0.194927 1.06631 
0.581808 -0.374038 0.204935 1.03602 
0.446701 -0.35501 0.18867 0.939382 
0.245143 -0.121673 0.18867 0.939382 
-0.211606 0.192745 0.113293 0.81201 
-0.389492 0.299243 0.106329 0.735653 
-0.60645 0.399632 0.116087 0.620019 
-0.60645 0.399632 0.116087 0.620019 
-0.0473978 -0.0803271 0.197509 0.612975 
-0.354591 0.176649 0.165695 0.588453 
-0.0142958 -0.14204 0.208937 0.57131 
-0.0142958 -0.14204 0.208937 0.57131 
0.541393 -0.620628 0.273929 0.58612 
0.541393 -0.620628 0.273929 0.58612 
0.822957 -0.874756 0.294173 0.603052 
0.50668 -0.605166 0.246928 0.60668 
1.11675 -1.12774 0.313546 0.618998 
0.79504 -0.835971 0.261055 0.632953 
0.992677 -1.01132 0.277749 0.631026 
1.59839 -1.51278 0.289653 0.636023 
1.24559 -1.15999 0.2895 0.649333 
1.4206 -1.30105 0.295863 0.661928 
1.56189 -1.40752 0.304092 0.677637 
2.13283 -1.48274 0.368045 0.686353 
2.13283 -1.48274 0.368045 0.726855 
2.29254 -1.97256 0.303179 0.750977 
1.85177 -1.52787 0.303179 0.750977 
2.50826 -2.06896 0.374099 0.783028 
2.05542 -1.63502 0.308326 0.799901 
2.69522 -2.16836 0.323988 0.827364 
2.69522 -2.16836 0.323988 0.827364 
2.32503 -1.82576 0.334471 0.827257 
2.43712 -1.93989 0.352596 0.827257 
3.00509 -2.40052 0.437816 0.862881 
3.00509 -2.40052 0.437816 0.862881 
2.49392 -1.91479 0.395722 0.928646 
2.58502 -2.02967 0.411398 0.972373 
2.58502 -2.02967 0.411398 0.972373 
2.19231 -1.70461 0.379159 0.996085 
2.37272 -1.88877 0.347663 1.0446 
2.37272 -1.88877 0.347663 1.0446 
3.07468 -2.24679 0.491245 1.04003 
3.03436 -2.0952 0.565189 1.00855 
3.04804 -2.08591 0.564338 1.05343 
3.04804 -2.08591 0.564338 1.05343 
3.05187 -2.1029 0.571863 1.05343 
3.04969 -2.10804 0.571863 1.05343 
3.0441 -2.06569 0.608553 1.09566 
3.05546 -2.02558 0.614492 1.10421 
3.07098 -1.97899 0.62355 1.10807 
3.07098 -1.97899 0.62355 1.10807 
3.08639 -1.92547 0.566972 1.18597 
3.10475 -1.81092 0.64124 1.11733 
3.10475 -1.75805 0.559792 1.11733 
3.06588 -1.70568 0.638792 1.13102 
3.03658 -1.65456 0.638792 1.14374 
3.53148 -2.00055 0.701224 1.06869 
3.53148 -2.00055 0.701224 1.06869 
3.33793 -1.78687 0.701224 1.07214 
2.74772 -1.78687 0.680435 1.06806 
2.74772 -1.30796 0.680435 1.06806 
2.66584 -1.23283 0.591563 1.22189 
2.66584 -1.23283 0.591563 1.10777 
2.66584 -1.23283 0.591563 1.10777 
2.31164 -0.921602 0.580231 1.04038 
2.31164 -0.921602 0.580231 1.04038 
2.22266 -0.871284 0.589473 0.974037 
2.22266 -0.871284 0.592281 0.974037 
2.08934 -0.774927 0.515496 0.881821 
2.08934 -0.691435 0.598888 0.881821 
1.27604 -0.223169 0.362031 1.06743 
0.746596 -0.223169 0.362031 1.06743 
-0.268752 0.801839 0.421841 0.925865 
-0.342783 0.434486 0.476214 0.775763 
-0.342783 0.803515 0.476214 0.775763 
-0.342783 0.803515 0.476214 0.775763 
-0.342783 0.803515 0.476214 0.775763 
-0.761737 1.03016 0.406805 0.801409 
-0.700717 0.862984 0.550425 0.438206 
-0.700717 0.862984 0.550425 0.438206 
-0.700717 0.862984 0.550425 0.438206 
-0.114375 0.340366 0.693137 0.0149808 
-0.114375 0.340366 0.693137 0.0149808 
-0.284899 0.282816 0.417531 -0.0266401 
-0.651811 0.282816 0.504813 -0.22081 
-0.651811 0.490796 0.504813 -0.22081 
-0.382203 0.176887 0.536905 -0.392165 
-0.382203 0.188274 0.536905 -0.404791 
-0.382203 0.188274 0.536905 -0.404791 
-1.59781 0.776121 0.343241 -0.335437 
-1.59781 0.776121 0.343241 -0.335437 
-1.69783 0.809275 0.451252 -0.335437 
-1.69783 0.809275 0.451252 -0.335437 
-1.80678 0.688078 0.548451 -0.726413 
-2.05443 0.832668 0.423996 -0.534866 
-1.95077 0.692003 0.509864 -0.68045 
-1.95077 0.692003 0.509864 -0.68045 
-2.18674 0.79297 0.449116 -0.598833 
-2.18674 0.79297 0.449116 -0.598833 
-2.95862 1.11418 0.464248 -0.634485 
-2.95862 1.11418 0.464248 -0.634485 
-2.95862 1.11418 0.464248 -0.634485 
-3.25492 1.26459 0.364798 -0.482449 
-3.5928 1.38773 0.602534 -0.877229 
-3.89673 1.4836 0.653094 -0.9602 
-3.86262 1.47262 0.498064 -0.700574 
-4.17043 1.58217 0.578118 -0.838406 
-4.03773 1.55008 0.442007 -0.618043 
-3.96758 1.5404 0.411116 -0.572987 
-3.96758 1.5404 0.411116 -0.572987 
-3.96758 1.5404 0.411116 -0.572987 
-5.0084 2.22959 0.567005 -0.909202 
-5.39986 2.51047 0.534458 -0.861681 
-5.39986 2.51047 0.534458 -0.861681 
-5.39986 2.51047 0.534458 -0.861681 
-5.76112 2.86023 0.439898 -0.838347 
-5.82359 2.92287 0.443774 -0.835846 
-5.90093 2.99595 0.454046 -0.85094 
-6.48211 3.57659 0.534205 -0.902382 
-6.48211 3.32866 0.534205 -0.902382 
-6.48211 3.32866 0.534205 -0.902382 
-7.03148 4.13641 0.613129 -0.985721 
-7.15107 4.3033 0.620649 -0.977617 
-7.9784 4.98432 0.720975 -1.11875 
-7.9784 4.98432 0.720975 -1.11875 
-7.36409 5.31689 0.684762 -0.879953 
-7.59644 4.90328 0.564187 -0.907207 
-7.74484 5.07404 0.584916 -0.95572 
-9.0097 5.07404 0.805326 -1.1514 
-9.0097 6.21546 0.805326 -1.1514 
-5.54123 4.96143 0.32737 -0.584923 
-5.54123 3.62168 0.32737 -0.584923 
-6.21188 4.73752 0.599632 -0.837253 
-6.21188 4.09052 0.487948 -0.837253 
-5.95115 4.64796 0.579517 -0.741646 
-5.95115 4.64796 0.579517 -0.741646 
-5.23717 4.08543 0.445619 -0.602643 
-6.54432 5.17511 0.512375 -0.675254 
-6.54432 5.17511 0.512375 -0.675254 
-8.38109 5.44352 0.556141 -0.924811 
-7.47797 5.44352 0.556141 -0.716096 
-8.38583 6.75501 0.444484 -0.819601 
-8.38583 6.75501 0.566846 -0.819601 
-7.89208 6.3209 0.414748 -0.620343 
-8.35782 6.69655 0.531722 -0.799808 
-8.35782 6.69655 0.531722 -0.799808 
-9.12627 7.27567 0.537275 -0.805161 
-9.29606 7.36157 0.53153 -0.781025 
-9.29606 7.36157 0.53153 -0.781025 
-9.29606 7.36157 0.53153 -0.781025 
-9.55482 7.72606 0.446318 -0.705834 
-11.9828 9.77621 0.29905 -0.682952 
-11.0265 9.77621 0.257415 -0.674247 
-11.3631 9.77621 0.199633 -0.661615 
-12.6367 11.6997 0.155776 -0.703334 
-12.6367 11.6997 0.142929 -0.703334 
-12.831 12.0497 0.101934 -0.610381 
-11.6532 10.823 0.101934 -0.607513 
-13.1077 12.6603 -0.219245 -0.4348 
-11.867 11.3364 -0.137556 -0.467342 
-11.867 11.3364 -0.270474 -0.380988 
-13.4214 13.4078 -0.553762 -0.227846 
-13.4214 13.4078 -0.404035 -0.227846 
-13.5417 13.7015 -0.669956 -0.163493 
-13.5417 13.7015 -0.669956 -0.163493 
-13.6339 13.8635 -0.515966 -0.0772763 
-13.5303 13.7454 -0.602754 -0.148971 
-13.5303 13.7454 -0.660612 -0.148971 
-13.7857 12.5038 -1.19431 0.308359 
-13.7857 12.5038 -1.19431 0.308359 
-11.3775 11.1758 -0.857672 0.119899 
-10.3007 11.1758 -0.857672 0.131772 
-11.6596 11.5865 -0.719699 0.664415 
-10.2873 9.7427 -1.03376 0.431166 
-10.3612 9.98799 -1.14929 0.510995 
-10.3612 10.0629 -1.26076 0.510995 
-10.2593 10.0629 -1.26076 0.6026 
-11.3415 11.9629 -1.90281 1.089 
-11.3415 10.1235 -1.90281 1.089 
-9.98429 12.4141 -2.30238 0.715716 
-11.4449 12.3845 -1.78699 0.989115 
-10.3058 12.3845 -1.98041 1.18567 
-11.8098 12.8688 -2.73877 1.83684 
-11.8098 12.8688 -2.73877 1.83684 
-10.6201 11.3123 -2.59152 1.8391 
-10.6201 11.3123 -2.59152 1.8391 
-10.6201 11.3123 -2.59152 1.8391 
-11.9064 13.6707 -3.50709 2.03468 
-10.3849 11.4541 -2.78844 2.03468 
-12.0156 13.9869 -3.76392 2.88091 
-12.0156 13.9869 -3.76392 2.88091 
-10.689 11.9063 -2.92007 2.03947 
-11.0114 12.2255 -3.14744 2.28883 
-12.628 14.6632 -4.49123 4.28143 
-11.2139 12.5195 -4.49123 4.28143 
-11.2139 12.5195 -4.75578 4.56628 
-11.3262 12.8844 -4.75578 4.56628 
-12.1368 14.7184 -5.92454 4.92347 
-9.43148 14.7184 -4.39625 4.26756 
-9.43148 14.7184 -4.39625 4.26756 
-6.00282 8.56784 -3.66172 4.13998 
-6.00282 8.56784 -3.66172 3.50081 
-4.63299 7.69846 -3.05569 4.05392 
-4.13629 7.52643 -3.05502 3.49347 
-3.66892 7.22457 -3.05103 3.53615 
-3.26241 6.91056 -3.01235 3.54499 
-3.26241 6.91056 -3.01235 3.54499 
-2.96039 7.24395 -3.4165 4.12267 
-2.96039 7.24395 -3.4165 4.12267 
-2.91815 6.38237 -2.44982 3.88457 
-2.42793 5.30732 -2.602 3.31259 
-2.42793 5.30732 -2.71317 3.47217 
-2.42793 5.30732 -2.71317 3.47217 
-2.42793 5.30732 -2.71317 3.47217 
-3.60623 6.61259 -2.42289 1.8732 
-2.83866 5.00707 -3.22438 3.97773 
-2.81212 4.89791 -2.95935 4.01093 
-2.91835 5.09902 -2.68863 4.01093 
-2.91835 5.09902 -2.68863 2.7705 
-2.95879 5.23001 -2.91538 3.28813 
-2.95879 5.23001 -2.91538 4.16073 
-1.86524 4.5698 -2.45977 3.36031 
-1.60524 3.75503 -2.03359 2.87522 
-1.50652 3.59956 -2.32471 3.25706 
-1.53303 3.72759 -1.93516 2.60891 
-1.53303 3.72759 -1.93516 2.60891 
-1.68066 4.27829 -1.60931 2.30381 
-1.68066 4.27829 -2.69919 3.6705 
-1.49095 3.96293 -2.54339 3.34749 
-1.17296 3.54272 -2.47333 3.88995 
-0.871444 3.39786 -2.11074 4.27412 
-0.871444 2.99537 -1.68435 3.79502 
-0.871444 2.99537 -1.68435 3.79502 
-0.871444 2.99537 -1.68435 3.79502 
-0.590131 3.5532 -1.96658 5.58328 
-0.402471 2.88582 -1.50122 4.99447 
-0.341876 2.82134 -1.50122 4.99447 
-0.319616 3.1759 -1.47208 6.08173 
-0.319616 3.1759 -1.47208 6.08173 
0.203864 2.46659 -0.771442 5.70333 
0.203864 2.21617 -0.771442 5.70333 
0.446921 2.1956 -0.424881 6.59321 
0.343184 1.97834 -0.0224591 6.05609 
0.438407 1.83269 0.173809 6.2432 
0.724874 1.77816 0.232506 7.00449 
0.584898 1.55976 0.232506 7.00449 
0.636949 1.45344 0.589916 6.47474 
0.682451 1.35664 0.908133 6.81787 
0.726584 1.26806 1.06248 6.9646 
0.726584 1.26806 1.06248 6.9646 
1.24932 0.610827 1.74486 7.24448 
1.24932 0.610827 1.74486 7.24448 
1.3546 0.496253 1.96081 7.2989 
1.4542 0.361769 2.14275 7.39505 
1.54791 0.226065 2.3139 7.4929 
1.54791 0.226065 2.3139 7.4929 
2.09003 -0.158993 2.58492 8.23211 
2.07783 0.0166832 2.77224 7.7514 
2.07783 0.0166832 2.77224 7.7514 
1.68547 -0.0668426 2.87952 7.44441 
1.51295 -0.715832 3.31545 7.94437 
1.69676 -0.531365 3.43267 7.48595 
2.99756 -1.56489 3.70428 7.98528 
2.99756 -1.56489 3.70428 7.98528 
2.39687 -1.01065 4.00663 8.49267 
2.50671 -1.01065 4.15032 8.49267 
3.14362 -1.80259 4.35336 8.573 
2.52216 -1.30781 4.36075 8.14834 
2.52216 -1.30781 4.43371 8.14834 
3.21922 -2.39872 4.73606 8.65785 
2.55585 -1.77275 4.81091 8.24142 
2.59133 -2.01021 4.81091 8.28916 
2.54319 -2.16741 4.98802 8.37181 
2.04107 -2.16741 4.90025 8.37181 
2.04107 -1.78418 4.90025 7.95467 
2.27936 -2.32587 4.90025 8.42109 
2.99586 -3.24237 5.18462 8.42747 
2.99586 -3.24237 5.18462 8.42747 
3.33556 -3.54116 5.48753 8.89951 
3.13713 -2.64291 5.3513 8.49204 
3.13713 -2.64291 5.41337 8.49204 
3.17772 -4.19389 5.71531 8.934 
3.17772 -4.19389 5.71531 8.934 
3.0436 -4.27037 5.83911 8.94054 
3.0436 -4.27037 5.83911 8.94054 
3.01511 -4.43646 5.92476 8.93793 
2.43446 -4.43646 5.92476 8.51268 
2.43446 -3.57843 5.72853 8.51268 
2.60498 -3.81502 5.74849 8.51762 
2.43165 -4.401 5.8338 8.47074 
2.43165 -4.401 5.8338 8.47074 
1.85752 -3.67615 5.59218 8.05736 
1.85752 -3.67615 5.59218 8.05736 
1.96802 -3.62354 5.36659 7.60231 
1.96802 -3.62354 5.36659 7.60231 
1.96802 -3.62354 5.36659 7.60231 
1.91202 -7.447 5.62475 6.3955 
2.26713 -5.4008 5.62475 7.94124 
2.26713 -5.4008 5.62475 7.94124 
2.00055 -5.66699 5.65713 8.17499 
2.00055 -5.66699 5.99182 8.17499 
1.53696 -4.74158 5.3443 7.65878 
1.53696 -4.74158 5.3443 7.26656 
1.53392 -5.38388 5.28334 7.20275 
1.53392 -5.38388 5.28334 7.20275 
1.33129 -5.38205 4.91319 6.73134 
1.33129 -5.38205 4.91319 6.73134 
1.01619 -4.48153 4.51557 5.8439 
0.889376 -3.76937 4.47322 6.18588 
0.889376 -3.76937 4.47322 6.18588 
0.786888 -4.26532 4.44977 6.19526 
0.786888 -5.31733 4.77871 6.84283 
0.474884 -5.86947 4.7911 6.91334 
0.474884 -4.55216 4.814 7.00415 
0.132617 -5.37174 5.17625 7.62442 
0.136856 -5.37174 5.17625 7.62442 
0.181768 -4.50462 4.86243 7.12982 
0.197097 -4.82485 4.86464 7.29205 
0.158887 -4.83625 4.88916 7.3497 
0.158887 -4.83625 4.88916 7.3497 
-0.473169 -5.08752 5.12913 8.16789 
-0.473169 -4.23194 5.12913 7.62675 
-0.727909 -4.82391 4.49542 7.15269 
-0.561379 -4.10045 4.75329 7.88796 
-0.605818 -4.1152 4.75376 7.92482 
-0.658244 -4.1152 4.74627 7.92482 
-0.658244 -4.1287 4.74627 7.9957 
-1.05475 -4.6205 5.06138 8.67881 
-1.05475 -4.6205 5.06138 8.11888 
-0.900763 -3.09345 4.33497 6.51538 
-0.635021 -2.73813 3.98889 7.33974 
-1.32962 -3.07503 3.90701 7.41013 
-1.32962 -3.07503 3.90701 7.52545 
-1.72509 -2.95214 3.77469 7.63113 
-1.39704 -2.53173 3.74709 7.71444 
-1.65531 -2.4993 3.72317 7.79024 
-1.65531 -2.48236 3.7073 7.85552 
-1.30873 -2.13474 3.48828 7.2049 
-1.62066 -2.18977 3.42603 7.36347 
-1.62066 -2.18977 3.42603 7.36347 
-1.62066 -2.18977 3.42603 7.36347 
-2.85645 -1.97456 3.24304 7.65685 
-2.99905 -1.88784 3.3103 8.53891 
-2.99905 -1.88784 3.3103 8.53891 
-3.04494 -1.81835 3.30614 8.58063 
-3.73685 -1.77208 3.41758 9.48089 
-3.70713 -1.52235 3.47235 9.58568 
-3.70713 -1.52235 3.47235 9.58568 
-3.76242 -1.24274 3.51209 9.66706 
-3.76242 -1.24274 3.51209 9.66706 
-4.12809 -0.652536 3.38081 9.90973 
-4.12809 -0.652536 3.38081 9.90973 
-3.83529 -0.253081 3.14503 9.35282 
-3.14675 -0.253081 3.14503 8.43945 
-3.14675 -0.357737 3.14503 8.43945 
-5.04347 0.145799 3.01343 9.52909 
-4.11303 -0.201343 3.01343 9.52909 
-4.96885 0.0354778 3.02314 9.51307 
-4.96885 -0.122576 3.03597 10.4883 
-5.16115 0.535624 2.99374 10.6506 
-5.16115 0.535624 2.99374 10.6506 
-4.40601 0.818519 2.97359 9.8061 
-4.59842 0.818519 2.93337 9.87354 
-4.59842 0.818519 2.93337 9.87354 
-3.88155 1.03317 2.78405 10.1013 
-5.13166 1.03317 2.76089 10.0806 
-5.13166 1.20607 2.71809 10.0806 
-6.27375 1.68039 2.64287 11.2018 
-6.27375 1.68039 2.64287 11.2018 
-5.17196 1.08657 2.77282 10.101 
-5.17196 1.27743 2.80685 9.18888 
-3.68594 1.22418 2.57172 8.56077 
-3.69833 2.09513 2.3918 8.11206 
-4.1996 2.09513 2.02608 8.11206 
-4.1996 2.09513 2.02608 8.11206 
-5.10977 2.64014 1.75071 8.35902 
-5.3896 2.64014 1.63682 8.35902 
-5.3896 2.64014 1.63682 8.35902 
-5.3896 2.64014 1.63682 8.35902 
-7.96699 3.86558 1.31345 10.8091 
-7.96699 3.86558 1.31345 10.8091 
-5.31024 2.3022 1.7369 8.59063 
-5.74099 2.3022 1.69664 8.73809 
-5.74099 2.3022 1.69664 8.73809 
-5.93208 3.22275 1.16774 8.38167 
-4.75939 2.27432 1.343 8.38167 
-6.53269 3.72568 1.18298 8.44881 
-6.53269 3.00316 1.18298 8.44881 
-7.02959 4.15053 1.19004 7.5619 
-5.76123 3.13723 1.26434 7.62983 
-5.76123 3.47348 1.26434 7.65338 
-6.46156 3.82382 1.2941 7.65338 
-4.88783 2.61472 1.2941 6.66835 
-4.10634 2.61472 1.32849 5.12156 
-4.90684 4.73984 0.87177 5.52395 
-6.8988 4.73984 0.750083 6.67554 
-6.96302 4.30434 0.930257 6.1081 
-6.97251 4.30434 0.871271 6.1081 
-6.97251 3.95113 0.871271 6.86987 
-7.07752 3.95113 1.03269 6.86987 
-6.18282 4.16596 1.50117 6.62642 
-6.65892 4.34708 1.70375 5.83217 
-6.65892 3.38793 1.53513 5.08412 
-5.60102 3.38793 1.53513 5.08412 
-7.69753 4.86846 1.75733 6.12591 
-7.69753 4.86846 1.75733 6.12591 
-10.5527 5.70893 2.69559 7.77362 
-10.5527 5.70893 2.69559 7.77362 
-8.58607 4.09151 3.02824 6.81084 
-8.78423 4.62168 3.20851 6.83477 
-8.95831 4.74561 3.58918 7.61944 
-7.54749 3.63466 4.10185 6.78419 
-7.54749 3.63466 3.76953 6.18978 
-9.50184 4.70484 3.99019 7.29589 
-9.55397 4.50694 4.91343 7.29589 
-7.93956 4.50694 4.91343 7.29589 
-9.80437 4.48081 5.5353 7.55298 
-9.81501 4.31068 5.86905 7.62955 
-9.81501 4.31068 5.86905 7.62955 
-5.10381 2.86448 4.42871 5.53943 
-5.10381 3.47921 4.60205 5.53943 
-4.24113 2.18639 3.87821 4.00564 
-4.24113 2.18639 3.87821 4.00564 
-5.80586 1.8462 3.30461 4.16112 
-6.2531 2.26795 4.32377 3.71498 
-6.2531 2.26795 4.32377 3.71498 
-7.13089 2.19593 6.38378 4.49794 
-7.13089 2.19593 6.38378 4.49794 
-7.86113 2.27651 7.09032 4.92385 
-7.88641 1.94381 7.6005 4.96061 
-6.57644 1.33563 6.79173 4.96061 
-7.95759 1.72208 8.8061 4.88768 
-7.95759 1.72208 8.8061 4.88768 
-8.13773 1.7097 9.64079 5.05605 
-6.99817 1.24253 8.55092 4.99214 
-6.99817 1.24253 8.55092 4.99214 
-2.37323 1.13211 4.84669 3.249 
-2.37323 1.13211 4.03343 3.249 
-4.34043 1.6313 6.01651 3.39087 
-4.34043 1.6313 6.01651 3.39087 
-4.77765 1.40158 6.58706 3.13915 
-6.42441 0.668256 9.39499 3.60716 
-6.60578 0.668256 9.39499 3.75049 
-4.04853 0.668256 5.88271 2.9675 
-6.18908 0.170453 4.17638 2.3916 
-3.50279 0.170453 7.42528 2.58476 
-5.25127 0.425173 9.815 2.68562 
-5.25127 0.425173 9.815 2.68562 
-6.04035 0.244509 10.6816 2.97868 
-6.21527 -0.152029 11.128 3.24838 
-5.26944 -0.308319 9.62386 3.3832 
-5.26944 -0.308319 9.62386 3.3832 
-6.67787 -0.617132 11.3547 3.40721 
-5.71143 -0.617132 12.0434 3.40721 
-6.8669 -0.884932 14.6457 3.85574 
-6.8669 -0.884932 14.6457 3.85574 
-5.14116 -1.11801 12.0101 4.26407 
-4.29872 -0.684831 10.9126 4.26407 
-4.29872 -0.684831 10.9126 4.26407 
-2.59912 -0.305312 12.4831 3.78118 
-4.16281 -0.305312 10.8992 4.0355 
-4.54231 -1.04154 9.50261 3.81379 
-4.8219 -1.30431 9.50261 4.00606 
-5.10558 -1.51601 13.4683 4.31315 
-5.37414 -1.69086 13.4683 4.31315 
-6.56424 -2.22488 16.8514 5.0264 
-6.56424 -2.22488 16.8514 5.0264 
-6.82429 -2.46403 14.6462 5.69563 
-6.82429 -2.46403 17.4592 5.69563 
-5.91643 -2.16842 18.3318 6.28655 
-6.94621 -2.91037 16.2785 6.42499 
-6.94621 -2.91037 16.9787 6.42499 
-6.94654 -3.22157 20.0793 7.64794 
-6.0532 -2.7544 17.9008 7.72165 
-6.13025 -3.06834 18.8094 8.40056 
-6.21754 -3.06834 18.8094 8.40056 
-6.21754 -3.06834 18.8094 8.40056 
-7.3743 -3.95019 19.5645 8.99175 
-7.3743 -3.95019 19.5645 9.42441 
-7.46891 -3.44209 20.0039 9.71062 
-6.41547 -3.6832 20.2153 9.71062 
-5.61788 -3.8801 18.1714 10.355 
-5.76774 -2.7344 18.1714 10.355 
-5.76774 -3.20387 16.0233 10.2702 
-4.79508 -3.20387 16.3766 10.2702 
-6.0227 -4.17187 19.1387 11.6743 
-7.43194 -4.86113 21.8001 13.0599 
-7.43194 -4.71047 21.9432 13.2758 
-7.43194 -4.71047 21.9432 13.2758 
-7.43678 -4.79376 22.136 13.7895 
-7.3194 -4.9293 22.1065 14.0766 
-7.3194 -5.12782 21.6341 14.0766 
-7.20383 -6.07443 23.0662 14.7623 
-6.30901 -6.07443 20.615 15.0265 
-6.64558 -5.90837 22.1083 15.5733 
-6.64558 -5.90837 22.1083 15.5733 
-6.11628 -5.97683 21.2394 16.5052 
-5.91617 -5.90277 18.8874 16.5575 
-5.91617 -5.90277 18.8874 16.5575 
-5.91617 -4.89175 18.8874 16.5575 
-4.04362 -5.21559 18.2712 17.6308 
-4.04362 -5.21559 16.2001 15.6612 
-4.32553 -4.6342 15.7249 13.0226 
-4.07759 -4.48959 14.6779 11.5089 
-4.07759 -4.48959 14.6779 11.5089 
-3.8115 -4.3504 13.6786 9.93856 
-0.9971 -2.52994 5.48675 4.35723 
-0.9971 -2.52994 5.48675 4.35723 
-1.11949 -2.6218 4.90278 3.69394 
-1.11949 -2.6218 4.90278 3.69394 
-1.11949 -2.6218 4.90278 3.09411 
-0.717721 -2.18974 3.72547 3.09411 
-1.16034 -3.30532 5.97852 3.66037 
-0.658503 -3.15445 4.3369 2.87402 
-0.658503 -3.68742 4.3369 2.87402 
-0.658503 -3.68742 4.3369 2.87402 
-0.658503 -2.96408 4.3369 2.87402 
-0.994438 -4.52185 6.32898 3.98097 
-0.994438 -4.52185 5.12125 3.98097 
-0.994438 -4.52185 5.12125 3.98097 
-0.994438 -4.52185 5.12125 3.98097 
-1.05111 -7.15019 7.22568 3.40378 
-1.05111 -7.15019 7.22568 3.40378 
-0.855574 -6.54256 6.18368 3.01129 
-0.429256 -5.42491 5.09955 2.59342 
-0.429256 -5.42491 4.7725 2.21762 
-0.145082 -4.65071 3.865 1.72828 
-0.145082 -4.65071 3.865 1.72828 
0.732841 -5.41153 2.82787 0.874238 
0.716685 -4.46983 2.25193 0.749868 
0.932881 -5.7267 2.67669 0.550775 
0.932881 -5.7267 2.67669 0.525515 
1.30328 -5.79415 2.19393 -0.0371192 
1.14936 -4.66409 1.66463 0.0808654 
1.14936 -4.90693 1.54588 -0.199535 
1.45564 -3.87625 0.313734 -0.620382 
1.30693 -3.27342 0.212147 -0.620382 
1.43143 -3.43403 0.585556 -0.857583 
1.43143 -3.24646 0.585556 -0.857583 
1.43143 -3.24646 0.489956 -0.857583 
1.64176 -3.83424 0.754797 -1.34979 
1.37237 -2.97773 0.754797 -0.925714 
1.37237 -2.97773 0.54151 -0.925714 
2.32368 -4.56612 0.335896 -1.82906 
2.52778 -4.74029 0.102242 -1.88406 
2.52778 -4.74029 0.102242 -1.88406 
2.52778 -4.74029 0.102242 -1.65851 
2.68769 -4.66865 -0.0939442 -2.65112 
3.40734 -5.80885 -0.3404 -3.06197 
3.40734 -5.80885 -0.3404 -3.06197 
3.61759 -5.61576 -0.669349 -2.20842 
3.61759 -4.56068 -0.638924 -2.20842 
3.40213 -4.67075 -0.871323 -3.16475 
3.72783 -4.67075 -0.871323 -3.16475 
3.96883 -4.89194 -1.39939 -3.64152 
4.13161 -4.86716 -1.61526 -3.81522 
4.13161 -4.86716 -1.61526 -3.81522 
5.10465 -5.6286 -2.15953 -5.37939 
5.10465 -5.6286 -2.15953 -5.37939 
5.1075 -5.38783 -2.5387 -5.03237 
4.30536 -4.40591 -2.19867 -4.19356 
4.57434 -4.46959 -2.27753 -4.19356 
4.93074 -4.5339 -2.54899 -5.06607 
5.20735 -4.5257 -2.87362 -5.20036 
5.20735 -4.5257 -2.87362 -5.20036 
6.54167 -5.02834 -3.97417 -6.67754 
6.54167 -5.02834 -3.97417 -6.67754 
5.54714 -3.9896 -3.56269 -5.32209 
5.6691 -4.10602 -3.4158 -6.52985 
5.6691 -4.10602 -3.01631 -6.52985 
5.25185 -3.04775 -3.30519 -6.43304 
4.52207 -3.37802 -2.9244 -5.05217 
4.52207 -3.56795 -2.9244 -5.05217 
6.7602 -4.09139 -4.51983 -7.46074 
6.7602 -4.09139 -4.51983 -7.46074 
5.91127 -3.61654 -5.14157 -7.69602 
5.2132 -2.97606 -4.42877 -5.43394 
5.2132 -2.8267 -3.52592 -5.43394 
5.63903 -2.8267 -3.52592 -6.272 
5.63903 -3.5925 -3.52592 -6.272 
8.57476 -3.8595 -6.17757 -9.42128 
8.57476 -2.85367 -6.17757 -9.42128 
7.47008 -2.61898 -5.87272 -8.35734 
7.47008 -2.64146 -5.93337 -8.35734 
7.47008 -2.64146 -5.93337 -8.35734 
3.93627 -1.97256 -2.80172 -5.71004 
3.93627 -2.02993 -1.94019 -4.87684 
4.62847 -1.94422 -2.6021 -4.98406 
4.62847 -1.94422 -2.6021 -4.98406 
4.62847 -1.94422 -2.6021 -4.98406 
6.10794 -2.2789 -3.59752 -7.07538 
5.1885 -2.2789 -3.59752 -7.07538 
5.1885 -2.2789 -3.59752 -7.07538 
5.1885 -2.2789 -3.59752 -7.07538 
8.89003 -2.14067 -6.21815 -11.5207 
8.89003 -2.14067 -6.21815 -11.5207 
8.89003 -2.14067 -6.21815 -11.5207 
9.1479 -1.54834 -9.99366 -10.8308 
12.4332 -1.88204 -10.1169 -10.7086 
10.3183 -1.20285 -9.8275 -11.1778 
10.3183 -1.20285 -9.8275 -11.1778 
12.1187 -1.65374 -11.1849 -13.8499 
12.1187 -1.3522 -9.7851 -13.8499 
10.2412 -1.2506 -9.57325 -12.1565 
8.52634 -1.2506 -7.97182 -10.1638 
8.52634 -1.2506 -7.97182 -10.1638 
12.5121 -1.6219 -11.5485 -12.384 
12.5121 -1.205 -11.5485 -12.384 
12.24 -1.28327 -11.5445 -14.0205 
10.1859 -1.04082 -9.81919 -11.3613 
10.2094 -1.04082 -9.50399 -11.6435 
12.3497 -1.15302 -9.50399 -12.0583 
10.3091 -1.15302 -9.50399 -12.2836 
10.3091 -1.15302 -9.50399 -12.2836 
7.13379 -1.00342 -9.47708 -7.68194 
7.91417 -1.24568 -9.47708 -6.75912 
9.51582 -1.13822 -9.47708 -8.14864 
9.99215 -1.13822 -9.47708 -10.9331 
10.5215 -0.848888 -9.47708 -13.2641 
10.5215 -0.653611 -10.861 -12.9121 
10.7594 -0.570304 -10.861 -10.6815 
10.9599 -0.570304 -10.861 -13.549 
9.59626 -0.335419 -10.861 -11.3093 
7.92806 -0.40964 -9.56891 -9.72856 
7.29725 -0.643891 -9.56891 -9.72856 
7.29725 -0.71462 -9.56891 -9.77149 
10.3393 -0.822492 -9.56891 -12.7198 
10.8254 -0.603837 -9.56891 -12.5543 
10.8254 -0.603837 -9.56891 -12.5543 
11.5108 -0.126132 -5.73425 -13.1339 
11.5108 -0.126132 -5.73425 -13.1339 
11.5108 -0.126132 -5.73425 -13.1339 
9.55178 -0.120003 -11.0556 -11.0745 
12.0366 -0.0241827 -11.0556 -13.6394 
12.0421 0.0654907 -11.0556 -13.6721 
14.3563 0.0827879 -11.0556 -16.4341 
14.3563 0.0827879 -14.3209 -16.4341 
12.0442 0.127853 -12.256 -13.9795 
12.0442 0.0472209 -12.1599 -13.9795 
14.5268 0.0520819 -14.6092 -16.7841 
12.0665 0.163721 -12.265 -13.8621 
12.0549 0.163721 -12.1857 -14.0029 
13.7631 0.190342 -13.5838 -16.7244 
11.294 0.0802911 -10.9965 -13.9263 
11.294 0.0802911 -10.9965 -13.9263 
11.294 0.0802911 -10.9965 -13.9263 
11.2136 -0.0399462 -12.5708 -17.3081 
11.2136 -0.0399462 -12.5708 -14.2024 
13.09 0.128954 -12.6569 -16.4704 
10.9003 0.128954 -12.6569 -16.4704 
12.757 0.227951 -10.5266 -16.3929 
10.2847 0.260122 -10.0123 -13.728 
10.2847 0.207324 -9.49658 -13.2189 
11.5909 0.256465 -10.6092 -14.5863 
11.5909 0.184012 -8.71221 -14.5863 
11.0149 0.287747 -9.9943 -13.7417 
9.19234 0.287747 -9.9943 -13.7417 
10.6375 0.308226 -8.05288 -11.5474 
10.6375 0.224555 -8.04416 -11.5354 
8.84402 0.189367 -8.04416 -11.5354 
8.84402 0.171605 -8.1857 -11.3662 
8.84402 0.171605 -8.1857 -11.3662 
7.44853 0.0736065 -6.8547 -9.61795 
7.44853 0.0736065 -8.01236 -11.1142 
7.72679 0.244601 -7.9351 -10.6342 
7.72679 0.244601 -7.79737 -10.1848 
8.85804 0.605426 -8.75565 -11.1861 
7.43101 0.459569 -8.75565 -11.1861 
8.42383 0.530979 -8.164 -10.5764 
8.42383 0.530979 -8.164 -8.94742 
8.09789 0.541405 -7.78463 -10.1578 
6.78213 0.452772 -6.46699 -8.5809 
6.43329 0.409747 -6.06079 -8.18135 
6.11962 0.409747 -6.06079 -8.18135 
6.60159 0.398416 -6.15871 -8.35387 
6.60159 0.398416 -6.15871 -8.35387 
6.09359 0.315855 -5.15376 -7.67956 
6.09359 0.403443 -5.74386 -7.67956 
4.85648 0.307582 -4.63851 -6.38258 
3.43626 0.194471 -3.86291 -4.77034 
3.43626 0.194471 -3.86291 -4.77034 
3.43626 0.194471 -3.15945 -4.77034 
3.43626 0.194471 -3.3386 -5.01705 
3.43626 0.194471 -3.88759 -5.17689 
3.66176 0.265435 -3.64769 -4.76425 
3.66176 0.265435 -3.64769 -4.76425 
3.66176 0.265435 -3.64769 -4.76425 
1.61764 -0.0374201 -2.34875 -3.43869 
2.54607 0.0486863 -2.11603 -3.29848 
2.53539 0.151984 -2.19851 -2.84112 
2.16421 0.151984 -2.19486 -2.84112 
1.88712 0.0268118 -1.96802 -2.55481 
1.7217 0.0268118 -1.65064 -2.22318 
1.7217 0.0268118 -1.65064 -2.22318 
1.4597 -0.0256754 -1.3599 -1.93045 
1.21602 -0.0802224 -1.10237 -1.67027 
0.937875 -0.116531 -0.81792 -1.50032 
0.937875 -0.132532 -0.81792 -1.39094 
0.711207 -0.171479 -0.633433 -1.09714 
0.595794 -0.164771 -0.551071 -1.03658 
0.595794 -0.164771 -0.551071 -1.03658 
0.54556 -0.164771 -0.506471 -1.03658 
0.458737 -0.12566 -0.426967 -0.608774 
0.583541 -0.0841775 -0.413254 -0.58126 
0.686174 -0.0841775 -0.656272 -0.737938 
0.767359 -0.055529 -0.743192 -0.772342 
0.831761 -0.055529 -0.80376 -0.772342 
0.792098 -0.0107264 -0.746129 -0.716989 
0.705328 -0.0357491 -0.746129 -0.716989 
0.705328 -0.0357491 -0.746129 -0.716989 
0.705328 -0.0357491 -0.746129 -0.716989 
0.705328 -0.0357491 -0.746129 -0.716989 
0.705328 -0.0357491 -0.746129 -0.716989 
