-nan 2.11084e-312 3.45846e-323 3.16202e-322 
2.43286 11.5069 0.387336 11.9477 
2.4348 11.5146 0.389915 11.9572 
2.43837 11.5221 0.392585 11.9687 
2.44248 11.5314 0.395558 11.9799 
2.65493 11.1178 0.343995 11.6196 
2.65905 11.1271 0.346967 11.6308 
2.66316 11.0463 0.625598 11.5913 
2.6969 10.8345 0.637679 11.3246 
2.74935 10.6731 0.674386 11.2268 
2.75346 10.6824 0.677358 11.1862 
2.7602 10.6954 0.681684 11.2032 
2.89928 10.3162 0.735219 10.8515 
3.04775 10.1145 0.792827 10.6679 
3.34677 8.9656 0.997272 9.50859 
3.39799 8.73659 1.00894 9.42955 
3.47737 8.26537 1.00917 9.15269 
3.48432 8.27864 1.01361 9.17008 
3.49127 8.2919 1.01804 9.18746 
3.55068 7.82357 0.995157 8.67038 
3.5906 7.59731 0.979492 8.48806 
3.59991 7.37998 0.958531 8.31845 
3.61889 7.16592 0.934635 8.15396 
3.6326 7.18341 0.940401 8.03549 
3.63861 6.75912 0.878016 7.84872 
3.60573 6.6066 0.842509 7.74226 
3.49139 6.46774 0.802587 7.79249 
3.34921 6.33653 0.75972 7.55404 
3.35893 6.35402 0.765486 7.57802 
3.22116 6.07478 0.67518 7.36291 
3.23089 5.80338 0.585914 7.14611 
3.24281 5.82433 0.592658 7.17555 
2.71611 5.57986 0.508625 6.97665 
2.72868 5.60183 0.515656 7.00769 
2.38804 5.05244 0.295923 6.50387 
2.40061 5.07441 0.302954 6.53491 
2.3579 5.09638 0.309986 6.56596 
2.31982 4.93316 0.231076 6.40241 
2.24284 4.86557 0.194585 6.33455 
2.25541 4.8066 0.156997 6.27199 
2.22774 4.7517 0.119848 6.21043 
2.20014 4.7051 0.083954 6.15621 
2.21578 4.65773 0.0523185 6.23998 
2.10217 4.61069 0.0239734 6.04102 
2.04845 4.56608 -0.00329768 5.98256 
2.06409 4.53083 0.00499336 5.93111 
1.93362 4.55747 -0.0237926 5.96975 
1.8764 4.47063 -0.082434 5.83125 
1.7471 4.39705 -0.137172 5.69761 
1.76274 4.42369 -0.128881 5.73625 
1.70397 4.41032 -0.151734 5.69532 
1.72173 4.43994 -0.142636 5.73906 
1.59511 4.366 -0.218944 5.67257 
1.61415 4.39742 -0.209354 5.71941 
1.49028 4.40179 -0.220553 5.5686 
1.50933 4.43322 -0.210964 5.61544 
1.39158 4.41401 -0.244077 5.51072 
1.41063 4.44544 -0.234488 5.55756 
1.29512 4.43971 -0.263811 5.4596 
1.31417 4.47114 -0.254222 5.39376 
0.904475 4.5125 -0.336483 5.09317 
0.85232 4.56595 -0.336098 5.09767 
0.726444 4.65608 -0.345735 5.16112 
0.676345 4.72334 -0.341543 5.17278 
0.699297 4.75955 -0.330588 5.13668 
0.575017 4.86642 -0.330064 5.19833 
0.528439 4.93281 -0.316845 5.20266 
0.479334 4.96902 -0.30589 5.17139 
0.432399 5.0783 -0.303495 5.22037 
0.388035 5.11451 -0.294325 5.27606 
0.145191 5.3008 -0.303058 5.13941 
0.170276 5.33919 -0.296996 5.12484 
0.0790017 5.5248 -0.290426 5.06723 
0.0479675 5.56565 -0.283932 5.13246 
0.0754524 5.6065 -0.271531 5.19769 
0.0473943 5.68293 -0.262597 5.21404 
0.0206184 5.75832 -0.250196 5.23018 
-0.0991632 5.88434 -0.258569 5.19753 
-0.0716782 5.92519 -0.246168 5.20374 
-0.0441932 5.96604 -0.233766 5.26898 
-0.0167082 6.00689 -0.221365 5.33421 
0.0128727 6.04943 -0.216165 5.40349 
0.00152415 6.14584 -0.202242 5.43192 
-0.120759 6.24387 -0.204589 5.28983 
-0.122677 6.30338 -0.190788 5.31081 
-0.0898858 6.34852 -0.176865 5.38629 
-0.0570943 6.39365 -0.162942 5.46177 
-0.0546899 6.44825 -0.155448 5.4809 
-0.0521998 6.50401 -0.150785 5.45903 
-0.0194083 6.54915 -0.136862 5.49162 
-0.100135 6.5906 -0.131163 5.36514 
-0.0653548 6.63691 -0.116738 5.4026 
-0.0416672 6.64645 -0.100693 5.38655 
-0.0297315 6.69527 -0.0851969 5.43348 
-0.000893687 6.72466 -0.0699535 5.45732 
0.0381267 6.74856 -0.0567077 5.47854 
0.0771472 6.79738 -0.041212 5.56497 
0.0930773 6.76517 -0.0316062 5.50156 
0.132098 6.814 -0.0161105 5.58799 
0.171118 6.86282 -0.000614747 5.67442 
0.201176 6.84544 0.00567047 5.59978 
0.240083 6.85935 0.0136301 5.62884 
0.288893 6.8665 0.0339129 5.65917 
0.336609 6.87422 0.0500934 5.69231 
0.382936 6.92582 0.0671701 5.75314 
0.442923 6.82853 0.0612582 5.69281 
0.48925 6.82597 0.0785914 5.76215 
0.535577 6.87758 0.0956682 5.82297 
0.599963 6.70406 0.102811 5.70797 
0.654326 6.75566 0.114897 5.76834 
0.717451 6.68501 0.110041 5.70553 
0.77248 6.67581 0.127374 5.78406 
0.834802 6.66591 0.141122 5.83423 
0.895919 6.65784 0.14955 5.88799 
0.950794 6.71095 0.168153 5.99822 
1.03844 6.31089 0.125705 5.71901 
1.09851 6.364 0.144308 5.82924 
1.15338 6.4171 0.162912 5.93947 
1.21556 6.11869 0.170657 6.01912 
1.26583 6.06994 0.0991152 5.82154 
1.32071 6.07041 0.119852 5.89206 
1.37213 6.07323 0.130512 5.96625 
1.43336 6.0742 0.145332 6.04943 
1.49235 6.07915 0.151473 6.13698 
1.55719 6.13204 0.171469 6.25988 
1.59651 6.08685 0.171261 6.30767 
1.66135 6.09192 0.176268 6.39371 
1.67078 5.95635 0.138166 6.31848 
1.72064 5.96637 0.158162 6.44817 
1.75311 5.94037 0.156199 6.54546 
1.79907 5.95707 0.166075 6.59077 
1.84454 5.97509 0.188774 6.67846 
1.87787 5.99176 0.209934 6.68383 
1.95428 5.97359 0.231094 6.83924 
1.98057 5.99339 0.215973 6.93882 
1.87527 5.84327 0.170008 6.78537 
1.87796 5.89375 0.177178 6.86796 
1.91636 5.9005 0.192181 6.97486 
1.9111 5.90889 0.193663 7.02229 
1.94546 5.93908 0.205638 7.11201 
2.02187 5.98956 0.226797 7.24788 
2.09828 6.04004 0.247957 7.38375 
1.8642 5.94865 0.17569 7.49859 
1.80245 5.97195 0.171181 7.18294 
1.84185 6.00108 0.191984 7.3379 
1.93164 6.04638 0.213975 7.48682 
1.9657 6.08422 0.221796 7.64904 
2.00091 6.11889 0.235235 7.80744 
1.97675 6.16419 0.257226 7.95636 
2.0097 6.16786 0.251377 7.64695 
2.09949 6.19971 0.257182 7.72896 
2.00805 6.21715 0.264041 7.81261 
2.11118 6.2393 0.27811 7.89978 
2.0269 6.26064 0.285838 7.98857 
2.1321 6.28266 0.311794 8.0734 
2.1043 6.29972 0.317805 8.07454 
2.2095 6.33646 0.321874 8.2363 
2.3147 6.35925 0.342627 8.31805 
2.28633 6.33551 0.326957 8.30595 
2.31883 6.37225 0.355907 8.46772 
2.27831 6.39028 0.378293 8.53935 
2.38352 6.40368 0.400679 8.60747 
2.3509 6.38816 0.385329 8.58992 
2.4738 6.4123 0.407584 8.76395 
2.51928 6.41145 0.409137 8.73901 
2.56568 6.40767 0.431392 8.90535 
2.68857 6.43181 0.453646 9.07938 
2.64759 6.40658 0.456367 9.04252 
2.6798 6.41165 0.483488 9.11078 
2.45782 6.31359 0.436703 8.81523 
2.48362 6.31591 0.457266 8.87395 
2.51439 6.30982 0.461091 8.92472 
2.46031 6.26448 0.450072 8.98038 
2.60345 6.2713 0.458631 9.16563 
2.64654 6.25172 0.480167 9.22818 
2.68856 6.23081 0.486884 9.16262 
2.8317 6.23763 0.49319 9.22089 
2.87077 6.21835 0.514727 9.40484 
2.90773 6.17909 0.512735 9.33178 
2.82786 6.18592 0.534272 9.51702 
2.971 6.16572 0.539554 9.56603 
2.88717 6.12073 0.528397 9.3342 
2.92754 6.08854 0.534055 9.5259 
3.09377 6.04906 0.539435 9.72185 
3.02255 5.99128 0.530942 9.63699 
3.05797 5.97538 0.551167 9.68358 
3.09437 5.9417 0.571393 9.73388 
3.13613 5.89904 0.553645 9.926 
3.30237 5.88314 0.573871 10.1209 
2.75956 5.80065 0.472816 9.42347 
2.9258 5.76689 0.493042 9.62064 
2.80845 5.73397 0.481142 9.49144 
2.98947 5.70624 0.492282 9.71207 
2.87649 5.65087 0.486469 9.58593 
2.90525 5.61478 0.497883 9.63973 
2.94605 5.56127 0.492537 9.67656 
3.13856 5.50728 0.485967 9.88396 
3.00385 5.4626 0.504367 9.91383 
3.02562 5.44677 0.488551 9.8128 
3.04904 5.40209 0.488382 9.8366 
3.06318 5.37993 0.486888 9.89649 
3.07773 5.35161 0.498209 9.93645 
3.10435 5.30859 0.499584 9.97799 
3.10925 5.24073 0.501118 10.0125 
3.13728 5.17076 0.494623 10.0441 
3.35958 5.11442 0.498065 10.0844 
3.58188 5.03433 0.51432 10.2907 
3.61012 5.02128 0.518282 10.1698 
3.09184 4.96798 0.525742 10.2006 
3.31414 4.88789 0.541997 10.4069 
3.25141 4.83694 0.550468 10.4367 
2.66944 4.88468 0.554136 10.13 
2.9056 4.7871 0.569522 10.3363 
3.16157 4.66455 0.583666 10.5426 
2.46017 4.83297 0.572831 10.0917 
2.71614 4.71041 0.586975 10.298 
1.9004 4.66333 0.469936 9.29721 
2.15637 4.54077 0.48408 9.50353 
1.95649 4.76734 0.434979 9.40977 
2.21246 4.64479 0.414519 9.41096 
2.24129 4.52223 0.428663 9.61728 
2.49726 4.39968 0.442808 9.61285 
2.00662 4.31429 0.424985 9.41448 
2.30048 4.14198 0.437609 9.61547 
2.59434 4.32236 0.450234 9.74885 
2.64243 4.15004 0.462859 9.94984 
2.16083 4.27968 0.367639 9.64431 
2.45469 4.10736 0.380263 9.8453 
1.97581 4.24488 0.332776 9.52439 
1.97623 4.22707 0.342653 9.59101 
1.73647 4.29039 0.321894 9.44935 
2.03034 4.11808 0.334519 9.65034 
2.33525 3.93091 0.347111 9.84819 
2.12632 3.9535 0.328187 9.69795 
2.1277 3.72418 0.340688 9.88689 
2.18467 3.83202 0.333313 9.79677 
-2.92153 5.9468 -0.0126609 6.36458 
-2.58525 5.71749 -0.000159928 6.55352 
-4.82287 6.33773 -0.66445 3.83921 
-4.59521 6.11864 -0.647129 3.85331 
-4.25893 5.88932 -0.634628 4.04225 
-4.02281 5.67318 -0.622127 4.1437 
-3.67781 5.43207 -0.633531 3.84407 
-3.58814 5.17874 -0.630386 3.95919 
-3.20471 4.88561 -0.615515 4.12773 
-3.05196 4.59248 -0.591765 4.06667 
-2.66853 4.33096 -0.576895 4.22242 
-2.44186 4.22208 -0.581287 4.36455 
-2.31798 4.11092 -0.543558 4.3917 
-1.93454 3.86352 -0.51853 4.44896 
-1.63161 3.57039 -0.503659 4.61751 
-1.69325 3.66337 -0.434608 4.54713 
-1.30414 3.36263 -0.41905 4.71233 
-0.86881 3.14218 -0.397891 4.8316 
-0.573272 2.77934 -0.356208 4.96953 
-0.137942 2.4165 -0.335049 5.10746 
-0.28256 2.67863 -0.26063 5.19943 
-0.0637899 2.56647 -0.209761 5.40655 
0.0904263 2.7562 -0.156514 5.5582 
0.132781 2.39336 -0.135354 5.69613 
0.206431 2.70727 -0.0864013 5.93716 
0.641761 2.34443 -0.0652421 6.07509 
1.07898 1.9791 -0.0436798 6.21157 
1.13989 2.06844 0.00659249 6.42593 
1.38412 1.93278 0.043665 6.6082 
1.58308 2.24232 0.0669949 7.01554 
2.07472 1.80535 0.100145 7.1105 
1.89377 1.77911 0.106481 7.33626 
1.93438 1.86528 0.0968266 7.70374 
2.42603 1.42832 0.129977 7.77775 
2.58781 1.37492 0.126025 7.98497 
1.55149 1.33242 0.140736 8.17051 
1.89865 0.895455 0.173887 8.26547 
2.44763 1.79128 0.234726 8.57249 
2.46017 2.16849 0.295729 8.65892 
2.58347 2.15717 0.336806 8.88961 
2.72713 2.02496 0.370394 9.00104 
3.27863 1.51163 0.423384 9.03832 
3.83012 0.998309 0.476374 9.0756 
2.46165 2.72075 0.458568 9.42576 
3.01314 2.70327 0.490879 9.6369 
2.25641 3.12428 0.486512 9.92251 
2.8079 2.61095 0.539502 9.95979 
2.95238 2.03704 0.614812 9.95043 
3.2459 2.2045 0.631192 9.99822 
3.4649 2.11553 0.671761 10.1207 
2.78719 2.02927 0.750047 10.2149 
3.40875 1.93626 0.731611 10.3437 
3.29921 1.8445 0.7567 10.445 
3.92077 1.2625 0.834986 10.4294 
3.30477 1.62139 0.819199 10.6041 
2.9579 1.62657 0.819698 10.7823 
2.80051 1.48325 0.854238 10.8172 
2.81417 0.875607 0.940662 10.8256 
2.87811 0.737168 0.997866 10.9575 
1.99787 0.61659 0.991583 11.07 
2.7245 1.04744 1.07996 11.2742 
3.45113 0.433653 1.16833 11.2884 
-2.61272 7.55418 0.962765 11.908 
-1.88609 6.94039 1.05114 11.9222 
-1.15946 6.66439 1.14685 11.8351 
-2.73885 7.50235 1.2383 11.1217 
-2.34665 7.10964 1.32477 10.9803 
-1.57279 6.46222 1.42328 10.9631 
-1.62038 6.40744 1.49269 10.7185 
-0.829144 5.74765 1.59493 10.6897 
-0.930251 5.71116 1.5963 10.485 
-0.139013 5.42974 1.60397 10.4695 
0.117659 4.76995 1.70621 10.4044 
-2.52977 6.03703 1.1643 9.41765 
-3.14227 6.16164 1.06467 8.61449 
-2.69321 5.68731 1.11005 8.46579 
-2.18337 5.14957 1.17426 8.26282 
-2.3899 5.01017 1.1337 7.87625 
-1.54568 4.32398 1.24583 7.80906 
-0.70146 3.63778 1.35795 7.74187 
-0.2417 3.27123 1.33834 7.43177 
-0.293826 2.58503 1.45047 7.36458 
0.204995 2.48299 1.32216 7.30938 
0.755347 1.91364 1.34332 7.09346 
0.923258 1.69776 1.28563 7.20816 
1.36174 1.22583 1.2658 7.08247 
1.73968 0.53963 1.37793 6.98518 
1.54165 0.463471 1.20584 6.97146 
1.97462 -0.222984 1.03471 6.85866 
2.84918 -0.909439 1.15277 6.75742 
3.72375 -1.2455 1.13656 6.73759 
3.40944 -0.848858 1.10195 6.90294 
2.07329 -0.33215 0.779841 7.37035 
2.94786 -1.0186 0.897905 7.26911 
3.12459 -1.29878 0.85253 7.25954 
2.90821 -0.977284 0.710735 7.47873 
3.78278 -1.66374 0.828799 7.40484 
4.65302 -2.33363 0.948239 7.28826 
4.31331 -1.4192 0.689701 7.68294 
4.40234 -2.0728 0.810493 7.55128 
4.20856 -2.05624 0.757429 7.66751 
4.04921 -2.27267 0.741276 7.6065 
4.9152 -2.92626 0.656937 7.58732 
4.23573 -2.51803 0.777729 8.03072 
2.10232 -0.771572 0.531076 9.24405 
2.96831 -1.42517 0.651867 9.1921 
2.57225 -1.16051 0.639186 9.45302 
1.97688 -1.26152 0.552157 8.90971 
-0.945794 -0.0645803 0.0839326 7.48279 
-0.124836 -0.728062 0.194455 7.00438 
-3.27654 3.36376 0.4878 10.0102 
-2.48067 2.78336 0.609849 9.85052 
-2.45957 3.41672 0.722522 9.88566 
-1.66371 3.54022 0.796912 9.90966 
-0.867851 2.95982 0.906757 9.8271 
-0.743396 3.47482 0.94525 9.66273 
-3.03928 3.4756 1.0673 9.57393 
-3.07157 2.9379 1.12572 9.4047 
-3.20209 3.60487 1.17497 9.33419 
-3.45356 3.7842 1.17735 9.28169 
-3.48703 3.78586 1.22209 9.06717 
-2.85183 3.32646 1.34646 8.88052 
-3.66903 3.87114 1.26701 8.74021 
-3.77742 3.91922 1.27449 8.59367 
-3.88063 3.95688 1.27912 8.34745 
-3.24542 3.49748 1.40348 8.25761 
-4.06726 4.00551 1.27481 8.14314 
-4.23266 4.06626 1.26324 7.98584 
-3.88135 3.78419 1.39283 7.77362 
-5.0825 4.04734 1.37509 7.78783 
-5.39345 4.23319 1.32139 7.6276 
-6.24928 5.11067 1.04488 7.27734 
-5.89797 4.82861 1.17447 7.06512 
-6.73332 5.29252 1.03233 6.86802 
-7.02191 5.41501 1.00307 6.709 
-7.19642 5.45738 1.02287 6.48161 
-6.8451 5.17531 1.15246 6.26939 
-6.58188 4.94273 1.28324 6.05308 
-8.34806 6.23127 0.979966 5.88795 
-8.89273 6.19455 0.963592 5.65545 
-8.97823 6.15782 1.09907 5.42295 
-9.06372 6.1211 1.23455 5.19045 
-10.5255 6.90372 0.963455 4.7392 
-11.1468 7.18612 0.837573 4.39463 
-11.2323 7.1494 0.973054 4.16213 
-11.3178 7.46563 1.10853 3.3737 
-12.0385 7.51089 1.05301 3.42112 
-12.2758 7.57876 1.08119 2.9955 
-12.9656 7.87409 1.2112 2.75827 
-13.6554 8.16942 1.3412 2.52104 
-14.3777 8.49545 1.38779 2.40552 
-15.0675 8.79078 1.5178 2.1683 
-15.319 8.80534 1.19805 1.28164 
-15.8643 9.01163 1.10026 0.90419 
-15.3652 8.4606 0.383429 -0.255784 
-15.7492 8.75593 0.513438 -0.416693 
-16.1052 9.05126 0.526965 -0.65392 
-16.8125 9.19494 0.65636 -1.01785 
-16.2051 8.94295 0.384363 -1.9744 
-16.1561 9.03591 0.205805 -2.57953 
-16.4858 9.32585 0.191598 -3.09911 
-16.9075 9.683 0.212323 -3.53673 
-17.1819 10.3842 0.223562 -3.84066 
-18.2194 10.6413 0.341392 -4.3418 
-17.5488 10.3221 0.187658 -5.044 
-18.5862 11.0233 0.305489 -5.20789 
-17.8145 10.6309 0.143552 -5.95899 
-17.8977 10.7496 0.137299 -6.39515 
-19.1631 11.8726 0.348763 -6.7232 
-15.663 10.1091 0.562648 -7.31166 
-16.05 10.7173 0.4968 -7.61306 
-15.1455 11.0835 0.690341 -7.97542 
-16.4168 11.5806 0.904227 -8.5067 
-17.6881 12.7146 1.11811 -8.83538 
-12.9724 9.67488 0.552265 -9.82299 
-13.3212 10.1314 0.458957 -10.0652 
-14.5925 11.2654 0.442118 -10.3939 
-12.6853 10.0378 0.656004 -10.6961 
-14.3706 10.6755 0.839304 -11.2809 
-14.8501 12.3217 1.13537 -11.3549 
-16.5819 13.968 1.43143 -11.4168 
-17.0932 14.6658 1.72749 -11.9661 
-16.0431 14.0782 1.92474 -12.5566 
-16.3936 14.5664 0.970284 -12.9495 
-15.772 14.1747 0.903079 -13.393 
-17.5037 15.821 0.952753 -13.4142 
-17.6165 16.0607 0.94712 -13.9739 
-19.3482 17.707 1.24318 -14.2475 
-20.1659 18.3669 1.01428 -14.3618 
-19.0726 17.2361 0.183005 -14.958 
-21.1504 18.9998 -0.246492 -15.0753 
-20.2227 17.9101 -0.529571 -15.4924 
-20.3608 17.8658 -0.64745 -16.0818 
-22.4386 19.6295 -0.673973 -16.199 
-21.5408 18.5001 -0.764484 -16.5494 
-23.6187 20.2638 -0.791007 -16.6666 
-22.1498 18.5719 -0.749421 -17.4238 
-22.2074 18.3572 -0.712255 -18.0441 
-22.4741 18.8604 -0.823147 -18.182 
-22.44 19.2647 -0.830061 -18.4593 
-24.181 21.4766 -0.838545 -18.4436 
-22.1165 19.7496 -0.881106 -19.1974 
-23.8575 19.7196 -1.02044 -19.9118 
-21.8082 20.0884 -0.840146 -19.9587 
-19.7041 17.985 -0.638052 -20.8319 
-21.4451 20.1969 -0.777383 -20.8162 
-23.1861 20.228 -0.76938 -21.3176 
-21.3816 20.4423 -0.795784 -21.4368 
-23.2891 20.0753 -0.962555 -22.1835 
-25.2777 22.6794 -1.47236 -21.8612 
-21.5041 16.5633 -1.98216 -22.9012 
-23.4928 14.5648 -1.85734 -22.9536 
-25.4814 14.7372 -2.03417 -23.0552 
-27.4701 15.2331 -2.19326 -22.8591 
-29.4587 17.8372 -2.70307 -22.5876 
-16.9638 15.2513 -1.95796 -23.3993 
-16.8781 17.8555 -1.68056 -23.077 
-18.8667 17.7073 -2.19036 -23.5004 
-17.6293 15.8359 -1.80577 -23.6827 
-19.7583 18.7946 -1.93177 -23.056 
-18.1971 21.7533 -2.22396 -22.7816 
-18.2041 24.7119 -2.18893 -22.3853 
-20.3331 24.7516 -2.99435 -22.4413 
-20.8472 19.9409 -3.13235 -23.0079 
-22.9762 17.2969 -2.49799 -23.8139 
-25.1053 17.0498 -3.30341 -24.2983 
-27.2343 20.0085 -3.00108 -23.6715 
-19.8276 17.5387 -5.3848 -23.8308 
-19.6757 20.677 -6.36931 -23.0787 
-17.6217 20.7262 -5.62697 -23.1377 
-19.8962 24.0297 -6.77613 -22.1205 
-16.3089 16.2226 -6.43619 -22.1514 
-18.5834 16.8535 -6.81032 -21.8007 
-20.8579 20.157 -7.95948 -20.7835 
-18.3594 16.9846 -5.8768 -22.1088 
-18.3919 17.2971 -7.02596 -21.3626 
-20.6664 20.6006 -8.17511 -20.3454 
-22.9409 23.904 -8.32859 -19.8142 
-23.0288 24.3114 -9.64343 -18.8907 
-20.3784 25.2495 -8.61389 -18.5121 
-7.75 3.33843 -0.920061 -24.3243 
-10.1951 6.98601 -2.44122 -22.8377 
-12.6403 10.6336 -3.96238 -21.3511 
-1.60044 7.52018 -4.03045 -10.0886 
-3.72536 10.8466 -5.23537 -6.84305 
-5.47648 14.4942 -6.75653 -5.35645 
-5.52811 8.12845 -6.27543 -11.5433 
-5.06083 11.776 -7.79659 -10.0567 
-0.65845 3.61065 -3.24831 -15.9992 
3.54374 -1.8598 -1.53493 -18.1278 
5.49734 -3.29416 -1.41682 -17.8054 
7.45094 -4.72852 -1.29871 -17.4831 
10.6393 -9.12155 0.882443 -17.255 
8.4571 -3.20553 1.09308 -6.64102 
9.89866 -4.56904 0.97112 -5.64653 
11.0236 -5.41202 1.08368 -4.27557 
12.9772 -6.84638 1.20179 -4.44348 
11.3504 -4.24485 1.15065 0.604827 
12.2444 -4.56555 0.979893 0.677104 
8.29663 1.82758 0.242011 6.11686 
2.71746 5.66725 -0.525561 7.79121 
1.06814 8.67632 -1.38961 9.46277 
-0.581177 5.83124 -1.84327 6.09729 
-3.86103 8.18333 -2.70733 7.0958 
-5.51035 8.86855 -3.27312 6.98021 
-6.5152 9.42222 -3.74188 6.43463 
-8.16452 11.7743 -4.60593 7.43315 
-7.35755 8.00495 -4.26303 1.74251 
-8.71618 10.0606 -5.08854 2.72049 
-4.63233 2.71893 -4.02986 -2.28538 
-4.9512 3.71432 -4.71748 -1.8688 
-2.52025 0.696891 -3.6097 -3.02381 
-1.598 0.0711453 -3.16641 -2.82204 
-1.91687 1.06653 -3.85403 -1.91752 
-0.314157 0.905492 -1.53818 -0.0192502 
-0.633019 1.40954 -2.22579 0.409108 
0.152906 1.72997 -0.964658 1.21863 
-0.165957 1.87421 -1.65227 1.81441 
0.112663 1.86331 -1.32275 2.36195 
0.179055 1.40501 -1.58616 3.2666 
0.245448 1.90824 -1.84957 4.6529 
0.743458 0.107912 2.38943 6.18129 
0.806545 0.0613899 2.5613 6.56728 
0.872937 0.564615 2.29788 7.95358 
0.93933 0.768061 2.73215 9.06275 
1.00572 1.27129 2.46874 10.4491 
1.07211 1.14106 3.77767 11.1828 
1.28472 0.869345 4.66448 11.7779 
1.37999 0.785975 5.57238 12.5874 
1.70487 0.837572 5.54365 13.2421 
2.0262 0.889169 5.51492 13.8741 
2.44874 0.0675284 6.05687 15.3992 
2.48692 -0.35319 7.01308 16.0093 
2.546 -0.376757 7.47554 17.0435 
2.58027 -0.343657 7.93685 18.0961 
3.00281 -0.292059 7.90812 19.3451 
-0.414758 -0.875986 7.35739 14.8382 
0.00778675 -0.824389 7.32865 16.0872 
0.516863 -0.529454 7.9011 17.0554 
1.2711 -0.806679 8.05197 18.1988 
1.68453 -1.141 9.33214 17.6923 
2.26995 -1.56544 9.48452 18.3246 
2.777 -1.80269 9.5895 19.0736 
3.04011 -1.64025 9.74189 20.5682 
0.870287 -0.297849 9.75177 19.5481 
1.22166 -0.96636 9.43137 19.7429 
1.97871 -1.32894 9.58375 20.7306 
1.86054 -1.39734 9.28272 19.896 
2.61759 -1.75992 9.4351 20.8838 
3.3549 -1.96068 9.59768 22.0395 
4.30964 -2.70358 9.93409 22.3925 
4.80299 -1.8998 10.187 23.513 
5.75773 -2.04868 10.5234 24.607 
1.02271 -0.296729 9.78946 23.3575 
1.38447 -1.33466 9.94621 23.1992 
2.15519 -2.33298 10.1647 23.0991 
2.68299 -2.78143 10.3714 23.5186 
3.63773 -3.52433 10.7078 24.2528 
3.09786 -2.47768 10.7463 25.3717 
3.0002 -2.49123 10.894 26.3459 
2.85961 -2.64297 11.0086 27.2022 
2.71697 -2.88214 11.1129 27.9408 
1.35017 -1.48604 11.0348 29.2696 
1.18549 -1.55353 11.1794 30.0119 
1.9252 -2.64435 11.3003 30.7609 
2.15555 -3.48377 11.582 30.7891 
2.38204 -4.22417 11.8636 30.9175 
2.46886 -4.57623 11.8743 31.3967 
3.20856 -5.66705 12.0811 32.1456 
1.50268 -3.08213 12.2866 34.3266 
2.15815 -4.49004 12.5401 35.0433 
0.983633 -3.17306 12.7542 35.8217 
0.716174 -3.08768 12.9878 36.634 
0.725524 -3.55146 13.2106 36.9078 
0.470062 -4.95937 13.5549 37.1196 
0.486921 -4.71469 13.654 38.004 
0.26014 -3.28409 13.8823 39.0233 
0.321664 -3.56238 14.0635 39.3183 
0.977141 -3.36838 14.2421 39.6351 
0.559926 -4.97791 14.4336 39.2446 
0.98492 -6.67842 14.8646 39.8943 
0.266009 -5.96808 15.1168 40.3498 
0.691003 -7.66858 15.3249 40.4564 
-0.19396 -6.17613 15.3598 41.0018 
-0.632938 -5.558 15.5674 42.1635 
-0.921811 -5.15098 15.9984 43.0542 
-1.05079 -3.32013 15.9063 43.991 
-1.06894 -5.02064 16.0563 44.0662 
-1.03044 -3.39065 16.1853 44.7059 
-1.18467 -4.85258 16.3394 44.7365 
-1.46439 -4.452 16.5253 45.0221 
-1.77512 -5.76359 16.6768 45.5965 
-1.69643 -5.30623 17.1904 45.9118 
-0.151861 -1.8538 12.7354 39.5265 
0.0670938 -3.17344 12.6723 33.0557 
0.145786 -4.48503 13.186 33.63 
0.224477 -5.79662 13.1406 34.2043 
0.0414749 -6.07736 12.5239 32.6383 
-0.285119 -4.88923 12.5124 33.5355 
-0.791558 -4.23466 12.5096 34.769 
-1.06455 -5.32291 13.0417 35.9186 
-1.73509 -3.27273 12.5212 37.0914 
-1.89937 -1.6103 13.0533 38.8725 
-1.86687 -1.85075 12.1234 38.1391 
-2.13986 -2.48834 12.179 38.193 
-1.98332 -3.57659 12.2184 38.7627 
-1.87318 -4.09758 12.7505 39.5385 
-1.83423 -4.35578 12.8681 39.9723 
-1.84261 -4.40803 12.9964 40.59 
-2.04845 -3.78962 13.1524 41.6776 
-2.56611 -4.53554 13.584 42.9195 
-2.8464 -3.72404 13.6918 44.016 
-0.403452 -2.0486 11.1518 36.7676 
-0.921119 -2.79453 11.5833 38.0096 
-1.26192 -2.25486 11.0228 37.7731 
-1.77958 -3.00079 11.4544 39.0151 
-2.29725 -3.74671 11.8859 40.257 
-2.81492 -2.01032 12.3175 41.0726 
-1.36315 -2.75625 11.5428 41.5646 
-1.50706 -2.66838 10.9245 37.2116 
-2.38471 -2.97356 11.218 38.5813 
-2.61558 -1.10416 11.1272 39.1459 
-3.49323 -1.40935 11.4207 40.5156 
-2.97344 -0.612688 11.4439 39.9677 
-3.85109 -0.917874 11.7373 41.3375 
-3.79003 -0.987129 11.9058 40.5514 
-1.26817 -0.700401 11.6809 39.0243 
-2.14581 -0.772545 11.9744 39.1828 
-3.02346 -1.07773 12.2678 40.5525 
-4.00378 -1.27543 12.5135 41.9671 
-5.21162 -1.23492 12.6533 42.51 
-4.05939 -0.493563 12.2883 41.3737 
-5.26724 -0.453054 12.4281 42.8876 
-4.05825 -0.300026 12.6002 41.6148 
-3.73325 -0.443559 12.8349 41.531 
-3.65299 -0.396709 12.9881 41.6465 
-3.40418 -0.459422 13.2704 40.4969 
-3.36809 -0.379918 13.4336 41.7848 
-3.39076 -0.292496 13.6071 41.9271 
-4.66909 -0.164897 13.713 43.4732 
-3.76382 0.178447 13.7645 42.223 
-3.79997 0.294939 13.733 42.207 
-5.30737 0.705578 13.7289 43.8581 
-4.18305 0.787922 13.7758 42.3992 
-5.69045 1.19856 13.7717 44.0503 
-3.92035 0.460818 13.9819 43.1992 
-5.42775 0.871457 13.9779 44.8503 
-4.11203 0.204816 14.2171 40.1739 
-5.61943 0.615455 14.213 41.825 
-4.12167 0.395907 14.2864 41.6098 
-4.70395 1.20257 14.1819 41.9771 
-4.97668 2.00924 14.0775 43.7325 
-5.11874 1.6493 14.253 41.7645 
-4.70523 1.12425 14.4528 40.9897 
-4.32025 0.865903 14.5316 40.5302 
-4.33467 1.67257 14.4271 42.2857 
-2.82313 1.52706 14.3943 38.2196 
-4.00045 2.45952 14.0091 38.8287 
-4.52711 2.45443 13.8421 38.5418 
-2.8366 0.862729 13.5646 35.6357 
-4.86132 2.03813 13.4426 37.4304 
-6.88603 3.21353 13.4161 37.6476 
-5.82013 1.89478 13.2109 36.8936 
-5.87183 3.07018 13.2281 37.0762 
-5.8119 2.82126 13.1061 38.0599 
-5.90549 2.91093 13.1257 36.1644 
-5.83512 2.59623 13.192 35.5192 
-1.28314 0.248313 12.9608 28.5051 
-3.30786 1.42371 12.8388 30.2999 
-5.33442 2.60201 12.7177 32.0941 
-5.08075 3.84224 11.9987 32.0867 
-7.32568 5.36197 11.9867 32.1415 
-6.37697 3.92849 11.7026 30.6623 
-5.99548 2.60878 11.7537 28.8055 
-8.24041 4.12851 11.7418 30.5331 
-6.38804 2.35332 11.6086 27.5752 
-8.63297 3.87305 11.5967 29.3028 
-4.27072 0.646845 11.617 24.438 
-4.48928 0.908855 11.5716 24.2881 
-5.20072 2.42858 11.5597 26.0157 
-7.62726 3.45845 11.6257 26.3023 
-10.0669 5.05457 11.9042 27.8039 
-9.09888 4.6896 11.8605 25.9842 
-8.88315 3.78279 12.139 24.4494 
-8.47737 2.71496 12.3192 22.8723 
-7.56823 1.06333 12.5976 22.6265 
-7.37521 0.82225 12.7363 22.0239 
-8.12598 2.15518 12.6489 21.0893 
-10.5656 3.75131 12.8046 20.8363 
-5.11664 0.0298452 12.857 17.9157 
-7.69834 1.43313 13.2404 19.0325 
-10.3037 2.80427 14.0473 20.0852 
-8.65021 -0.32965 14.1431 15.7899 
-11.2556 1.04149 14.6063 16.8426 
-8.0968 2.41264 14.9332 17.8953 
-8.18836 0.454632 15.1736 15.2732 
-7.73296 -0.352548 15.9806 14.0667 
-7.8369 -0.187547 15.4748 13.8075 
-8.10589 0.269129 15.5024 13.8082 
-8.33187 0.625342 16.3094 13.7084 
-11.0419 1.63013 16.8381 14.885 
-9.36994 0.766576 16.4465 15.4914 
-9.32359 -0.218577 16.8946 14.7401 
-9.27062 -0.995544 17.3073 12.827 
-9.30984 -1.37939 17.6541 12.7746 
-6.7894 -1.46328 17.9395 13.0169 
-9.52871 -0.560915 18.1887 12.9183 
-9.60889 -0.502489 18.4246 13.3278 
-12.3482 -0.417655 19.9514 15.0025 
-4.3691 -1.87339 17.6546 13.819 
-4.41099 -1.45728 19.8165 14.429 
-4.66694 -0.911291 22.2431 15.1119 
2.21215 -1.60122 12.4548 13.7573 
0.112602 -1.11899 14.8813 14.6045 
-1.15645 0.0449956 15.6351 15.7308 
-0.951337 1.10838 14.7466 17.5633 
-1.0262 0.385236 10.1466 13.6945 
-1.67799 -0.178389 12.5732 14.0304 
-3.77754 0.303839 14.9998 14.8775 
-2.08778 -0.666312 12.1066 14.1116 
-2.51881 -0.853906 12.7603 12.9657 
-3.17349 -0.492594 13.5196 12.9711 
-4.93374 -0.132008 16.0802 13.2969 
-4.91934 0.707588 15.1786 13.2911 
-6.67959 1.06817 17.7392 12.8443 
-8.43985 1.42876 20.2998 13.17 
-6.69799 0.190873 19.2081 12.762 
-6.81684 -0.332936 19.5459 11.2816 
-8.57709 0.0276501 18.6304 11.6074 
-6.36032 -1.90364 18.0769 9.73204 
-8.25697 -2.51901 17.7477 9.83948 
-6.5024 -2.68471 18.3839 9.59172 
-8.50859 -2.72029 21.5731 9.82994 
-6.80454 -3.04269 19.5586 10.3751 
-8.81074 -3.07827 22.7478 10.6133 
-7.05934 -3.11088 22.9131 10.607 
-5.16561 -3.23552 20.2573 10.8609 
-7.17181 -3.11526 20.7074 11.2971 
-7.32461 -2.95617 21.2172 11.7394 
-9.33081 -2.8237 22.2961 12.0777 
-9.22902 -3.03194 25.6461 12.3359 
-9.01295 -3.37925 26.2638 12.4475 
-8.87465 -3.70779 22.5998 13.2302 
-6.58343 -4.10386 23.753 13.2657 
-8.31084 -4.49992 27.2779 13.5457 
-4.88754 -3.49368 22.2774 15.0358 
-6.61495 -3.88974 25.8023 15.3158 
-6.6286 -3.50332 25.6085 15.7538 
-6.5035 -3.89938 25.9312 16.0338 
-6.41498 -3.93194 25.6351 16.4927 
-6.31876 -4.46325 25.4051 16.8039 
-7.98236 -4.38169 29.2591 18.0804 
-9.64596 -5.11304 33.1132 18.7177 
-4.04431 -4.86017 25.4617 19.6376 
-5.70791 -4.97394 26.6741 20.6946 
-7.37151 -5.70529 27.4896 21.3319 
-5.76794 -5.19065 27.962 22.3279 
-5.64233 -5.922 31.816 22.9652 
-5.51855 -5.72322 27.6741 24.0397 
-7.18215 -4.57287 31.5281 25.443 
-3.75424 -3.18068 20.1607 27.1635 
-3.91612 -4.21962 24.1536 27.7508 
-2.65619 -3.94043 21.0004 28.7437 
-2.9496 -4.13165 17.5853 30.006 
-4.65772 -5.17059 21.5782 31.2959 
-3.7002 -4.55377 21.986 32.2564 
-4.00149 -4.63319 22.6173 33.3816 
-5.70961 -5.67212 26.6102 34.6716 
-4.69297 -4.95722 23.5759 35.2786 
-5.11448 -5.22703 23.96 36.0378 
-6.87224 -6.33646 27.9247 37.5839 
-5.91226 -5.53019 24.4325 39.1515 
-2.85002 -3.46238 16.8915 39.9232 
-3.13538 -3.93209 17.1858 41.2917 
-5.04038 -5.25065 21.0668 43.5975 
-3.99812 -5.13998 18.2177 43.5663 
-5.90313 -6.45854 22.0987 45.8721 
-4.92216 -5.59199 19.2415 46.2415 
-5.4062 -6.91055 19.6312 48.5473 
-5.76064 -5.78434 20.0647 48.7165 
-5.75504 -5.8914 20.3165 49.9593 
-4.42916 -6.21487 19.2797 51.6766 
-3.0388 -7.7843 21.5756 54.6968 
-1.64817 -6.82341 17.1935 54.8348 
-0.322442 -7.39996 16.2166 56.021 
1.41957 -4.86266 12.5378 56.7538 
1.02036 -4.83006 14.8338 58.0072 
1.54121 -6.39949 13.8912 61.0274 
3.52056 -2.86315 7.82431 58.1744 
3.70023 -2.6952 7.31871 58.9721 
3.266 -4.07188 9.41148 61.4812 
3.90936 -1.92704 4.55986 53.161 
3.16282 0.100498 2.54652 48.496 
3.95385 2.20756 -2.9356 39.7741 
3.20732 2.54946 -2.65442 37.7258 
3.4961 2.64704 -2.37323 31.9092 
4.64223 2.46673 -12.4372 23.2886 
4.64875 2.76097 -13.9154 18.4848 
3.90221 2.73521 -13.6342 15.3553 
4.09639 3.07711 -15.4746 11.7871 
3.3649 3.33449 -15.1417 9.82045 
4.93383 -0.301469 -15.594 6.83634 
6.08871 -4.2309 -15.4344 6.2852 
5.93875 -7.2418 -13.1035 7.216 
6.85324 -9.64043 -10.9146 8.13726 
6.48244 -12.6513 -8.58364 9.02894 
5.0136 -11.9237 -4.73951 12.0785 
4.86364 -7.47131 -2.62357 17.9364 
4.71368 -7.57062 -0.2926 20.6916 
4.19965 -10.5815 1.45685 21.4383 
4.04969 -13.5924 3.78781 22.6286 
3.14126 -6.46263 2.20185 25.6274 
2.78765 -4.56524 1.88115 26.9774 
2.80927 -3.71586 1.4608 27.2642 
3.06159 -3.53416 1.10599 27.4275 
3.15751 -5.26344 2.02863 27.5225 
3.6109 -3.79024 0.317335 25.7863 
3.70682 -5.51952 1.23998 25.8814 
3.66079 -3.20489 -0.425903 25.5278 
3.75671 -4.93417 -0.714796 25.2504 
3.93037 -2.25605 -2.21099 23.6027 
4.40968 -2.37304 -1.80339 22.5249 
4.96861 -3.89936 -1.47008 22.0322 
5.51536 -4.2667 -1.94351 20.7032 
5.97085 -4.53034 -2.46084 19.5433 
5.77806 -3.3714 -3.30402 19.8049 
5.18154 -0.882207 -3.79924 19.5246 
5.74048 -2.40853 -4.04381 19.0318 
5.81021 -2.38256 -4.18591 18.2575 
5.85721 -2.45561 -4.29312 17.4514 
5.85142 -2.53696 -4.69083 16.7028 
6.75944 -3.9999 -4.79946 15.7778 
6.7121 -3.09373 -5.10705 13.8866 
6.71432 -2.4346 -5.77349 13.4344 
6.82788 -2.13318 -5.99377 12.4719 
6.96793 -2.05862 -6.43582 11.7232 
6.7665 -1.46644 -6.82111 11.023 
6.7854 -0.303945 -6.85107 10.0255 
6.85413 -1.75087 -6.74533 9.37057 
6.87417 -2.01269 -6.63425 8.36485 
6.81446 -2.19149 -6.52177 7.51959 
3.90309 -0.00575063 -5.30305 4.87663 
5.3175 -1.27773 -6.05069 3.34408 
6.21359 -2.39657 -5.08256 1.36592 
7.13973 -3.49173 -5.50129 -0.487285 
7.12464 -4.7637 -6.2677 -2.01984 
7.10107 -2.56302 -6.51519 -0.893194 
6.7386 -3.835 -7.26283 -1.52029 
6.68665 0.0681243 -6.44138 -0.921659 
8.10106 -1.20385 -6.39675 -1.47539 
6.39153 -1.43493 -7.14439 -2.27317 
6.73194 -2.56549 -8.21863 -4.10183 
7.16461 -1.80633 -8.43723 -4.70733 
7.13539 -1.24149 -6.93145 -5.16293 
7.33867 -1.11002 -7.06209 -6.03737 
7.54699 -2.16345 -8.31447 -8.02754 
7.74557 -1.30677 -6.87255 -8.27408 
5.60426 0.131162 -7.48859 -7.32566 
7.41646 -0.922262 -8.74097 -9.31583 
9.22865 -1.97569 -9.99336 -11.306 
6.39271 -1.46528 -2.11385 -9.94045 
4.17329 -0.826287 -3.64286 -13.4961 
6.36146 -1.65406 -4.72306 -11.4884 
6.66783 -2.31019 -6.45954 -14.1045 
7.06285 -3.13797 -8.19602 -16.5132 
7.46082 -1.74196 -9.9325 -15.3661 
7.35476 -2.56974 -11.669 -17.7747 
7.53363 -0.906349 -12.1216 -16.1839 
9.72179 -1.73412 -13.8581 -16.8169 
9.53427 -1.3398 -8.14961 -18.9635 
0.320566 -0.0727432 -2.49733 -14.5114 
2.68401 -0.796554 -4.46398 -17.1088 
2.22343 -1.3571 -1.98409 -18.7853 
4.76513 -1.97519 -4.18483 -19.8343 
4.75993 -1.45145 -3.82992 -19.3095 
7.30163 -2.06953 -6.03065 -22.0988 
9.84334 -2.68761 -8.23138 -24.8881 
6.58301 -0.571906 -6.35367 -23.4946 
9.12471 -1.18999 -8.55441 -24.4452 
7.04439 -0.945851 -9.25454 -25.0873 
9.58609 -1.56393 -11.4553 -25.8611 
9.81276 -0.541637 -9.82945 -26.5385 
12.686 -0.977117 -12.4745 -27.5845 
9.79708 0.340045 -10.5058 -28.2559 
12.6703 -0.0954354 -13.1508 -31.3895 
7.14187 0.863761 -8.10145 -28.0401 
10.0151 0.428281 -10.7465 -31.1737 
2.39258 -1.17549 0.288719 -25.1311 
5.26579 -1.61097 -1.0252 -28.2648 
8.13901 -2.04645 -3.67021 -31.3985 
7.99455 -2.09066 -1.58806 -30.6284 
8.35434 -1.46077 -4.37893 -31.1872 
11.5383 -1.74241 -7.4473 -34.6307 
9.63569 -0.527406 -7.33592 -33.044 
12.8196 -0.809047 -10.4043 -36.4874 
9.98214 0.308111 -9.58765 -34.5596 
13.1661 0.0264697 -12.656 -38.0031 
4.67454 0.528772 -1.73856 -37.1904 
7.8585 0.247131 -4.80693 -40.6338 
8.72381 -0.284759 -5.81634 -37.8403 
11.9078 -0.5664 -8.88471 -41.2837 
13.2516 -1.16589 -10.4157 -42.9029 
14.1161 -1.14578 -13.8849 -46.7244 
13.9333 -0.371242 -13.2585 -44.2795 
17.4091 -0.522919 -16.7277 -48.0004 
8.35493 1.78551 -9.39457 -41.2714 
8.11054 1.63383 -12.8638 -44.9923 
11.5863 1.48215 -16.3331 -48.7132 
15.062 1.31988 -15.5464 -49.7169 
12.0126 0.573978 -11.1324 -48.4814 
15.4884 0.422302 -14.6017 -52.2023 
10.6239 0.881027 -10.4594 -49.2313 
14.3745 0.844163 -14.3053 -53.2007 
9.87928 1.05789 -9.48575 -50.5185 
13.6299 1.02103 -8.92095 -54.4879 
9.37361 0.864331 -8.38435 -51.9571 
5.14655 0.620697 -3.59459 -49.2539 
8.89718 0.583834 -7.44049 -53.2233 
12.6478 0.54697 -11.2864 -57.1927 
9.20945 0.0397527 -6.87761 -54.6731 
8.61185 0.24406 -6.69496 -58.5317 
8.48197 0.183666 -6.45609 -55.1747 
7.72717 0.416439 -6.53493 -55.6151 
11.3912 0.489471 -10.7315 -59.8083 
1.17838 0.385881 -14.928 -46.4738 
2.58348 -2.67868 3.17891 -47.457 
5.25639 -2.67178 -1.01764 -48.6359 
8.92045 -2.59874 -5.2142 -52.8291 
8.0725 -1.27534 -6.34655 -49.5675 
8.24397 -0.235328 -7.9514 -49.6039 
8.76468 0.286124 -8.98806 -50.1858 
9.33158 0.490628 -9.59144 -51.0839 
11.9218 0.97411 -11.8104 -54.8499 
3.58261 1.09068 -6.19522 -52.1797 
6.17283 1.24327 -3.98648 -52.8863 
-4.24233 -2.99111 13.0051 -31.0584 
-1.8063 -2.60991 9.89454 -32.4941 
-0.21358 -1.6045 5.36633 -29.5019 
1.71127 -1.43136 2.34658 -33.4675 
3.76166 -0.833085 -0.337364 -33.1174 
5.07024 -0.28507 -2.55629 -36.7301 
6.42172 0.121389 -4.66528 -36.2148 
8.46369 0.336487 -6.06248 -35.3923 
6.82423 1.02125 -8.16034 -36.4734 
-0.841641 -1.29749 -0.122608 -12.3817 
1.18126 -1.08093 -2.22047 -13.8156 
3.9604 0.28884 -5.29122 -8.79157 
5.9833 0.505397 -7.38908 -10.2254 
7.02254 0.72034 -8.51677 -11.7268 
9.04545 0.936898 -10.6146 -13.1606 
9.00039 1.32254 -10.2141 -12.1183 
9.38887 1.6748 -8.66322 -12.344 
9.43072 1.86387 -10.5964 -14.2834 
9.32813 1.93614 -10.5541 -15.7717 
9.43841 1.8436 -12.4671 -17.3756 
7.1749 1.70194 -8.7194 -18.9094 
8.75111 1.88763 -10.6324 -20.9109 
0.518129 -0.183347 -2.3733 -17.0934 
2.09434 0.00234882 -4.28631 -19.0948 
2.93651 -0.0869853 -5.49993 -20.3208 
4.51272 0.0987104 -7.41295 -21.4063 
5.05317 -0.0264641 -7.57768 -22.4531 
5.18623 0.25024 -7.57794 -22.4576 
4.97875 0.546131 -5.25669 -20.9565 
6.08555 0.655253 -6.43234 -22.1539 
7.19236 0.764375 -3.63564 -20.7782 
8.29917 0.873497 -4.81129 -21.9755 
6.53915 1.03629 -5.98694 -22.9502 
4.91576 0.0112683 -4.19207 -22.3655 
6.02257 0.12039 -5.36772 -23.5629 
5.41012 0.0933103 -4.74604 -22.3868 
5.46607 0.202432 -5.10671 -22.4385 
4.55599 0.411496 -4.58357 -21.5752 
3.38954 0.518848 -5.06015 -21.8585 
2.30932 0.477834 -0.715316 -18.2839 
0.200053 0.0450724 0.391171 -18.9782 
0.641207 0.0585681 -0.0854114 -19.4391 
0.233555 -0.285798 0.741602 -17.5776 
-0.0273296 -0.590591 1.22302 -17.0397 
-1.44565 -0.909939 2.59934 -15.1841 
-1.31869 -1.00063 2.50639 -15.6183 
-1.4468 -1.11204 2.47124 -12.0061 
-1.41799 -1.11171 2.42979 -10.2949 
-1.7637 -1.18835 2.63941 -10.0802 
-2.04323 -1.23151 2.8115 -9.02655 
-2.33612 -1.23647 2.98907 -7.98822 
-2.51609 -1.31311 3.16794 -7.77352 
-2.69606 -1.38975 3.34681 -7.55882 
-2.50177 -1.30486 3.0258 -4.78365 
-2.68174 -1.3815 3.20467 -4.56895 
-2.60334 -1.39646 3.12588 -3.85948 
-2.2464 -1.31568 2.6671 -2.7847 
-1.73781 -1.26911 2.17422 -3.20821 
0.832107 -1.02974 -0.284253 -3.70863 
2.06482 -0.458943 -2.04934 -3.52502 
3.52609 -0.326131 -3.26333 -4.39529 
3.54405 0.416675 -3.76655 -4.13303 
4.53463 0.549487 -4.72966 -5.0033 
5.03872 0.702121 -5.39543 -5.75256 
4.05558 0.810216 -4.64204 -6.0842 
4.26814 0.865367 -4.78386 -7.05113 
5.25871 0.998179 -5.74697 -7.9214 
5.74152 1.06291 -6.21638 -8.34556 
5.74152 0.898076 -6.21638 -8.21721 
5.74152 0.898076 -6.21638 -8.21721 
