4.67863e-310 2.37664e-312 2.04741e-320 0 
0.707433 3.34446 0.113974 3.47241 
0.707983 3.34653 0.114695 3.47498 
0.709015 3.34861 0.115426 3.47833 
0.710208 3.35131 0.116288 3.48157 
0.720099 3.33396 0.114411 3.3771 
0.721291 3.33665 0.115273 3.38034 
0.722484 3.3273 0.127101 3.36887 
0.7323 3.30117 0.136264 3.42629 
0.739286 3.28465 0.142197 3.39793 
0.740479 3.28735 0.143059 3.40592 
0.742432 3.29111 0.144313 3.41082 
0.759629 3.24741 0.151693 3.36416 
0.780677 3.22298 0.159847 3.33972 
0.838935 3.04508 0.205964 3.13993 
0.852607 3.00546 0.213714 3.11701 
0.877388 2.91659 0.226069 3.05317 
0.879403 2.92044 0.227355 3.05821 
0.881418 2.92428 0.228642 3.06325 
0.904904 2.82874 0.238023 2.95231 
0.926475 2.78075 0.242167 2.91011 
0.929173 2.73275 0.245717 2.86962 
0.940875 2.68393 0.248471 2.82969 
0.951888 2.689 0.250143 2.80175 
0.962045 2.58448 0.25145 2.75341 
0.96988 2.53601 0.251551 2.72804 
0.972871 2.48845 0.250691 2.7426 
0.971977 2.44176 0.248915 2.67953 
0.974797 2.44683 0.250587 2.68649 
0.971118 2.35029 0.243111 2.62705 
0.973937 2.2563 0.233045 2.56534 
0.977396 2.26237 0.235001 2.57388 
0.925688 2.17305 0.223245 2.51707 
0.929334 2.17942 0.225284 2.52607 
0.860811 1.96359 0.185696 2.37614 
0.864457 1.96997 0.187735 2.38515 
0.853256 1.97634 0.189774 2.39415 
0.842174 1.90195 0.173093 2.34314 
0.816951 1.8696 0.165398 2.32107 
0.820597 1.83856 0.157435 2.29982 
0.810185 1.80873 0.149278 2.27856 
0.800477 1.78109 0.141199 2.25893 
0.805011 1.75482 0.133224 2.28322 
0.779669 1.72947 0.125306 2.2185 
0.768613 1.70509 0.117411 2.19799 
0.773147 1.68197 0.119815 2.17793 
0.745133 1.6897 0.111856 2.18914 
0.732865 1.63903 0.0938204 2.13944 
0.702915 1.59266 0.0761043 2.09025 
0.707449 1.60039 0.0785087 2.10146 
0.694237 1.5829 0.0709935 2.08352 
0.699387 1.59149 0.073632 2.09621 
0.66874 1.53159 0.0475072 2.06468 
0.674264 1.54071 0.050288 2.07827 
0.642916 1.52903 0.0439643 2.02291 
0.64844 1.53814 0.0467452 2.0365 
0.616758 1.50862 0.0319199 1.99449 
0.622282 1.51773 0.0347008 2.00807 
0.590383 1.49228 0.0208376 1.96724 
0.595907 1.50139 0.0236184 1.94284 
0.485981 1.43436 -0.0174351 1.81457 
0.472394 1.4358 -0.0207896 1.80844 
0.43915 1.43322 -0.0296172 1.81936 
0.425736 1.43895 -0.0319552 1.81598 
0.432392 1.44945 -0.0287783 1.79911 
0.398623 1.45379 -0.0357139 1.81074 
0.385116 1.46247 -0.036872 1.80869 
0.371496 1.47297 -0.033695 1.7932 
0.357922 1.4828 -0.038803 1.80166 
0.344459 1.4933 -0.0393391 1.81781 
0.271148 1.51144 -0.0468406 1.75096 
0.278423 1.52258 -0.0467447 1.73943 
0.247538 1.55133 -0.0490873 1.70283 
0.236359 1.56318 -0.0483471 1.72175 
0.24433 1.57502 -0.0447507 1.74067 
0.233441 1.59218 -0.0438176 1.73872 
0.222812 1.60967 -0.0402212 1.73659 
0.177124 1.63911 -0.0465909 1.7126 
0.185095 1.65096 -0.0429945 1.7088 
0.193066 1.6628 -0.0393981 1.72772 
0.201036 1.67465 -0.0358017 1.74664 
0.209615 1.68699 -0.0344658 1.76673 
0.20199 1.71236 -0.0304282 1.76733 
0.147225 1.74318 -0.0350322 1.70368 
0.141756 1.76189 -0.0327919 1.70633 
0.151266 1.77498 -0.0287542 1.72822 
0.160775 1.78807 -0.0247166 1.75011 
0.155858 1.80646 -0.0226254 1.7498 
0.151358 1.8247 -0.0222828 1.73332 
0.160868 1.83779 -0.0182452 1.73815 
0.108222 1.87067 -0.0203117 1.69385 
0.118308 1.8841 -0.0161284 1.70499 
0.118817 1.90426 -0.0151471 1.69696 
0.11005 1.91841 -0.0106533 1.70857 
0.112154 1.93344 -0.00720564 1.71397 
0.12347 1.94775 -0.00377316 1.71858 
0.134786 1.96191 0.0007206 1.74364 
0.121533 1.97315 0.00312933 1.72148 
0.132849 1.98731 0.00762309 1.74655 
0.144164 2.00146 0.0121169 1.77161 
0.135463 2.01056 0.0135239 1.74598 
0.141513 2.02149 0.0169085 1.75179 
0.149745 2.03212 0.0210471 1.76286 
0.158371 2.04215 0.0251359 1.77328 
0.171806 2.05711 0.0300882 1.79188 
0.170079 2.05298 0.031605 1.7706 
0.183514 2.06021 0.0355445 1.79071 
0.196949 2.07518 0.0404968 1.81113 
0.202893 2.0532 0.0419181 1.78134 
0.214548 2.06816 0.0457577 1.79856 
0.225366 2.06113 0.0467068 1.78046 
0.238254 2.06445 0.0517335 1.80323 
0.253442 2.0676 0.055827 1.81924 
0.268788 2.0704 0.0596745 1.8344 
0.284701 2.0858 0.0650695 1.86637 
0.30026 2.00128 0.0581863 1.79172 
0.316464 2.01668 0.0635814 1.82369 
0.332378 2.03208 0.0689764 1.85565 
0.350013 1.95404 0.0722895 1.87875 
0.366043 1.93849 0.0600193 1.81591 
0.381957 1.93843 0.0632 1.841 
0.398076 1.93848 0.0661761 1.86305 
0.416709 1.93846 0.0696537 1.88922 
0.435178 1.93864 0.0728174 1.91335 
0.453982 1.95398 0.0786162 1.94899 
0.47077 1.9391 0.0791904 1.96538 
0.489574 1.93951 0.0821497 1.99004 
0.502607 1.89593 0.0735658 1.97713 
0.519424 1.89695 0.0793646 2.01474 
0.533617 1.88439 0.0792372 2.04351 
0.549734 1.88621 0.0820834 2.0587 
0.565671 1.88829 0.0854989 2.08967 
0.581203 1.88997 0.0916352 2.09762 
0.603362 1.87927 0.0977715 2.14269 
0.617674 1.88171 0.0932727 2.1724 
0.60902 1.81762 0.0814972 2.14364 
0.618021 1.83226 0.0846429 2.16871 
0.633098 1.82706 0.088056 2.20316 
0.639952 1.82298 0.0885659 2.22277 
0.653937 1.82865 0.091906 2.25181 
0.676095 1.84329 0.0980423 2.29122 
0.698254 1.85793 0.104179 2.33062 
0.657459 1.80819 0.0862152 2.37059 
0.650204 1.80835 0.0861848 2.29177 
0.66462 1.81512 0.0898086 2.33671 
0.690659 1.82826 0.096186 2.3799 
0.70462 1.83554 0.0994254 2.42694 
0.718332 1.84296 0.102833 2.47288 
0.718698 1.85609 0.10921 2.51607 
0.731512 1.85263 0.107114 2.44994 
0.757551 1.86046 0.110256 2.47883 
0.741916 1.86322 0.110781 2.50814 
0.771824 1.86907 0.114373 2.53826 
0.757974 1.87464 0.11773 2.5662 
0.788483 1.88029 0.121807 2.60113 
0.7878 1.88577 0.125261 2.60601 
0.818308 1.89642 0.128511 2.65292 
0.848816 1.90212 0.132334 2.68532 
0.84701 1.89711 0.132206 2.68689 
0.860755 1.90776 0.13622 2.7338 
0.856751 1.91318 0.142711 2.76754 
0.88726 1.91839 0.149203 2.7908 
0.885957 1.91517 0.146483 2.79829 
0.921596 1.92217 0.152937 2.84875 
0.938773 1.92347 0.15348 2.85517 
0.955688 1.9245 0.159933 2.90341 
0.991328 1.9315 0.166387 2.95387 
0.988172 1.92653 0.16698 2.95818 
1.00357 1.92762 0.17109 2.99188 
0.955481 1.908 0.164497 2.92676 
0.968945 1.90835 0.168082 2.95553 
0.982188 1.90836 0.171111 2.97515 
0.975961 1.89755 0.170297 2.99543 
1.01747 1.89953 0.173038 3.04915 
1.03522 1.89438 0.179284 3.07485 
1.05254 1.88913 0.181921 3.06999 
1.09405 1.89111 0.18449 3.0937 
1.11086 1.88588 0.190735 3.14705 
1.12717 1.87362 0.189766 3.14271 
1.11649 1.8756 0.196011 3.19643 
1.158 1.87035 0.198513 3.21745 
1.14538 1.85788 0.197042 3.17167 
1.16328 1.84846 0.199153 3.22726 
1.21149 1.83671 0.201101 3.28409 
1.20242 1.818 0.198936 3.27174 
1.22084 1.81339 0.204802 3.29655 
1.2387 1.80205 0.210667 3.31934 
1.25626 1.79044 0.208217 3.37506 
1.30447 1.78582 0.214082 3.43156 
1.18774 1.75051 0.195955 3.26084 
1.23595 1.74008 0.20182 3.31802 
1.21404 1.72973 0.197772 3.29544 
1.26654 1.71566 0.198689 3.35942 
1.24929 1.69775 0.198833 3.3365 
1.26729 1.68081 0.199595 3.36225 
1.28511 1.6636 0.199817 3.37612 
1.34094 1.64648 0.199853 3.43627 
1.3184 1.63352 0.205189 3.4479 
1.33373 1.61517 0.200559 3.43143 
1.34846 1.60221 0.200736 3.44413 
1.36219 1.5853 0.200833 3.46706 
1.37524 1.5712 0.201457 3.488 
1.39173 1.55265 0.20158 3.50571 
1.4104 1.52899 0.201462 3.52111 
1.4288 1.50553 0.201038 3.53244 
1.49326 1.4829 0.200935 3.55028 
1.55773 1.45967 0.205649 3.61011 
1.57538 1.43993 0.201588 3.5909 
1.48702 1.41908 0.202132 3.60527 
1.55148 1.39585 0.206846 3.6651 
1.55988 1.3755 0.207547 3.67902 
1.44889 1.36535 0.201397 3.60809 
1.51737 1.33705 0.205859 3.66792 
1.5916 1.30151 0.209961 3.72775 
1.41882 1.30461 0.201678 3.61561 
1.49305 1.26907 0.20578 3.67544 
1.21863 1.24398 0.186458 3.38886 
1.29286 1.20844 0.19056 3.44869 
1.24805 1.24277 0.184198 3.41731 
1.32228 1.20723 0.182501 3.41469 
1.3363 1.17169 0.186603 3.47452 
1.41053 1.13615 0.190705 3.48444 
1.29971 1.10844 0.184481 3.42031 
1.38493 1.05847 0.188142 3.47859 
1.47015 1.07213 0.191803 3.5166 
1.49161 1.02216 0.195465 3.57489 
1.38023 1.02777 0.17087 3.48788 
1.46545 0.977802 0.174531 3.54617 
1.3479 0.991055 0.161136 3.4483 
1.36305 0.965563 0.159903 3.47134 
1.30789 0.964818 0.153127 3.42705 
1.39311 0.914846 0.156788 3.48533 
1.48153 0.860569 0.16044 3.54271 
1.43565 0.847355 0.153979 3.49566 
1.45803 0.780853 0.157604 3.55045 
1.48123 0.775368 0.151846 3.52608 
0.0222673 1.33656 0.0767542 2.42282 
0.11979 1.27006 0.0803795 2.47761 
-0.75572 1.63264 -0.0932304 1.54757 
-0.710435 1.58176 -0.096739 1.54968 
-0.612913 1.51526 -0.0931137 1.60447 
-0.565729 1.47688 -0.0894885 1.6339 
-0.465679 1.40696 -0.099963 1.51168 
-0.496292 1.34834 -0.108328 1.54506 
-0.385096 1.26333 -0.104015 1.59394 
-0.363263 1.17833 -0.109907 1.56274 
-0.252067 1.10604 -0.105595 1.6079 
-0.186264 1.05177 -0.106686 1.63424 
-0.162224 0.999841 -0.109906 1.62672 
-0.0510278 0.931044 -0.108671 1.63194 
0.0189754 0.846036 -0.104359 1.68082 
-0.0302909 0.836825 -0.107479 1.61611 
0.0825496 0.749609 -0.102967 1.66401 
0.208795 0.667265 -0.0968313 1.68931 
0.294896 0.562041 -0.0911715 1.72931 
0.421142 0.456816 -0.0850353 1.76931 
0.384226 0.460365 -0.078198 1.75216 
0.466574 0.389475 -0.0701864 1.80274 
0.50892 0.390058 -0.0602049 1.8095 
0.545818 0.284834 -0.0540688 1.8495 
0.581209 0.305192 -0.0431327 1.88456 
0.707454 0.199967 -0.0369965 1.92456 
0.834249 0.0940204 -0.0307435 1.96414 
0.879935 0.0633377 -0.0176478 2.00433 
0.971119 -0.0105834 -0.00641755 2.04611 
1.05882 -0.0170058 0.00543489 2.15324 
1.20139 -0.143726 0.0150484 2.18078 
1.2233 -0.203203 0.0245268 2.22015 
1.29636 -0.253933 0.0327408 2.32672 
1.43894 -0.380653 0.0423543 2.33345 
1.51278 -0.431898 0.0500026 2.37852 
1.28324 -0.480018 0.0578141 2.38279 
1.35795 -0.606738 0.0674277 2.41034 
1.51716 -0.421624 0.0747222 2.49382 
1.53505 -0.325726 0.0899507 2.5109 
1.61558 -0.382131 0.104484 2.57305 
1.69369 -0.439895 0.1185 2.59936 
1.85362 -0.58876 0.133867 2.61018 
2.01356 -0.737624 0.149234 2.62099 
1.66302 -0.311139 0.153147 2.69397 
1.82295 -0.357061 0.166123 2.74962 
1.70852 -0.294879 0.17517 2.82281 
1.86846 -0.443744 0.190537 2.83362 
1.94796 -0.610179 0.212377 2.8309 
2.03323 -0.568397 0.226891 2.83516 
2.11523 -0.626413 0.244709 2.86455 
2.06978 -0.681929 0.267412 2.89186 
2.25004 -0.735496 0.278048 2.91803 
2.30514 -0.787034 0.293556 2.94148 
2.4854 -0.955812 0.316259 2.93696 
2.41009 -0.888106 0.323616 2.97569 
2.44077 -0.930884 0.336559 3.01739 
2.47005 -0.976881 0.350051 3.02395 
2.52214 -1.1531 0.375114 3.02639 
2.57788 -1.20638 0.39182 3.06097 
2.45412 -1.25792 0.390686 3.08559 
2.66484 -1.1751 0.416314 3.14269 
2.87556 -1.3531 0.441943 3.1468 
0.785615 0.665791 0.34847 3.41158 
0.996338 0.487792 0.374098 3.41569 
1.20706 0.437191 0.394927 3.42389 
0.647858 0.853156 0.400766 3.31677 
0.737436 0.782508 0.423234 3.27576 
0.961857 0.594755 0.451802 3.27077 
0.943708 0.61906 0.474205 3.22582 
1.17317 0.427719 0.503854 3.21747 
1.15548 0.444609 0.522583 3.16752 
1.38493 0.3593 0.543692 3.16304 
1.48575 0.16796 0.573342 3.1405 
0.622682 0.791144 0.50018 2.85573 
0.395724 0.907782 0.461622 2.66517 
0.513686 0.789474 0.477493 2.62334 
0.635207 0.666987 0.493992 2.57167 
0.552564 0.671706 0.485443 2.47205 
0.797388 0.472709 0.517959 2.45257 
1.04221 0.273713 0.550476 2.43308 
1.17822 0.203671 0.553657 2.34296 
1.2012 0.00467463 0.586174 2.32347 
1.33591 -0.0550805 0.582131 2.28318 
1.4736 -0.191709 0.595993 2.2145 
1.5962 -0.314993 0.605841 2.22457 
1.72516 -0.444996 0.615377 2.17414 
1.85134 -0.643992 0.647894 2.13302 
1.85383 -0.697326 0.63127 2.08942 
1.98424 -0.896398 0.610199 2.03769 
2.23786 -1.09547 0.644437 2.00832 
2.49149 -1.21778 0.6499 1.9883 
2.48222 -1.17739 0.653805 2.01832 
2.40583 -1.17908 0.617205 2.09998 
2.65945 -1.37815 0.651444 2.07062 
2.74927 -1.47948 0.64965 2.05021 
2.68167 -1.46859 0.6127 2.09739 
2.9353 -1.66767 0.646939 2.06311 
3.18767 -1.86193 0.681576 2.0293 
3.11841 -1.71356 0.61068 2.10194 
3.19763 -1.9031 0.64571 2.06376 
3.26056 -1.96718 0.642802 2.09746 
3.31618 -2.03635 0.640588 2.05863 
3.56731 -2.22589 0.635215 2.00886 
3.59267 -2.26729 0.670244 2.13744 
3.35216 -2.11571 0.623019 2.46693 
3.6033 -2.30525 0.658049 2.41817 
3.59669 -2.3149 0.652603 2.47783 
3.35719 -2.18583 0.610459 2.29923 
1.85741 -1.27472 0.370327 1.86133 
1.93185 -1.35389 0.37966 1.73071 
1.50264 -0.975605 0.359123 2.62524 
1.73344 -1.14392 0.394518 2.57892 
1.74919 -0.969497 0.398153 2.59996 
1.97999 -0.962236 0.417532 2.60501 
2.21079 -1.13055 0.43862 2.58853 
2.23036 -0.958383 0.444793 2.54277 
1.59689 -0.956076 0.480187 2.51575 
1.59447 -1.11201 0.500397 2.46668 
1.56163 -0.906202 0.520331 2.43873 
1.52314 -0.867344 0.537801 2.4096 
1.49164 -0.835287 0.555885 2.34479 
1.67585 -0.968512 0.591951 2.29066 
1.4276 -0.77386 0.589081 2.23422 
1.39526 -0.744813 0.603665 2.18232 
1.36321 -0.717343 0.617208 2.11091 
1.54742 -0.850569 0.653273 2.07647 
1.30059 -0.667299 0.641017 2.02574 
1.24722 -0.630584 0.651455 1.97046 
1.3491 -0.712383 0.689037 1.90892 
1.01612 -0.636676 0.699116 1.88326 
0.905122 -0.564302 0.706501 1.82393 
0.592292 -0.206101 0.651726 1.71878 
0.694173 -0.2879 0.689308 1.65723 
0.390526 -0.0895797 0.662513 1.58721 
0.291358 -0.033702 0.666331 1.53003 
0.198319 0.0171575 0.671379 1.46622 
0.300201 -0.064642 0.708961 1.40468 
0.376534 -0.132092 0.746887 1.34195 
-0.21821 0.363504 0.684318 1.28118 
-0.425777 0.352855 0.687415 1.21376 
-0.450571 0.342205 0.726705 1.14634 
-0.475365 0.331556 0.765994 1.07891 
-1.16705 0.760513 0.669614 0.951721 
-1.48866 0.943498 0.63912 0.857179 
-1.51345 0.932848 0.67841 0.789754 
-1.53825 1.17903 0.717699 0.561109 
-2.07139 1.2448 0.638285 0.612342 
-2.22645 1.31797 0.648126 0.488911 
-2.4265 1.40362 0.685829 0.420115 
-2.62654 1.48926 0.723531 0.35132 
-2.9265 1.64124 0.732875 0.340538 
-3.12655 1.72688 0.770578 0.271743 
-3.56056 1.96801 0.713771 0.0379944 
-3.81943 2.093 0.714459 -0.0590965 
-4.14816 2.28053 0.555674 -0.334799 
-4.35757 2.36617 0.593377 -0.377529 
-4.55851 2.45182 0.593158 -0.446325 
-4.76364 2.54866 0.630683 -0.54803 
-4.98908 2.71951 0.551608 -0.82353 
-5.19092 2.87245 0.507145 -0.999261 
-5.42348 3.0392 0.50249 -1.16407 
-5.64995 3.20278 0.499401 -1.29674 
-5.86229 3.40612 0.49657 -1.38487 
-6.16315 3.5609 0.530741 -1.55223 
-6.24891 3.64298 0.489282 -1.84771 
-6.54977 3.84633 0.523452 -1.94845 
-6.59035 3.8997 0.480905 -2.21602 
-6.74429 4.01724 0.477208 -2.38733 
-7.11126 4.34293 0.538533 -2.48246 
-6.6126 4.15835 0.600559 -2.7344 
-6.78969 4.37361 0.469775 -2.78509 
-6.7378 4.57541 0.485461 -2.84178 
-7.10648 4.77588 0.547488 -2.99585 
-7.47516 5.10473 0.609515 -3.09117 
-6.63356 4.66113 0.514833 -3.41175 
-6.7498 4.82332 0.537231 -3.53579 
-7.11848 5.15217 0.559324 -3.63111 
-6.70262 4.95178 0.621351 -3.74404 
-7.19136 5.22163 0.668392 -3.91363 
-7.41547 5.69905 0.75425 -3.95029 
-7.91767 6.17647 0.840109 -3.99986 
-8.13688 6.4554 0.925967 -4.15916 
-8.04324 6.50456 0.976115 -4.43537 
-8.2346 6.75245 0.841864 -4.60434 
-8.11492 6.76066 0.870443 -4.76289 
-8.61712 7.23808 0.900577 -4.74486 
-8.78699 7.45827 0.927137 -4.90673 
-9.28919 7.93569 1.013 -4.98609 
-9.54995 8.18693 0.962286 -4.99737 
-9.45709 8.13779 0.816955 -5.21049 
-10.0597 8.64925 0.735221 -5.24448 
-9.94565 8.56406 0.656726 -5.36602 
-10.162 8.74755 0.585188 -5.47748 
-10.7646 9.25901 0.577497 -5.51147 
-10.6063 9.11208 0.455963 -5.49776 
-11.2088 9.62354 0.448271 -5.53176 
-10.9988 9.41523 0.347942 -5.68291 
-11.1751 9.54258 0.30128 -5.84194 
-11.2867 9.76987 0.269121 -5.86017 
-11.3618 10.0146 0.163234 -5.91849 
-11.8667 10.6561 0.0987128 -5.91393 
-11.4749 10.4552 0.0372881 -6.08544 
-11.9798 10.6495 -0.00311776 -6.29263 
-11.5602 10.8461 -0.0679674 -6.22485 
-11.1128 10.5416 -0.114821 -6.39737 
-11.6177 11.1831 -0.155227 -6.39281 
-12.1226 11.3358 -0.194378 -6.53822 
-11.6702 11.4859 -0.231971 -6.52283 
-12.2234 11.669 -0.334829 -6.7001 
-12.8001 12.4242 -0.482672 -6.60663 
-11.8825 11.0291 -0.630515 -6.90823 
-12.4592 10.6593 -0.698329 -6.86054 
-13.0359 10.8328 -0.819817 -6.80229 
-13.6127 11.0114 -0.935349 -6.66734 
-14.1894 11.7666 -1.08319 -6.45374 
-10.7565 11.3073 -1.12249 -6.56122 
-10.8114 12.0625 -1.19495 -6.46775 
-11.3881 12.1889 -1.34279 -6.44116 
-10.9747 11.7571 -1.38405 -6.39922 
-11.5921 12.6151 -1.52437 -6.21747 
-11.1757 13.4731 -1.66428 -6.03446 
-11.2647 14.3312 -1.78582 -5.79184 
-11.8821 14.5324 -2.01939 -5.80808 
-11.9868 13.402 -2.13877 -5.90582 
-12.6042 12.8809 -2.1221 -5.98966 
-13.2216 13.0178 -2.35567 -5.94478 
-13.8391 13.8759 -2.43758 -5.76303 
-11.8233 13.3012 -2.50221 -6.69269 
-11.9111 14.2113 -2.78772 -6.44731 
-11.4644 14.4202 -2.82112 -6.07921 
-12.124 15.3782 -3.15437 -5.78422 
-11.1161 13.3351 -3.2399 -5.65493 
-11.7757 13.5388 -3.43783 -5.34342 
-12.4353 14.4968 -3.77108 -5.04844 
-11.9318 13.8785 -3.60644 -4.94019 
-12.0053 14.0444 -3.9397 -4.72379 
-12.665 15.0024 -4.27295 -4.42881 
-13.3246 15.9604 -4.42218 -4.17794 
-13.4145 16.1627 -4.80348 -3.91012 
-12.9063 16.4289 -4.82955 -3.44738 
-9.31651 10.7334 -3.27596 -4.51969 
-10.0256 11.7912 -3.7171 -4.08857 
-10.7347 12.8489 -4.15823 -3.65746 
-5.98774 7.73896 -3.6777 -1.7442 
-6.27484 8.00143 -3.09465 -0.610085 
-6.56991 9.05923 -3.53579 -0.178974 
-6.8064 8.90762 -3.77295 -0.757359 
-7.00383 9.96542 -4.21409 -0.326248 
-6.17474 9.01569 -3.72922 -1.56932 
-5.06791 7.83468 -3.41936 -2.03274 
-4.50136 7.41872 -3.38511 -1.93925 
-3.93482 7.00275 -3.35086 -1.84576 
-2.86405 5.23084 -2.78256 -1.86993 
-0.660615 3.27096 -1.90344 0.107037 
0.113497 2.54783 -1.71567 0.173584 
0.847467 1.87166 -1.53414 0.488685 
1.41401 1.4557 -1.49989 0.379003 
2.12457 0.767126 -1.2118 1.7721 
2.38381 0.674124 -1.26132 1.72823 
1.89122 1.29411 -1.28554 3.30576 
1.27983 1.98481 -1.43175 3.67583 
0.801531 2.67043 -1.68233 4.16059 
0.323229 3.05792 -1.6465 3.1846 
-0.26268 3.74003 -1.89708 3.47417 
-0.740982 4.2483 -2.05248 3.44064 
-1.40554 4.72796 -2.20428 3.21934 
-1.88385 5.41007 -2.45486 3.50891 
-2.31027 5.49928 -2.48449 1.94346 
-2.70428 6.09542 -2.72389 2.22708 
-2.53232 5.47466 -2.65293 0.884994 
-2.62479 5.76333 -2.85234 1.05719 
-2.40145 5.16948 -2.74525 0.859612 
-2.31626 5.02036 -2.76976 1.06005 
-2.40873 5.30902 -2.96917 1.32236 
-1.99787 4.82266 -2.60285 1.92755 
-2.09034 4.75302 -2.80225 2.19151 
-1.85318 4.69129 -2.59158 2.49105 
-1.94565 4.63328 -2.79098 2.72228 
-1.85828 4.55854 -2.76024 2.93476 
-1.83903 4.36564 -2.83663 3.2465 
-1.81977 4.51158 -2.91302 3.64852 
-0.749515 2.43639 -1.03876 3.90156 
-0.530611 2.21067 -0.846276 3.85173 
-0.511357 2.3566 -0.922666 4.25376 
-0.492103 2.32746 -0.85118 4.59778 
-0.472849 2.4734 -0.92757 4.9998 
-0.453595 2.28901 -0.68986 5.22856 
-0.226254 2.25643 -0.584091 5.46455 
-0.155609 2.2212 -0.317508 5.68376 
0.00370884 2.23617 -0.325841 5.84021 
0.158068 2.25113 -0.334173 6.06076 
0.280606 1.93613 -0.17474 6.50305 
0.444252 1.65341 0.142786 6.68682 
0.571355 1.53539 0.295603 6.99097 
0.689251 1.42807 0.446992 7.30241 
0.811789 1.44303 0.43866 7.66463 
0.368227 0.313592 1.82697 5.70462 
0.490765 0.328556 1.81863 6.06684 
0.489825 0.150611 1.9386 6.33081 
0.708554 0.0275836 1.98235 6.66239 
0.797901 -0.113221 2.26738 6.53998 
0.964216 -0.252435 2.31157 6.70352 
1.15023 -0.366992 2.41594 6.89184 
1.32271 -0.460696 2.46013 7.32525 
1.11133 -0.382264 2.54917 6.948 
1.18692 -0.46157 2.65685 6.99814 
1.40646 -0.56672 2.70104 7.28459 
1.34907 -0.600972 2.73505 7.00337 
1.56861 -0.706121 2.77924 7.28982 
1.77209 -0.875534 2.86221 7.62497 
2.04897 -1.09098 2.95977 7.7517 
2.24664 -1.17809 3.04785 8.08735 
2.52351 -1.32124 3.1454 8.40461 
1.84511 -1.01203 3.09554 8.05759 
1.8694 -1.17197 3.16629 8.01124 
2.0298 -1.3406 3.23787 8.0131 
2.18425 -1.49413 3.30833 8.14542 
2.46112 -1.70957 3.40589 8.35833 
2.46036 -1.73478 3.44519 8.68553 
2.53135 -1.91527 3.49888 8.989 
2.58467 -2.10245 3.54817 9.24471 
2.63095 -2.28288 3.59582 9.46615 
2.47476 -2.2682 3.60558 9.85909 
2.49586 -2.40409 3.65131 10.1049 
2.71037 -2.72043 3.69573 10.3221 
2.74366 -2.88148 3.7774 10.3388 
2.77925 -3.04428 3.85908 10.3994 
2.81096 -3.19394 3.86681 10.5624 
3.02548 -3.51027 3.91395 10.7796 
2.79517 -3.41945 3.97378 11.4682 
2.98525 -3.82774 4.03931 11.676 
2.73938 -3.72493 4.1037 11.9537 
2.70785 -3.86077 4.16879 12.2172 
2.68502 -4.00876 4.2336 12.3262 
2.6525 -4.41705 4.33343 12.427 
2.62882 -4.53307 4.36345 12.6979 
2.59659 -4.34687 4.42839 13.0314 
2.57449 -4.45505 4.49136 13.1307 
2.76458 -4.28765 4.55344 13.2225 
2.50601 -4.75442 4.63006 13.1456 
2.62926 -5.24756 4.75505 13.334 
2.35689 -5.13899 4.8394 13.5002 
2.48014 -5.63214 4.921 13.539 
2.21335 -5.48135 4.95768 13.7439 
2.13119 -5.60055 5.03572 14.0945 
2.05225 -5.70693 5.16071 14.3674 
1.97995 -5.41276 5.18431 14.6407 
1.91507 -5.90591 5.25481 14.6836 
1.85707 -5.59032 5.32239 14.8784 
1.74343 -6.01428 5.40133 14.8851 
1.59643 -5.97949 5.48698 14.9857 
1.45294 -6.35985 5.5688 15.1523 
1.47576 -6.31657 5.71775 15.248 
0.551319 -3.3816 4.94559 13.3962 
0.536298 -3.55224 4.97684 11.4506 
0.559119 -3.9326 5.12579 11.6171 
0.581939 -4.31296 5.15415 11.7837 
0.483756 -4.26409 5.05206 11.3183 
0.454011 -4.16445 5.07316 11.5845 
0.36503 -4.2264 5.09528 11.9395 
0.285863 -4.54199 5.2496 12.2728 
0.099887 -4.26331 5.13956 12.6137 
-0.0616654 -3.95668 5.29388 13.1302 
-0.163606 -3.97745 5.04893 12.9526 
-0.242773 -4.01919 5.06917 12.9964 
-0.331063 -4.33478 5.0884 13.17 
-0.411509 -4.382 5.24272 13.395 
-0.48677 -4.42541 5.26479 13.5729 
-0.557708 -4.46214 5.28822 13.7855 
-0.660062 -4.42899 5.30243 14.1588 
-0.810186 -4.6453 5.42758 14.5189 
-0.945056 -4.54757 5.42865 14.8785 
-0.759541 -3.00969 4.68738 12.9473 
-0.909664 -3.22601 4.81253 13.3075 
-0.958117 -3.04242 4.67804 13.2565 
-1.10824 -3.25874 4.80319 13.6167 
-1.25836 -3.47506 4.92834 13.9768 
-1.40849 -2.85304 5.05349 14.2133 
-1.22457 -3.06936 4.70539 14.4848 
-1.26943 -2.74181 4.47218 13.4231 
-1.52395 -2.83032 4.55728 13.8203 
-1.62686 -2.52166 4.43705 14.0812 
-1.88138 -2.61016 4.52215 14.4784 
-1.93921 -2.3245 4.42144 14.4447 
-2.19372 -2.41301 4.50655 14.8419 
-2.32766 -2.33263 4.50473 14.7486 
-2.0166 -1.96481 4.27704 14.4357 
-2.27111 -1.913 4.36214 14.5125 
-2.52563 -2.00151 4.44725 14.9097 
-2.80992 -2.05884 4.51849 15.32 
-3.1602 -2.04709 4.55902 15.5345 
-3.0293 -1.6451 4.3863 15.2849 
-3.37958 -1.63336 4.42683 15.7239 
-3.34222 -1.39932 4.35103 15.5704 
-3.46554 -1.29869 4.34424 15.6226 
-3.5835 -1.20025 4.3394 15.6987 
-3.68365 -1.11286 4.34384 15.5299 
-3.78037 -1.02705 4.3488 15.9034 
-3.87175 -0.945525 4.35735 16.0183 
-4.24247 -0.908521 4.38806 16.4667 
-4.14147 -0.670023 4.33132 16.2441 
-4.28902 -0.510485 4.30385 16.2721 
-4.72616 -0.3914 4.30267 16.7509 
-4.57112 -0.204033 4.27998 16.4887 
-5.00826 -0.0849472 4.27879 16.9676 
-4.79241 0.0326908 4.24713 16.832 
-5.22955 0.151776 4.24594 17.3108 
-4.99833 0.23057 4.20926 16.1863 
-5.43548 0.349655 4.20808 16.6651 
-5.18302 0.42295 4.19596 16.6669 
-5.35207 0.656883 4.16567 16.7919 
-5.50757 0.890817 4.13538 17.301 
-5.65172 1.02057 4.11241 16.9022 
-5.76397 1.15624 4.09697 16.8016 
-5.86033 1.28229 4.08165 16.7065 
-5.95877 1.51623 4.05136 17.2155 
-5.30042 1.39786 4.0699 16.1687 
-5.459 1.56675 4.03505 16.3163 
-5.60264 1.70216 4.00406 16.3053 
-5.33328 1.67513 3.96658 15.5271 
-5.92045 2.016 3.9312 16.0476 
-6.50762 2.35687 3.89623 16.1543 
-6.28507 2.24764 3.8568 15.9248 
-6.44641 2.5885 3.82562 16.075 
-6.59206 2.74167 3.79024 16.3603 
-6.73239 2.893 3.76487 15.873 
-6.85718 3.01739 3.74079 15.7914 
-5.58507 2.46521 3.73135 13.8567 
-6.17224 2.80608 3.69597 14.3772 
-6.75994 3.14778 3.66085 14.8975 
-6.17703 3.07397 3.62476 14.7965 
-6.82806 3.51469 3.6213 14.8687 
-6.64504 3.52579 3.58269 14.4548 
-6.82702 3.6661 3.56803 13.9895 
-7.47805 4.10682 3.56457 14.4905 
-7.18707 3.95538 3.53156 13.6404 
-7.8381 4.3961 3.5281 14.1414 
-6.97555 3.85387 3.49585 12.8342 
-7.11424 3.96881 3.48155 12.8205 
-7.2689 4.40953 3.47809 13.3216 
-7.9726 4.5727 3.53545 13.3725 
-8.6801 5.03558 3.6162 13.808 
-8.39013 4.89114 3.6566 13.3033 
-8.55671 4.98377 3.73734 12.9161 
-8.69806 5.04309 3.7825 12.4662 
-8.79827 5.04963 3.86325 12.3949 
-8.90291 5.08198 3.92238 12.1913 
-9.03695 5.17559 3.95327 11.9106 
-9.74445 5.63847 4.0076 11.8732 
-8.58593 4.82694 4.05673 10.951 
-9.33463 5.23389 4.22939 11.2749 
-10.0902 5.63152 4.46342 11.5802 
-9.60491 4.78005 4.60632 10.2774 
-10.3605 5.17768 4.78803 10.5827 
-9.79891 5.57531 4.96028 10.888 
-9.89422 5.09963 5.12302 10.0021 
-9.96055 5.03509 5.35705 9.60369 
-10.0367 5.00053 5.42036 9.42377 
-10.1166 4.98481 5.55142 9.33678 
-10.1945 4.97564 5.78544 9.21687 
-10.9804 5.26703 6.06787 9.55809 
-10.4413 4.76364 6.24069 9.61094 
-10.5434 4.60737 6.52765 9.31005 
-10.6366 4.45064 6.80145 8.52093 
-10.7259 4.30603 7.06099 8.38346 
-10.1006 4.17699 7.30611 8.32925 
-10.895 4.43868 7.53765 8.17928 
-10.9725 4.32359 7.75685 8.18411 
-11.7669 4.21942 8.19963 8.66979 
-9.61996 3.12001 7.91084 7.95013 
-9.56824 3.01681 8.5378 8.05675 
-9.48425 2.9054 9.24151 8.19769 
-6.75633 1.88686 7.50588 7.27122 
-7.3652 2.0267 8.20959 7.51689 
-7.39133 2.02268 8.55253 7.76972 
-6.41021 1.7974 8.51 8.24322 
-6.04794 1.67562 7.60949 6.81269 
-6.16877 1.65423 8.3132 6.9101 
-6.77764 1.79408 9.0169 7.15578 
-5.99467 1.50465 8.43574 6.82572 
-6.07986 1.47092 8.71898 6.40862 
-6.14688 1.44859 9.01212 6.37418 
-6.65735 1.55316 9.7547 6.46863 
-6.33202 1.45986 9.59021 6.42743 
-6.8425 1.56443 10.3328 6.29961 
-7.35297 1.669 11.0754 6.39407 
-6.98027 1.51387 10.8911 6.27575 
-7.04687 1.47204 11.1435 5.63076 
-7.55735 1.57661 11.3297 5.72522 
-7.13426 1.33084 11.4983 4.64617 
-7.68429 1.19955 11.7384 4.67732 
-7.31245 1.04098 12.0647 4.30039 
-7.89424 1.03066 12.9896 4.36948 
-7.50624 0.743199 12.6773 4.38814 
-8.08804 0.73288 13.6021 4.45722 
-7.68266 0.488904 13.8774 4.24767 
-7.2553 0.37194 13.4701 4.15608 
-7.8371 0.271655 13.7142 4.25363 
-7.91262 0.183051 13.9525 4.35535 
-8.49442 0.10324 14.209 4.54059 
-8.52361 0.0428477 15.1805 4.61547 
-8.5077 -0.137991 15.5037 4.33988 
-8.49173 -0.425581 15.0185 4.50284 
-7.93921 -0.540439 15.3118 4.61011 
-8.44016 -0.655297 16.334 4.69131 
-7.37872 -0.821912 15.0957 5.1219 
-7.87967 -0.93677 16.1179 5.20309 
-7.86537 -1.03736 16.3397 5.21854 
-7.84635 -1.15221 16.5636 5.29974 
-7.82766 -1.2496 16.7507 5.30851 
-7.80178 -1.40368 16.9533 5.3018 
-8.28422 -1.55763 18.071 5.67197 
-8.76667 -1.76972 19.1887 5.85679 
-7.15982 -1.88974 17.6236 6.16302 
-7.64227 -2.03936 17.8694 6.46955 
-8.12471 -2.25145 18.1057 6.65437 
-7.5848 -2.31127 18.3271 7.11396 
-7.55233 -2.52336 19.4447 7.29877 
-7.51966 -2.63525 18.6895 7.57003 
-8.0021 -2.6079 19.8072 7.97728 
-6.95807 -2.44572 17.0574 8.47624 
-6.95229 -2.74702 18.2154 8.85813 
-6.46188 -2.76128 17.4015 9.38805 
-6.47498 -2.90596 16.5566 9.82616 
-6.97034 -3.20725 17.7146 10.2003 
-6.52523 -3.17863 17.8695 10.7963 
-6.55636 -3.30073 18.0315 11.3152 
-7.05172 -3.60202 19.1895 11.6893 
-6.63488 -3.53054 18.3423 12.1939 
-6.68443 -3.64362 18.4927 12.56 
-7.19418 -3.96536 19.6424 13.0084 
-6.85608 -3.93333 18.7365 13.7899 
-6.04679 -3.62468 16.76 14.5586 
-6.14285 -3.77638 16.8525 15.1701 
-6.6953 -4.15877 17.978 15.8388 
-6.34692 -4.09206 17.0587 16.3186 
-6.89938 -4.47444 18.1842 16.9873 
-6.56134 -4.37323 17.2719 17.6146 
-6.67246 -4.75561 17.3811 18.2833 
-6.78008 -4.61789 17.4925 18.8049 
-6.80615 -4.74102 17.5282 19.4206 
-6.46705 -4.91769 17.1888 20.1827 
-6.12178 -5.37283 17.8546 21.0586 
-5.77221 -5.25159 16.5176 21.6449 
-5.42152 -5.42158 16.1886 22.2527 
-4.66313 -5.1966 14.9056 23.317 
-4.7789 -5.30202 15.5714 23.9478 
-4.4796 -5.75715 15.2633 24.8237 
-3.43025 -5.11041 13.096 25.1522 
-3.19193 -5.17345 12.8397 25.6889 
-3.31785 -5.57269 13.4466 26.4165 
-2.85339 -4.7533 11.7299 24.6982 
-3.06988 -4.27064 10.9424 23.805 
-2.37965 -3.45837 9.27432 21.3185 
-2.59615 -3.35922 9.35587 20.7245 
-2.50692 -2.96801 9.43741 18.0143 
-2.12244 -2.36488 6.77695 13.825 
-2.0498 -2.04029 6.0146 11.9412 
-2.2663 -1.74736 6.09615 11.0336 
-2.19068 -1.64821 5.34261 9.01538 
-2.40282 -1.57357 5.43914 8.44504 
-1.87618 -2.11613 4.5711 5.82355 
-1.61836 -2.8796 4.48049 4.00802 
-1.66185 -3.75276 5.15647 3.41994 
-1.40884 -4.3736 4.54088 3.68711 
-0.971828 -5.24677 5.21686 3.73019 
-0.676762 -5.83994 4.87967 5.17913 
-0.720251 -5.9881 5.08429 6.89928 
-0.76374 -6.45172 5.76027 7.69829 
-0.665763 -7.32488 5.97909 7.77287 
-0.709252 -8.19804 6.65507 8.11806 
-0.358653 -7.29846 5.6465 8.98857 
-0.256709 -7.24074 5.48981 9.49007 
-0.153466 -7.19246 5.33346 9.61909 
-0.0472995 -7.15874 5.18253 9.66646 
-0.0194819 -7.66024 5.45009 9.69401 
0.160603 -7.11963 4.88493 9.01474 
0.188421 -7.62112 5.1525 9.04229 
0.333519 -7.04715 4.59963 8.7532 
0.361337 -7.54864 4.46536 8.60236 
0.536452 -6.4953 3.61619 8.09749 
0.725255 -6.45118 3.7344 7.7904 
0.887346 -6.89381 3.83106 7.64749 
1.08979 -6.8601 3.57799 7.16267 
1.28501 -6.83222 3.33154 6.70515 
1.44722 -6.74984 3.07797 6.45051 
1.57984 -6.15543 2.84029 6.09939 
1.74193 -6.59806 2.62051 5.95648 
1.87693 -6.53706 2.41621 5.64065 
2.00246 -6.48434 2.22548 5.28472 
2.11742 -6.43745 1.7892 4.92678 
2.38075 -6.8617 1.75769 4.65854 
2.55289 -6.34051 1.45735 3.93492 
2.75355 -6.26597 1.15692 3.51194 
2.9443 -6.19847 1.09303 3.23282 
3.12455 -6.13941 0.613239 2.71322 
3.27956 -6.06049 0.358991 2.51018 
3.42843 -5.53845 0.130808 1.78928 
3.5689 -5.95806 -0.07523 1.50421 
3.69833 -5.92328 -0.263553 1.07609 
3.81514 -5.89304 -0.435533 0.658656 
3.24545 -4.25647 -0.804696 -0.000359178 
3.65563 -4.62534 -1.02151 -0.4448 
3.88703 -4.67324 -1.27227 -1.29043 
4.12185 -4.74054 -1.48961 -1.98903 
4.31801 -5.10941 -1.71506 -2.43347 
4.499 -4.76371 -1.91758 -2.84918 
4.65129 -5.13259 -2.1344 -3.30984 
4.79814 -4.34915 -2.26798 -3.17226 
5.20832 -4.71802 -2.42061 -3.56598 
5.04391 -4.71868 -2.63743 -3.86754 
5.23487 -5.04654 -2.94896 -4.39785 
5.45764 -4.64483 -3.22519 -4.77301 
5.65302 -4.57519 -3.25315 -5.28141 
5.84351 -4.51754 -3.47549 -5.64565 
6.0245 -4.82303 -3.83868 -6.2228 
6.19616 -4.42992 -3.85027 -6.29638 
5.94872 -4.02356 -4.04847 -6.84419 
6.47425 -4.32905 -4.41166 -7.42134 
6.99979 -4.63454 -4.77485 -7.99848 
6.34519 -4.00029 -3.65306 -6.74216 
5.75311 -3.44646 -4.09648 -7.77329 
6.38768 -3.68651 -4.34682 -8.18438 
6.27338 -3.45789 -4.8504 -8.60649 
6.50901 -3.69795 -5.35398 -9.30499 
6.73582 -3.42353 -5.85756 -9.55948 
6.93237 -3.66358 -6.36113 -10.258 
7.12459 -3.35232 -6.58869 -10.2379 
7.75916 -3.59238 -7.09227 -10.6659 
7.92499 -3.55081 -5.84668 -11.2884 
5.66047 -2.41638 -4.91567 -9.0317 
6.34587 -2.62628 -5.486 -9.78494 
5.75086 -2.3137 -4.36656 -10.2793 
6.48795 -2.49294 -5.00477 -11.2147 
6.36772 -2.34157 -4.97394 -11.0079 
7.10482 -2.52081 -5.61215 -11.8168 
7.84191 -2.70005 -6.25037 -12.6257 
7.204 -2.31677 -5.84253 -12.3774 
7.94109 -2.49601 -6.48074 -13.0217 
7.68177 -2.47869 -6.75789 -13.5882 
8.41887 -2.65793 -7.39611 -14.0772 
8.67254 -2.4182 -7.29949 -14.4465 
9.50578 -2.54449 -8.06655 -14.8868 
9.20199 -2.25225 -7.95771 -15.2412 
10.0352 -2.37854 -8.72476 -16.1499 
9.03596 -1.92562 -8.01679 -16.1429 
9.86919 -2.05191 -8.78384 -17.0517 
7.16841 -1.46299 -6.63818 -14.1819 
8.00164 -1.58928 -6.85054 -15.0906 
8.83487 -1.71557 -7.61759 -15.9994 
8.58462 -1.65973 -6.756 -15.7264 
8.8715 -1.64858 -7.56535 -15.9136 
9.79484 -1.73025 -8.45518 -16.9122 
9.53253 -1.55725 -8.28328 -16.8209 
10.4559 -1.63893 -9.17311 -17.8195 
10.0994 -1.44309 -8.98713 -18.1122 
11.0227 -1.52477 -9.87696 -19.1108 
9.20456 -1.12381 -8.2 -19.3174 
10.1279 -1.20548 -9.08983 -20.316 
10.3701 -1.20376 -9.3212 -18.7383 
11.2935 -1.28544 -10.211 -19.7369 
11.5766 -1.28959 -10.4963 -20.5985 
11.8992 -1.2558 -11.5024 -21.7067 
12.1706 -1.19107 -11.2328 -22.1666 
13.1786 -1.23506 -12.2389 -23.2457 
11.7455 -0.894193 -11.0814 -22.3148 
11.9022 -0.938179 -12.0875 -23.3939 
12.9102 -0.982165 -13.0936 -24.473 
13.9181 -0.922321 -13.2963 -24.7619 
13.2275 -0.815291 -12.6325 -24.3644 
14.2354 -0.859277 -13.6386 -25.4434 
13.4255 -0.723562 -12.925 -25.4258 
14.5132 -0.734252 -14.0403 -26.5769 
13.6883 -0.588728 -13.2923 -26.1491 
14.776 -0.599419 -13.4362 -27.3003 
13.896 -0.486074 -13.5585 -26.7926 
12.9674 -0.400396 -12.6345 -26.2793 
14.0551 -0.411086 -13.7498 -27.4304 
15.1427 -0.421777 -14.8652 -28.5815 
14.2184 -0.375488 -13.8938 -27.8461 
14.263 -0.347043 -13.9541 -28.9651 
14.3095 -0.324714 -14.0137 -28.4198 
14.3036 -0.268635 -14.1539 -28.5191 
15.3662 -0.247456 -15.3709 -29.7351 
11.4095 -0.20524 -16.5879 -24.6614 
10.7811 -0.333467 -9.68121 -23.7005 
11.0594 -0.34792 -10.8982 -23.987 
12.1219 -0.32674 -12.1152 -25.2031 
11.5948 -0.302114 -11.6666 -24.6466 
11.8212 -0.243669 -12.0445 -25.0926 
12.0497 -0.189926 -12.4041 -25.3677 
12.2635 -0.141801 -12.7198 -25.6326 
13.0147 -0.0570379 -13.3633 -26.7247 
11.129 0.0157781 -12.1802 -26.3665 
11.8802 0.0872901 -11.8632 -26.5449 
5.3222 -0.272394 -4.16654 -16.5641 
5.58263 -0.257042 -4.26268 -16.8089 
5.02166 -0.25838 -3.58733 -14.8469 
5.36824 -0.208168 -3.8859 -15.9969 
5.73594 -0.163823 -4.21243 -16.013 
6.08797 -0.102964 -4.85592 -17.0607 
6.4439 -0.0410489 -4.9142 -17.5646 
7.03607 0.0213294 -5.2299 -17.8101 
6.77608 0.121888 -5.83828 -18.1236 
1.80651 -0.167534 -1.49749 -6.62002 
2.39315 -0.104732 -2.10586 -7.03584 
2.14473 -0.036579 -2.0632 -3.97679 
2.73137 0.0262226 -2.67158 -4.39261 
3.12279 0.107307 -3.15556 -4.82799 
3.70944 0.170109 -3.76394 -5.24381 
4.03284 0.256895 -4.14421 -5.05337 
4.44294 0.346486 -4.39212 -5.49991 
4.71792 0.401315 -4.95275 -6.06234 
4.95516 0.460483 -5.28319 -6.65605 
5.18198 0.509632 -5.83796 -7.22199 
5.09005 0.549804 -5.58877 -7.89503 
5.54715 0.603655 -6.14354 -8.47545 
3.79487 0.420553 -4.38563 -7.78868 
4.25197 0.474405 -4.9404 -8.36909 
4.40777 0.481237 -5.1915 -8.82001 
4.86487 0.535088 -5.74627 -9.21735 
4.76226 0.499038 -5.69855 -9.63574 
4.81852 0.504073 -5.76308 -9.92692 
4.83721 0.51201 -5.41425 -10.0893 
5.15819 0.543656 -5.75519 -10.4366 
5.47916 0.575301 -5.332 -10.2712 
5.80014 0.606946 -5.67294 -10.6184 
5.48672 0.59228 -6.01388 -10.9011 
4.89259 0.466813 -5.58604 -10.4737 
5.21356 0.498458 -5.92698 -10.8209 
4.94956 0.455891 -5.55132 -10.2983 
4.97488 0.487536 -5.54825 -10.3223 
4.83607 0.474462 -5.38717 -10.303 
4.63411 0.456242 -5.52538 -10.3851 
4.42584 0.435187 -4.53771 -9.75695 
3.88213 0.374528 -4.28686 -9.9583 
4.01007 0.378442 -4.42507 -10.092 
3.81843 0.340007 -4.18127 -9.3195 
3.63863 0.29877 -3.95287 -8.95173 
2.89885 0.184253 -3.08603 -8.14443 
2.76796 0.150513 -2.92384 -8.27034 
2.21128 0.0550647 -2.28063 -6.48613 
2.21963 0.0157807 -2.29265 -5.63707 
1.96587 -0.00644505 -2.01804 -5.57481 
1.72634 -0.0521906 -1.76086 -5.10478 
1.49793 -0.0938078 -1.51875 -4.65869 
1.44574 -0.116034 -1.46688 -4.59643 
1.39355 -0.138259 -1.41501 -4.53416 
0.785361 -0.218838 -0.761612 -3.02136 
0.73317 -0.241064 -0.70974 -2.95909 
0.580675 -0.272372 -0.54806 -2.5531 
0.36665 -0.305275 -0.322607 -1.91325 
0.51414 -0.291771 -0.465542 -2.03607 
0.601333 -0.254229 -0.559611 -2.01549 
0.872595 -0.196663 -0.793134 -1.48665 
1.14593 -0.158148 -1.06871 -1.73903 
1.33042 -0.0225058 -1.27625 -1.53422 
1.61769 0.0160097 -1.55555 -1.7866 
1.86134 0.0659762 -1.80826 -2.09244 
1.95309 0.130258 -1.93721 -2.56631 
2.14895 0.173109 -2.13695 -2.84672 
2.43622 0.211625 -2.41626 -3.09909 
2.57624 0.230397 -2.55238 -3.2221 
2.57624 0.228939 -2.55238 -3.30339 
2.57624 0.228939 -2.55238 -3.30339 
