0 0 0 0 
1.43339 6.13792 -0.235018 5.80242 
1.43061 6.12387 -0.237968 5.78944 
1.43061 6.12387 -0.237968 5.78944 
1.58735 10.2943 -0.336849 10.2431 
1.72526 9.97363 -0.171075 10.0299 
1.85646 9.79723 -0.0108469 9.80934 
1.85646 9.79723 -0.0108469 9.80934 
2.10504 9.39649 0.267548 9.36534 
2.21823 8.95395 0.474913 9.1473 
2.32022 8.95395 0.474913 8.93768 
2.41527 8.71906 0.551778 8.73306 
2.5746 8.245 0.656161 8.34893 
2.64238 7.9987 0.6848 8.16611 
2.64238 7.9987 0.6848 8.16611 
2.64238 7.9987 0.6848 8.16611 
2.77515 7.77617 0.730568 8.08122 
2.77515 7.77617 0.730568 8.08122 
2.82109 7.28666 0.707626 7.76173 
2.89067 7.03473 0.682681 7.60274 
2.91511 6.79344 0.650804 7.45252 
2.91511 6.79344 0.650804 7.45252 
2.70461 5.82212 0.612978 7.45252 
2.56278 5.75969 0.205907 6.58459 
2.42865 5.50067 0.0489987 6.36536 
2.42865 5.50067 0.0489987 6.24308 
2.30495 5.25438 -0.0840548 6.13467 
2.24879 5.12233 -0.142898 6.00784 
2.19406 5.00334 -0.196401 5.89033 
2.14283 4.88841 -0.247789 5.77583 
2.09151 4.77859 -0.295071 5.66143 
2.04085 4.57814 -0.382511 5.54972 
1.83009 4.30515 -0.50141 5.10723 
1.68979 4.13824 -0.56341 4.86545 
1.68979 4.13824 -0.592546 4.86545 
1.63616 4.09157 -0.622196 4.76899 
1.63616 4.09157 -0.643997 4.76899 
1.53175 4.01873 -0.643997 4.69546 
1.47986 4.01873 -0.664729 4.61302 
1.47986 4.01873 -0.702372 4.53567 
1.08937 3.91873 -0.804311 4.0475 
1.08937 3.91873 -0.804311 4.0475 
0.97797 3.94769 -0.826743 3.93216 
0.97797 3.94769 -0.826743 3.93216 
0.811955 3.86785 -0.890093 3.68966 
0.811955 3.86785 -0.890093 3.68966 
0.701626 3.9987 -0.889615 3.64848 
0.701626 4.04565 -0.888322 3.60761 
0.588138 4.11828 -0.888322 3.58646 
0.53016 4.19647 -0.883067 3.56867 
0.53016 4.27862 -0.882017 3.54143 
0.471841 4.27862 -0.882017 3.54143 
0.297261 4.45594 -0.869146 3.52161 
0.297261 4.53274 -0.869146 3.52161 
0.198317 4.53274 -0.905341 3.52161 
0.198317 4.53274 -0.905341 3.52161 
-0.199987 5.23604 -0.83986 3.40964 
-0.199987 5.23604 -0.83986 3.40964 
-0.199987 5.23604 -0.83986 3.40964 
-0.519317 6.49412 -0.6746 3.88418 
-0.480871 6.61259 -0.619961 3.98881 
-0.480871 6.61259 -0.608758 3.98881 
-0.448122 6.68944 -0.596187 4.07755 
-0.42877 6.71191 -0.596187 4.11487 
-0.447654 6.64353 -0.61492 4.05799 
-0.424339 6.6862 -0.603239 4.11868 
-0.393952 6.6862 -0.587359 4.11868 
-0.393952 6.72024 -0.587359 4.15553 
-0.326694 6.80074 -0.554849 4.30547 
-0.290198 6.80074 -0.543166 4.30547 
-0.252681 6.82311 -0.530781 4.40323 
-0.212261 6.83976 -0.517978 4.46134 
-0.126129 6.84002 -0.496549 4.55988 
-0.0794688 6.84925 -0.488692 4.60169 
-0.0794688 6.84925 -0.488692 4.60169 
-0.0319522 6.84925 -0.488692 4.60169 
-0.0319522 6.8542 -0.473287 4.68222 
0.0693912 6.8768 -0.446934 4.81731 
0.0693912 6.87195 -0.437096 4.87648 
0.174636 6.88845 -0.423969 4.9553 
0.174636 6.8511 -0.423969 4.9927 
0.284313 6.86303 -0.405945 5.07121 
0.397363 6.77871 -0.395389 5.1451 
0.453821 6.73572 -0.391278 5.18252 
0.52261 6.75309 -0.368629 5.25041 
0.582597 6.72851 -0.361269 5.32808 
0.641357 6.70398 -0.357103 5.36084 
0.757494 6.65421 -0.344968 5.47266 
0.817163 6.59812 -0.338947 5.47266 
0.817163 6.59812 -0.338947 5.52652 
0.933495 6.54208 -0.326626 5.63171 
0.99177 6.54208 -0.320524 5.63171 
1.16178 6.37017 -0.310154 5.79097 
1.2907 6.33215 -0.278241 5.90616 
1.34524 6.27396 -0.276082 5.92977 
1.34524 6.24856 -0.276082 5.92977 
1.44699 6.22219 -0.268213 6.0255 
1.49669 6.19618 -0.268195 6.04872 
1.49669 6.19618 -0.268195 6.04872 
1.6816 6.07483 -0.250673 6.21793 
1.6816 6.07483 -0.250673 6.21793 
1.72413 6.02601 -0.252805 6.23895 
1.87651 5.90418 -0.244048 6.34434 
1.93436 5.89495 -0.244269 6.35769 
1.96651 5.85604 -0.216252 6.39452 
1.96651 5.8783 -0.216252 6.45377 
2.02895 5.89721 -0.203341 6.48564 
2.05516 5.85951 -0.201683 6.51792 
2.07862 5.85362 -0.199949 6.57958 
2.10158 5.85362 -0.198132 6.57958 
2.10158 5.85362 -0.198132 6.57958 
2.14457 5.87882 -0.188816 6.65805 
2.17565 5.79823 -0.195303 6.66073 
2.18723 5.79823 -0.199066 6.66073 
2.22045 5.78994 -0.174588 6.66873 
2.2349 5.80133 -0.170837 6.70985 
2.24879 5.81184 -0.17105 6.73048 
2.2544 5.82138 -0.170463 6.74854 
2.2544 5.82138 -0.170463 6.74854 
2.26466 5.87245 -0.162804 6.80472 
2.26466 5.87245 -0.162804 6.80472 
2.26455 5.89773 -0.162546 6.82942 
2.2599 5.86775 -0.168203 6.82942 
2.24149 5.85626 -0.18255 6.82942 
2.24149 5.85626 -0.18255 6.82942 
2.13513 5.81753 -0.1892 6.7033 
2.13201 5.89973 -0.1892 6.67159 
2.13201 5.89973 -0.192793 6.66975 
2.10619 5.97198 -0.192792 6.66634 
2.08136 5.96695 -0.193303 6.66088 
2.0595 5.99298 -0.193965 6.65422 
2.03813 6.01742 -0.195017 6.64663 
1.98659 6.037 -0.206085 6.60321 
1.98292 6.05668 -0.206085 6.60321 
1.98292 6.05668 -0.206085 6.56854 
1.98378 6.10363 -0.222588 6.47663 
1.80985 6.09787 -0.236118 6.4361 
1.78471 6.118 -0.238689 6.42014 
1.76019 6.118 -0.276955 6.2701 
1.72432 6.13603 -0.299954 6.17856 
1.56143 6.14855 -0.290523 6.18335 
1.56143 6.14855 -0.290523 6.18335 
1.47214 6.17233 -0.302156 6.08832 
1.46649 6.2087 -0.314686 6.0407 
1.46649 6.2087 -0.314686 6.0407 
1.44099 6.24832 -0.26975 6.06626 
1.40258 6.23402 -0.28454 6.01607 
1.37976 6.24142 -0.288771 5.99468 
1.37976 6.24714 -0.288771 5.97222 
1.35199 6.27301 -0.282796 5.97524 
1.31337 6.25498 -0.2996 5.92425 
1.29099 6.25857 -0.305143 5.90181 
1.23838 6.27738 -0.308112 5.90181 
1.23838 6.27738 -0.308112 5.90181 
1.18575 6.24703 -0.324617 5.84568 
1.17185 6.23964 -0.331453 5.76752 
1.15789 6.23095 -0.335069 5.72079 
1.14455 6.21267 -0.338595 5.69691 
1.13102 6.21267 -0.342432 5.67329 
1.11766 6.20289 -0.346359 5.6503 
1.10437 6.19339 -0.350457 5.62741 
1.09125 6.18332 -0.35462 5.60491 
1.00504 6.17273 -0.399644 5.58236 
0.969692 6.17273 -0.418438 5.58236 
0.995687 6.14589 -0.43568 5.38735 
1.0282 6.13021 -0.36364 5.47688 
1.0282 6.13021 -0.36364 5.47688 
0.988157 6.08798 -0.384065 5.40566 
0.988157 6.08798 -0.384065 5.40566 
1.01453 6.05483 -0.369391 5.39632 
1.01453 6.05483 -0.369391 5.39632 
1.04067 6.02137 -0.358139 5.39087 
0.964263 5.97606 -0.382736 5.30552 
0.927812 6.00255 -0.431175 5.26408 
1.0221 5.96576 -0.365161 5.32487 
1.0221 5.96576 -0.365161 5.32487 
1.03346 5.91216 -0.370088 5.30154 
1.03346 5.91216 -0.370088 5.30154 
1.04358 5.84765 -0.403129 5.28109 
1.00068 5.84765 -0.403129 5.28109 
0.961702 5.83099 -0.429473 5.24347 
0.96868 5.80713 -0.430786 5.19971 
0.936543 5.76253 -0.454707 5.14924 
0.936543 5.76253 -0.454707 5.14924 
1.06755 5.81403 -0.374809 5.23315 
1.07877 5.75988 -0.374809 5.23315 
1.03353 5.73105 -0.402639 5.1984 
1.10957 5.67544 -0.377811 5.22841 
1.10957 5.67544 -0.377811 5.22841 
1.13477 5.62637 -0.379442 5.22775 
1.08243 5.63522 -0.406561 5.19833 
1.09647 5.6109 -0.409366 5.20378 
0.964051 5.6229 -0.481015 5.10462 
0.988753 5.69938 -0.438732 5.18144 
1.01144 5.67625 -0.427316 5.18144 
1.03705 5.64995 -0.420669 5.18645 
1.03705 5.62508 -0.413407 5.19267 
1.03705 5.60083 -0.406868 5.19267 
1.03705 5.53187 -0.370421 5.19895 
1.03705 5.53187 -0.370421 5.23548 
1.06182 5.49208 -0.36385 5.25643 
1.16236 5.52864 -0.39242 5.23971 
1.06795 5.57261 -0.442286 5.22103 
0.853963 5.71335 -0.516855 5.15066 
0.935023 5.77569 -0.443973 5.13112 
1.06447 5.68152 -0.43256 5.24768 
1.09416 5.66408 -0.381315 5.2815 
1.12828 5.63661 -0.370922 5.29586 
1.1622 5.60822 -0.363167 5.31365 
1.29064 5.51035 -0.323243 5.36127 
1.29064 5.51035 -0.323243 5.36127 
1.3468 5.46616 -0.314649 5.40137 
1.00704 5.73226 -0.447729 5.35622 
1.10082 5.80561 -0.358219 5.48023 
1.14136 5.77707 -0.358219 5.48023 
1.14136 5.84119 -0.378176 5.48023 
1.36006 5.58117 -0.295712 5.54225 
1.26457 5.58117 -0.295712 5.53283 
1.34457 5.59729 -0.314207 5.57752 
1.34457 5.59729 -0.314207 5.57752 
1.34457 5.71321 -0.371395 5.5616 
1.27138 5.71321 -0.371395 5.5616 
1.23481 5.70025 -0.358011 5.60378 
1.47227 5.62652 -0.249044 5.74066 
1.47227 5.62652 -0.276982 5.74066 
1.37659 5.49859 -0.276982 5.78171 
1.37089 5.67594 -0.320614 5.77289 
1.37089 5.67594 -0.320614 5.77289 
1.37089 5.67594 -0.320614 5.77289 
1.60881 5.44356 -0.264298 5.83869 
1.60881 5.44356 -0.264298 5.83869 
1.69653 5.35664 -0.247755 5.87624 
1.48466 5.56297 -0.304454 5.85136 
1.48466 5.56297 -0.304454 5.85136 
1.48466 5.56297 -0.304454 5.85136 
1.48477 5.69105 -0.268769 5.92425 
1.48477 5.69105 -0.268769 5.92425 
1.28837 5.86458 -0.284513 5.94024 
1.28837 5.86458 -0.305382 5.91678 
1.42065 5.64342 -0.277583 5.93636 
1.47594 5.64342 -0.277583 5.93636 
0.878658 6.21761 -0.355227 5.78921 
0.878658 6.21761 -0.355227 5.78921 
0.949388 6.25298 -0.355796 5.75438 
1.04037 6.25298 -0.254257 5.84454 
1.04037 6.25298 -0.254257 5.84454 
1.11561 6.25298 -0.239788 5.84293 
1.11561 6.25298 -0.239788 5.84293 
1.19907 5.92229 -0.23099 5.89094 
1.19907 5.7126 -0.23099 5.89094 
1.68169 5.28944 -0.240816 5.92235 
1.68169 5.39752 -0.1875 5.92235 
1.24552 5.67452 -0.273516 5.81971 
1.37786 5.66148 -0.273516 5.81971 
1.68317 5.27634 -0.177153 5.96253 
1.50456 5.27634 -0.199959 5.96253 
1.50456 5.46946 -0.199959 5.94336 
1.66098 5.16469 -0.222586 5.93283 
1.66098 5.16469 -0.222586 5.89628 
1.47236 5.37647 -0.23949 5.89628 
1.57045 5.23307 -0.235993 5.90541 
1.95676 4.73135 -0.225361 5.92178 
1.13723 5.63872 -0.267995 5.79288 
1.35139 5.47678 -0.31161 5.8362 
1.41582 5.47678 -0.31161 5.8362 
1.41582 5.47678 -0.31161 5.8362 
1.87972 4.84591 -0.30466 5.90637 
1.87972 4.84591 -0.30466 5.90637 
1.59025 5.16125 -0.308992 5.83458 
1.69735 5.00759 -0.304084 5.84636 
1.69735 5.00759 -0.304084 5.84636 
1.87569 4.75331 -0.304084 5.84636 
0.776745 6.03607 -0.288381 5.6691 
0.992372 5.96425 -0.362136 5.69569 
0.33141 5.85559 -0.362136 5.48957 
0.272014 6.67411 -0.356757 5.49509 
0.421188 6.43395 -0.356757 5.43762 
0.696891 5.99373 -0.375772 5.45087 
0.696891 5.99373 -0.375772 5.45087 
-0.0635274 6.64377 -0.376867 5.11815 
-0.0635274 6.64377 -0.372917 5.11815 
-0.349622 6.7282 -0.390249 4.90792 
-0.748275 7.10283 -0.389033 4.74894 
-0.595676 6.67936 -0.391911 4.64166 
-0.439929 6.67936 -0.585903 4.76155 
-0.439929 6.67936 -0.585903 4.76155 
-0.23383 6.34916 -0.585903 4.76155 
0.330328 5.54262 -0.665698 4.85935 
0.499625 5.28625 -0.674561 4.87015 
0.707251 5.28625 -0.674561 4.87015 
0.707251 4.65663 -0.692559 4.9135 
0.937999 4.65663 -0.692559 4.9135 
0.982618 4.61755 -0.584181 4.83829 
0.901036 4.69285 -0.54523 4.97545 
0.896299 4.97262 -0.54523 4.90863 
0.896299 4.97262 -0.502429 4.90863 
0.558803 5.40651 -0.469196 4.84932 
0.949439 4.86053 -0.532623 4.96009 
0.725392 5.17602 -0.487925 4.91613 
0.948729 5.17602 -0.487925 4.97815 
0.948729 5.17602 -0.487925 4.97815 
-0.178291 4.87321 -0.487925 4.97815 
-0.178291 4.87321 -0.487925 4.97815 
0.924835 4.77064 -0.312277 4.71719 
0.654731 5.10833 -0.775586 4.71719 
0.931804 5.10833 -0.798183 5.26168 
0.931804 4.73045 -0.798183 5.26168 
1.59791 3.8143 -0.937924 5.44555 
1.75856 3.631 -0.937924 5.44555 
1.75856 3.631 -0.946489 5.49826 
1.80271 3.40846 -0.973918 5.61544 
1.33463 3.87041 -0.885187 5.68229 
1.14709 4.78033 -0.427586 5.48036 
1.60768 4.22823 -0.493527 5.60564 
1.60768 4.73601 -0.368534 5.51813 
1.28489 4.73601 -0.368534 5.51813 
2.18157 3.54509 -0.598743 5.82364 
2.18157 4.1158 -0.462448 5.73415 
2.42994 3.22411 -0.653488 5.97006 
1.85818 3.84371 -0.516956 5.88347 
1.86641 3.84371 -0.546682 5.97378 
1.86641 3.65686 -0.546682 5.97378 
0.862469 5.29488 0.0734622 5.79171 
-0.701968 6.98184 0.0734622 5.79171 
-0.998941 6.98184 0.121758 5.74823 
-1.27553 6.98184 0.121758 5.65747 
-1.27553 6.87127 0.187805 5.65747 
0.0664747 5.91985 -0.465556 6.18335 
0.0664747 6.42424 -0.465556 6.18335 
0.465679 5.31391 -0.627682 6.32785 
0.119145 5.31391 -0.463777 6.32785 
0.88096 4.74533 -0.718084 6.43691 
-0.487495 6.83334 0.0941497 5.82505 
-0.487495 6.83334 0.0941497 5.82505 
-0.75892 7.20163 0.217071 5.71452 
0.420127 5.40262 -0.481625 6.4393 
0.420127 5.40262 -0.281472 6.2577 
0.323946 5.55666 -0.281472 6.2577 
0.544811 5.24789 -0.429582 6.38522 
0.752322 4.9698 -0.473152 6.41991 
0.752322 4.9698 -0.473152 6.41991 
1.28344 4.30011 -0.52598 6.48247 
1.28344 4.30011 -0.52598 6.48247 
1.02191 4.74952 -0.276358 6.30189 
0.475431 4.79012 0.347744 5.82649 
1.45032 3.88594 -0.664954 6.74014 
1.45032 3.88594 -0.343276 6.74014 
1.75742 3.49127 -0.705517 6.7474 
1.75742 3.49127 -0.705517 6.7474 
1.96844 3.26626 -0.745864 6.79043 
1.45174 3.26626 -0.422991 6.53182 
1.55681 4.03195 -0.451472 6.57747 
1.66138 3.74839 -0.453598 6.59348 
0.313514 5.504 0.278846 6.21239 
-0.00653042 5.98985 0.533662 6.01893 
-0.192143 6.31888 0.636322 5.94947 
-0.192143 6.06927 0.502385 5.94947 
-0.192143 6.06927 0.502385 5.94947 
-0.0927995 5.88359 0.724579 5.73157 
-0.0927995 5.71092 0.20212 6.10272 
0.447008 4.81795 -0.251101 6.39335 
0.447008 4.74296 -0.304296 6.39335 
0.0397899 5.31429 -0.00845852 6.15242 
0.0397899 5.31429 -0.00845852 6.15242 
0.0397899 7.06528 0.912545 5.54259 
0.0397899 7.06528 0.912545 5.54259 
-1.40951 4.28534 -0.776966 5.59669 
-1.40951 4.91845 -0.389261 5.23197 
-1.58313 5.12063 -0.217171 5.09168 
-1.54393 5.12063 -0.217171 5.09168 
-1.09136 5.06913 -0.252126 5.13771 
-1.49751 5.0259 -0.287726 5.15999 
-1.49751 5.0259 -0.287726 5.15999 
-2.57279 3.64253 -0.882746 3.67451 
-2.50145 3.61217 -0.883203 3.72742 
-2.83178 4.22894 -0.440146 3.43562 
-2.83178 4.22894 -0.440146 3.79044 
-2.5079 3.91398 -0.728559 3.76906 
-2.53966 4.05331 -0.660068 3.78162 
-2.83794 4.05331 -0.660068 3.78162 
-2.83794 4.73502 -0.203285 3.50364 
-2.54074 4.34863 -0.601117 3.97907 
-2.54074 4.34863 -0.601117 3.97907 
-3.64491 6.5567 0.883791 2.21628 
-4.94215 5.70209 0.189591 2.40469 
-4.94215 5.70209 0.189591 2.24593 
-4.95939 5.84246 0.155538 2.01128 
-5.02058 5.81189 -0.250743 2.73377 
-5.13116 6.04321 -0.192822 2.77332 
-5.19492 6.24739 -0.157535 2.8619 
-5.242 6.44537 -0.157535 2.66089 
-5.29267 6.80984 -0.124937 3.08847 
-6.07543 9.67525 1.44139 2.22121 
-6.07543 9.67525 1.44139 2.22121 
-6.90116 9.39216 0.0789261 2.05067 
-6.90116 9.39216 0.29263 2.05067 
-7.16696 9.77627 -0.0270602 2.05067 
-6.70398 10.0781 0.961824 2.32084 
-6.5423 10.0781 0.961824 2.32084 
-6.36106 10.0631 1.06629 2.25103 
-6.36106 10.1295 1.06629 2.25103 
-6.65653 10.1299 0.209752 3.16184 
-5.83163 9.91133 0.994889 3.01187 
-5.83163 9.91133 0.994889 3.01187 
-5.03271 11.692 2.12158 5.9962 
-5.03271 11.692 2.12158 5.9962 
-3.69184 10.6399 2.11948 5.36833 
-4.48666 9.87781 2.03328 5.36833 
-4.06986 10.3399 1.68805 5.68693 
-4.06986 10.3399 1.68805 5.68693 
-5.39337 11.13 1.13196 6.21213 
-4.82805 10.5703 1.21005 6.08286 
-4.04931 9.66982 1.21877 5.94654 
-4.04931 9.21354 1.26037 5.84316 
-3.60998 11.3837 1.94098 6.77367 
-3.60998 10.5925 1.83199 6.77367 
-6.30807 11.7537 1.90329 6.79057 
-5.62486 11.0128 1.90329 6.79057 
-7.11541 12.4339 2.07586 6.62629 
-7.11541 12.4339 2.07586 6.62629 
-7.11541 12.4339 2.07586 6.62629 
-6.56734 11.434 2.17569 6.14524 
-5.8932 9.69741 2.29016 5.76112 
-8.56952 12.7549 3.25031 6.60134 
-8.56952 11.4689 3.21401 6.48526 
-8.56952 12.03 2.98726 6.36453 
-7.50219 12.03 2.98726 6.16337 
-7.50219 12.03 2.98726 5.95616 
-10.0967 14.0938 2.93023 5.7293 
-10.0967 14.0938 2.93023 5.50241 
-10.6018 14.6357 2.64698 5.25735 
-10.6018 14.6357 2.64698 5.25735 
-8.85488 12.1728 1.951 4.77619 
-10.3903 13.8112 2.37161 5.3185 
-10.5382 13.8112 2.37161 5.3185 
-9.41588 12.4475 1.98022 5.02347 
-9.82639 12.7511 1.93625 4.21998 
-9.95904 12.8272 1.69276 3.97451 
-9.99675 13.0187 1.83903 3.6085 
-9.0756 11.4287 1.55353 3.37409 
-9.0756 11.7325 1.45879 3.08141 
-9.0756 11.7325 1.45879 3.08141 
-7.91345 10.126 1.18968 2.85804 
-10.0077 12.7904 1.61442 2.07728 
-10.0077 12.7904 0.948208 2.07728 
-10.0077 12.7904 0.948208 2.07728 
-9.37035 13.9808 1.00767 1.49599 
-10.6815 13.9808 1.00767 1.22271 
-10.866 13.9808 1.00767 1.22271 
-10.866 14.4726 1.00668 0.693275 
-9.53535 12.8981 0.527415 0.582728 
-9.53535 12.8981 0.527415 0.582728 
-8.60005 10.9421 -0.409479 -0.221013 
-7.49993 9.11615 -0.409479 -0.221013 
-8.65947 11.1226 -0.016122 -0.557976 
-8.65947 11.1226 -0.339181 -0.528363 
-7.5742 9.47228 -0.0660542 -0.646118 
-7.66081 10.0762 0.183132 -0.646118 
-7.89496 10.9892 0.334384 -0.65141 
-8.06715 10.9892 0.404325 -0.562862 
-8.06715 10.9892 0.404325 -0.562862 
-6.84499 8.76989 -0.195521 -0.323356 
-3.14101 1.82516 -1.18832 -0.474817 
-2.04131 -0.012953 -1.18236 -0.474817 
-3.59702 2.49459 -0.728457 -0.555792 
-2.31789 -1.09563 -0.728457 -0.555792 
-1.32511 1.6862 1.5024 -0.763497 
-1.32511 0.16623 0.999297 -0.763497 
-1.34744 1.82425 0.999297 -0.0722929 
-1.34744 1.82425 1.31514 -0.0722929 
-1.34744 1.82425 2.47919 -0.0722929 
-4.43638 9.47884 3.43132 -0.0691038 
-3.4707 4.86135 0.747456 0.9647 
-3.4707 4.86135 0.747456 0.9647 
1.42105 -0.8054 -0.757402 1.71953 
1.42105 -2.53009 -1.11976 1.71953 
-1.60678 5.50546 -0.20094 2.65563 
-1.60678 5.50546 -0.564554 2.65563 
-1.8141 2.60627 1.36404 2.68958 
0.237131 2.15007 0.837577 3.15753 
0.000248218 2.54933 2.069 3.27656 
0.000248218 2.54933 2.069 3.27656 
0.301638 0.743468 0.918116 4.17266 
2.04642 -2.35019 1.37353 3.95488 
0.566736 0.726107 2.04669 4.04696 
0.566736 0.726107 2.04669 4.04696 
-0.495506 2.63358 2.61947 4.2265 
-0.495506 -1.07332 3.9374 4.2265 
1.36015 -1.07332 3.9374 4.02134 
2.55228 -4.13853 3.8452 4.27203 
0.645254 -1.20903 1.63676 7.48441 
0.484938 -0.828136 1.63676 7.99259 
0.954931 -2.04642 2.26214 8.01863 
10.6436 -1.9115 3.85495 8.26366 
10.6436 -1.9115 3.85495 8.26366 
6.82108 0.257206 3.47812 9.12468 
4.67046 2.1681 3.47812 9.31389 
2.19038 6.75781 5.79818 8.93514 
2.19038 6.75781 5.79818 8.93514 
1.64424 4.09269 4.88347 9.79658 
-0.12361 5.5943 7.07637 9.40929 
0.110498 1.80855 5.64282 10.1824 
-0.367486 1.39505 5.75126 10.2675 
-0.443935 -0.864766 4.66534 10.9075 
-0.443935 -0.864766 4.66534 10.9075 
1.587 2.83751 6.60208 10.6797 
0.936058 1.88285 6.5524 10.8377 
0.936058 0.252759 6.5524 10.8377 
0.00720309 0.0941931 6.45239 11.0678 
-0.414681 -2.48748 3.8882 13.6902 
-2.47928 -2.3013 4.01445 13.9954 
-2.21837 -0.361777 6.65531 13.0348 
-1.87904 -1.15143 6.85786 13.0348 
-1.65625 -1.85794 6.27143 13.5548 
-1.4759 -1.52514 8.70153 14.3187 
-1.43482 0.0921681 8.70153 13.4948 
-1.43482 -0.0592714 8.70153 13.4737 
-0.287525 -0.344401 10.8854 12.6376 
-0.287525 -0.344401 8.71955 12.6376 
0.151204 -0.93772 9.89276 12.545 
-0.116412 -1.2601 7.65086 13.3309 
-0.116412 -1.2601 7.40329 13.3309 
-0.00555705 -0.853399 7.32756 13.1043 
0.0831101 -0.853399 7.32756 13.1043 
0.220659 -0.557772 5.76899 13.7261 
0.313135 -0.489865 6.16201 13.526 
0.514248 -0.621031 8.02822 13.3082 
0.803412 -1.00232 4.22045 12.3787 
-0.354399 -0.660966 3.35425 13.9369 
0.676245 -0.986756 6.44893 12.9826 
0.676245 -0.718641 5.67308 12.9826 
0.358714 -0.851241 8.23723 12.3622 
-0.223209 -0.473166 5.17479 13.5536 
0.197195 -0.393237 5.37029 13.5229 
0.527058 -0.545415 6.36972 13.2164 
0.900948 -0.556463 7.51184 12.6437 
0.317722 -0.623221 5.93154 13.2411 
0.317722 -0.623221 5.93154 13.2411 
1.15568 -0.974134 7.80824 13.1513 
1.15568 -0.974134 7.80824 13.1513 
-0.357844 -0.0725703 7.80824 13.1513 
-0.717959 0.12999 2.22918 12.103 
-0.717959 0.12999 2.22918 12.103 
0.0703335 -0.569368 3.27879 12.7679 
-0.149876 -0.259278 3.27879 14.0333 
0.202002 -0.101623 2.22425 14.5129 
0.863572 -0.389806 2.22425 14.5129 
0.863572 -0.389806 5.59042 12.7857 
2.49305 -0.389806 6.84184 12.3049 
2.49305 -1.35221 6.84184 12.3049 
2.53647 -0.968684 10.0365 10.7037 
3.0527 -0.97595 9.27931 10.0175 
0.339804 0.942993 5.32296 10.4413 
0.339804 0.942993 5.32296 10.4413 
1.67777 0.942993 5.32296 10.4413 
2.79755 -1.30193 9.45558 7.45201 
2.79755 -0.0887177 6.10806 8.52511 
1.24363 0.08387 5.55943 8.16989 
1.315 0.08387 5.18093 7.91665 
0.183915 0.682036 5.18093 8.67143 
1.81187 -0.3949 5.34863 7.24043 
1.81187 -0.348527 5.34863 7.24043 
0.307619 -0.106417 2.04764 6.89803 
0.505863 0.777041 2.04764 7.63165 
0.505863 0.777041 2.04764 7.63165 
0.505863 0.487775 2.04764 7.63165 
0.904265 0.126512 2.77472 6.78763 
2.33271 -0.658754 5.51047 5.47162 
2.33271 -0.658754 5.51047 5.47162 
2.07098 -0.158171 4.96088 5.38384 
0.091571 0.707104 0.783449 6.07968 
0.091571 0.707104 1.04351 6.07968 
0.091571 0.278694 1.967 5.16755 
0.091571 0.192464 1.967 5.24714 
0.091571 0.192464 2.74459 5.24714 
0.321103 -0.403089 5.48629 3.93606 
0.321103 -0.403089 5.48629 3.93606 
1.72149 -0.0831464 4.57429 3.91518 
-0.0923913 0.740485 0.793665 4.82814 
2.99452 0.319523 6.6937 1.96967 
2.99452 0.90799 6.6937 3.12145 
2.24948 0.589757 4.32996 1.58212 
-1.16811 0.589757 -3.33299 3.51052 
-1.16811 0.589757 -1.95729 3.52554 
-1.16811 0.589757 -1.95729 3.52554 
-0.660794 -0.0915999 -1.95729 3.28391 
1.43196 -0.0915999 -1.95729 1.91226 
1.15185 0.371462 -1.95729 1.70624 
1.15185 0.371462 -1.95729 1.36929 
0.597978 0.707192 2.08256 1.03076 
0.452751 0.707192 2.08256 0.702041 
-1.09603 0.627888 -1.9231 1.75325 
-0.790702 0.286971 -4.39884 1.15366 
-1.38403 0.00602664 -2.31927 1.33922 
-0.79864 -0.149828 -0.758913 1.33922 
-1.81358 -0.149828 -3.02973 2.46 
0.314271 -0.149828 -1.17675 2.46 
1.12143 -0.0802634 8.78991 0.607628 
-0.61149 -0.236126 4.01938 2.28 
-1.10495 -0.392527 3.80914 2.52416 
-1.56195 -0.888099 -0.783038 3.64487 
-3.26967 -0.379383 -0.783038 5.57707 
-2.93257 -0.673803 -3.29977 6.99553 
-1.24965 -1.35633 4.18702 9.12852 
-1.80362 -0.778792 1.77562 9.12852 
-1.80362 -0.778792 1.77562 10.2831 
-0.440315 -1.61659 9.78069 10.8083 
-1.40268 -1.61659 5.16331 11.8922 
-2.11299 -0.158523 1.09211 12.6497 
-2.11299 -0.158523 1.09211 12.6497 
-1.98297 -3.1795 3.09071 13.1011 
-1.77583 -1.79031 3.09071 14.1098 
-2.59401 -0.576021 3.09071 14.3584 
-2.59401 -0.576021 3.09071 14.9432 
-1.86848 -1.51518 4.80583 17.5983 
-1.55793 -1.51518 4.80583 17.5983 
-1.78928 -0.585368 4.80583 17.5983 
-1.78928 -0.585368 0.296349 18.5077 
-1.06683 -1.86731 1.73252 18.699 
-1.19391 -2.90393 14.4438 16.8857 
-1.85334 -0.614639 5.84223 17.0344 
-1.85334 -0.614639 5.84223 17.0344 
-1.85334 -0.614639 5.84223 17.0344 
-1.85334 -0.614639 5.84223 17.0344 
0.153733 -1.25724 -1.68442 17.7234 
0.153733 -0.15745 -1.68442 17.7457 
0.236442 -0.15745 -5.02395 17.9225 
0.0907288 -1.69302 10.3835 16.2107 
0.0907288 -1.76151 10.3835 16.2107 
-1.1329 -3.14948 17.9576 16.0463 
-1.1329 -1.31867 17.9576 13.9065 
-1.64219 -1.31867 10.2094 13.9065 
-1.92714 -1.38676 8.87313 12.2879 
-2.12315 -3.16868 12.9866 8.12356 
-2.12315 -3.16868 12.9866 8.12356 
-2.08863 -1.31219 -1.42681 3.36421 
-1.80239 -1.30579 5.16927 3.36421 
-1.80239 -1.30579 5.16927 3.36421 
-2.1462 -1.74935 2.47301 1.24485 
-2.1462 0.0609369 -3.63083 1.24485 
-2.1462 0.0609369 -3.63083 1.24485 
-2.1462 1.28227 -8.09549 1.66279 
-2.1462 -1.30536 -0.278903 -3.13648 
-2.1462 -1.19368 -5.56644 -2.57664 
-2.1462 -1.19368 -5.56644 -2.57664 
-2.1462 -1.13932 -5.56644 -2.57664 
-1.82817 -4.46674 12.9968 -3.0388 
-2.43924 -1.59222 4.66915 -1.22094 
-0.492446 1.29351 -4.31571 0.0517972 
0.466057 1.29351 -8.58895 0.0517972 
0.952246 -0.0682898 -2.00348 -1.44461 
1.47977 1.26779 -5.64824 -1.54929 
1.90804 0.935224 -7.30138 -1.6366 
1.90804 2.14908 -7.30138 -1.88663 
1.90804 -0.0472571 -7.30138 -1.57381 
1.30188 -1.65052 6.10048 -0.776443 
1.30188 0.47419 6.10048 -0.37209 
0.834543 0.690409 6.10048 0.687222 
0.753362 0.726941 6.10048 0.687222 
1.05531 1.8425 6.10048 -0.0250706 
1.19025 1.2909 0.404 -0.0685438 
1.19025 0.783034 0.404 -0.0685438 
1.10324 1.51242 -4.4305 -0.829936 
1.10324 1.51242 -2.35448 -0.829936 
0.631048 -0.646124 2.55207 0.429405 
0.670037 0.690848 -1.43149 -0.241588 
0.685744 1.47749 -0.86666 -0.856066 
0.685744 1.47749 -0.86666 -0.856066 
1.64746 1.39813 -3.88001 -1.15044 
1.64746 1.39813 -3.88001 -1.15044 
0.581805 -0.76676 3.74275 2.18434 
0.581805 -0.76676 3.74275 2.18434 
0.010066 0.0449811 1.62542 1.39012 
-0.363341 -0.41441 -2.75925 -1.10184 
-0.363341 1.22565 -4.99929 -1.10184 
0.752193 0.426057 -2.02018 -0.0201542 
0.752193 0.747355 -2.02018 -0.0201542 
0.379155 -0.735459 -2.02018 -1.38581 
-0.10346 -1.02924 4.03147 3.33529 
-0.157849 -1.02924 1.52211 1.76076 
-0.157849 -0.000564054 1.52211 1.76076 
-0.786839 -0.945449 3.93096 5.68355 
-0.393812 -0.0760196 0.462229 0.530338 
-0.393812 0.543451 0.462229 0.530338 
-0.271345 0.323917 1.73814 0.491385 
9.7118 1.67263 17.8755 -0.929165 
9.7118 1.67263 17.8755 -0.929165 
5.40489 2.30817 7.90914 5.26642 
3.72628 2.30817 7.90914 6.25114 
3.72628 2.30817 7.90914 6.25114 
1.53934 0.59979 7.87821 7.14182 
1.3731 0.421644 4.71925 3.17366 
0.921619 0.345982 3.83149 -2.56302 
0.64025 0.486401 1.11815 0.652071 
0.289374 0.323898 -2.60032 0.652071 
0.289374 0.323898 -2.60032 0.652071 
-0.820957 -0.226036 1.58298 4.29339 
-0.534504 -0.0277875 0.405406 1.15391 
-0.534504 -0.0277875 0.405406 1.15391 
-1.38761 0.00955803 -1.85593 0.408506 
-1.57949 -0.116015 -1.85593 0.272078 
-2.48316 -0.32515 -2.99235 0.361696 
-0.802511 -0.0924061 -3.24244 -2.28015 
-0.802511 -0.0924061 -3.24244 -2.28015 
-0.877576 -0.0176567 -3.24244 -4.1173 
-1.75757 -0.141296 -0.842272 3.10916 
-1.75757 -0.141296 -0.842272 3.10916 
-1.75757 -0.172216 -0.971859 2.3266 
-1.75757 -0.172216 -0.971859 2.3266 
-1.75757 0.323137 -1.82663 1.12675 
-1.75757 0.075235 -1.82663 0.699367 
-1.69051 0.075235 -2.11242 0.699367 
-1.69051 0.152645 -2.20557 0.165268 
-1.27309 0.214225 -1.66476 -2.9606 
-1.27309 0.251116 0.319671 1.05676 
-1.27309 0.215432 -0.0360447 -0.768044 
-1.27309 0.0582162 -0.61305 0.0661508 
-1.27309 0.0705216 -0.61305 -2.46699 
0.904434 0.379171 -0.742433 -1.20352 
0.471426 0.674659 -1.73624 0.139913 
0.157972 0.775868 -2.29273 0.900277 
-0.0926383 0.713797 -2.62154 1.10314 
-0.0926383 0.713797 -2.62154 1.10314 
-0.902319 0.19911 -0.342538 -4.7244 
-0.902319 0.19911 -0.342538 -4.7244 
-0.717247 0.232987 -3.87054 0.233159 
0.496119 0.0534541 -4.18584 3.08231 
-13.1926 32.812 -3.26309 2.04888 
-15.5625 36.6922 -3.51803 1.06414 
-15.5625 36.6922 -3.51803 1.06414 
-18.2318 36.6922 -6.73848 3.50254 
-18.2318 36.6922 -6.73848 3.50254 
-17.3259 36.6922 -4.47385 -1.85708 
-17.3259 36.6922 -3.18203 -4.8825 
-15.3405 36.6922 -15.5218 -32.0411 
-15.3405 36.6922 -14.928 -23.5661 
-13.12 36.6922 -13.7665 -14.2165 
-14.2965 36.6922 -13.7665 -14.2165 
-14.2965 36.6922 -16.0004 -0.543756 
-16.0067 36.6922 -14.5113 8.15352 
-16.0067 36.6922 -14.5113 7.58595 
-15.3063 36.6922 -11.0498 5.38626 
-12.6325 36.6922 -3.19616 -1.77092 
-10.7194 36.6922 -3.19616 -1.77092 
-10.7194 36.6922 0.124219 -4.17118 
-10.7194 36.6922 0.124219 -4.17118 
-14.4954 36.6922 -5.40893 9.00484 
-14.0893 36.6922 -5.40893 6.82766 
-13.7526 36.6922 -1.08706 4.73577 
-13.3298 36.6922 -5.1269 4.73577 
-13.3298 36.6922 -1.42301 4.73577 
-12.457 36.6922 -5.78528 3.51922 
-9.97055 36.6922 -1.54672 -2.13695 
-9.97055 36.6922 -1.54672 -2.13695 
-9.84361 36.6922 -2.2362 0.0562352 
-11.4189 36.6922 -7.26307 5.35127 
-8.91204 36.6922 -2.95656 -1.00069 
-8.91204 36.6922 -2.95656 -1.00069 
-8.91204 36.6922 -3.12287 -1.00069 
-13.45 36.6922 -8.46705 3.87449 
-10.4861 36.6922 -8.25016 2.5908 
-12.2459 36.6922 -11.8793 4.80525 
-6.31477 36.3191 -1.1221 -3.50093 
-6.31477 36.3191 -1.1221 -8.78921 
-6.36715 34.4597 -2.69626 8.98554 
-9.09342 32.9127 -7.15867 11.052 
-9.02816 30.7719 -5.61654 4.82381 
-6.33786 28.1931 0.0510096 4.82381 
-8.49791 23.7662 -0.703741 -5.15157 
-7.92641 23.7662 -7.73345 1.19226 
-7.1726 23.7662 -8.1316 0.220036 
-3.79557 18.6566 -2.75503 -6.72367 
-2.00255 13.8969 -5.96558 13.0414 
-2.00255 11.6606 -5.96558 13.0414 
-2.00255 11.6606 -5.96558 13.0414 
-1.94755 9.40664 -4.37275 7.0788 
-1.94755 7.40252 -7.67368 7.0788 
-6.35263 5.21682 -10.788 4.27422 
-2.39418 5.21682 -3.08164 -6.32093 
-2.39418 0.172059 -3.24733 -6.32093 
-16.4601 1.45428 -4.00564 -6.29008 
-19.4705 -0.024189 -4.76351 -4.88428 
-20.7438 -2.53305 -5.20861 -3.68366 
-18.5802 -4.35466 0.55674 -9.06751 
-22.1567 -4.35466 0.55674 3.6264 
-25.8803 -4.88134 5.29471 10.7463 
-25.8803 -4.88134 5.29471 10.7463 
-26.578 -4.59145 2.50379 5.94843 
-24.476 -4.46805 7.31798 -3.49342 
-22.1767 -3.73149 5.66337 0.236853 
-22.1767 -3.73149 3.43788 0.236853 
-20.949 -3.15706 5.28237 -2.34256 
-17.5559 -3.15706 1.95356 -6.90457 
-17.5559 -3.15706 1.95356 -6.90457 
-7.02015 -0.0762683 3.59028 -5.05432 
2.50988 -0.0762683 3.59028 -5.05432 
3.95986 0.507595 0.212521 0.682623 
3.90716 0.746074 0.212521 1.42994 
3.75208 0.825443 -5.82528 0.885448 
3.53643 0.737989 -8.79021 -1.13433 
4.1455 0.686179 -8.79021 -1.13433 
4.1455 0.686179 -4.02223 -5.91048 
2.81168 0.711856 -6.80636 -4.63344 
3.53924 0.673899 -6.80636 -4.63344 
3.18984 0.715708 -7.02651 -0.802071 
2.77871 0.760686 -7.55001 -1.16735 
1.44583 0.786748 -8.04592 -2.05519 
1.69284 0.652691 -36.6922 24.5138 
2.31567 1.20127 -36.6922 7.62947 
2.61619 1.73338 -36.6922 -12.0794 
2.61619 2.12005 -33.0934 -12.0794 
2.61619 2.31057 -36.6922 -12.0794 
5.54378 3.14315 -36.6922 -9.09203 
5.54378 3.21389 -36.6922 -9.09203 
5.54378 3.21389 -36.6922 -9.09203 
3.84394 3.343 -36.6922 -2.52398 
3.3545 3.24254 -36.6922 -2.42539 
3.54977 3.08063 -36.6922 -10.0963 
3.50013 2.88131 -36.6922 -11.2558 
3.90671 2.71559 -36.6922 -10.6674 
4.40911 2.68252 -36.6922 -7.70224 
4.40911 2.68252 -36.6922 -7.70224 
4.34373 2.80772 -36.6922 -9.92692 
4.34373 2.80772 -36.6922 -9.92692 
4.7507 2.71303 -36.6922 -11.2813 
4.37429 2.83955 -36.6922 -11.7336 
4.37429 2.83955 -36.6922 -11.7336 
4.37429 2.83955 -36.6922 -5.66777 
5.58503 2.80917 -36.6922 -5.66777 
4.65393 2.90878 -36.6922 -12.8575 
5.15617 2.79599 -36.6922 -12.8575 
4.76678 2.77264 -36.6922 -11.7173 
5.98228 2.57713 -36.6922 -10.0398 
5.31946 2.68806 -36.6922 -10.0398 
6.28689 2.60137 -36.6922 -10.0398 
7.05735 2.60084 -36.6922 -8.872 
7.05735 2.60084 -36.6922 -11.0306 
5.99383 2.82638 -36.6922 -11.0306 
5.99383 2.79225 -36.6922 -11.0306 
2.20967 0.630109 -8.54636 -10.8755 
1.61445 0.119214 -3.04966 -11.5879 
1.61445 0.119214 -3.04966 -11.5879 
2.43957 -0.92623 -1.79976 0.399595 
2.43957 -1.02634 -1.79976 0.989765 
2.4747 -0.955161 3.58199 0.53713 
2.33461 -0.955161 5.66062 0.53713 
2.15818 -0.996729 6.94153 1.49133 
1.92783 -1.11918 6.94153 2.53624 
10.7644 31.828 9.35204 2.87163 
10.7644 31.828 9.35204 2.87163 
13.4809 34.2427 12.2883 2.72179 
18.585 34.2427 7.48991 2.72179 
22.6009 34.8254 8.25144 3.04528 
24.2405 34.8254 8.25144 3.04528 
24.2405 34.7684 6.47853 2.80154 
24.2405 34.619 1.46449 0.676506 
26.5271 34.6684 0.290077 0.676506 
25.5639 34.7833 2.32673 0.326349 
26.6536 34.7833 -2.55539 -0.443101 
25.8165 34.4826 -3.16609 -1.64986 
25.8165 34.3277 -3.85597 -2.40836 
25.8165 34.3277 -3.85597 -2.40836 
24.451 33.7363 -5.19935 -3.54633 
23.6983 33.3024 -6.07362 -3.33929 
23.6983 33.3024 -6.07362 -3.33929 
23.4955 32.1484 -9.92966 -4.38896 
23.4955 32.1484 -9.92966 -4.38896 
21.5737 30.8825 -10.1548 -4.64039 
21.5737 30.8825 -10.1548 -4.64039 
19.1679 30.8825 -7.53327 -3.26807 
19.042 30.2519 -6.88905 -4.04612 
16.6167 27.4966 -6.9181 -3.75116 
16.6167 27.4966 -4.88532 -3.75116 
14.8945 24.0106 -4.09122 -1.21519 
12.7041 22.773 -3.74964 -4.35321 
11.66 20.0042 -4.7949 -3.06835 
11.66 20.0042 -3.07625 -0.579042 
8.64368 15.8903 -3.48336 -0.401484 
8.64368 15.8903 -3.48336 -0.401484 
6.69544 14.5387 -1.29837 0.936266 
6.30322 13.0715 -0.522419 -1.15209 
7.24064 13.0715 -0.522419 -1.15209 
7.24064 11.6106 -0.351515 -2.0681 
7.24064 11.6106 -0.351515 -2.0681 
0.717524 6.07118 2.50128 2.77348 
-0.582495 4.62092 3.1522 1.81168 
0.914473 1.74309 5.61361 3.3411 
2.04154 1.74309 0.582614 3.3411 
2.58204 -0.941811 -2.47711 -6.56629 
2.58204 -0.941811 -2.47711 0.174266 
-0.702949 -1.96896 -2.76555 0.174266 
-1.28297 -2.18088 -2.30103 -0.0410318 
-1.6822 -2.25409 -0.444693 1.04168 
-3.17517 -2.2125 1.85922 -0.763891 
-3.17517 -2.2125 1.85922 -0.763891 
-0.739921 -2.2551 0.194126 -2.29101 
-2.30938 -1.95797 -0.359748 -0.570697 
-2.30938 -1.95797 -0.359748 -0.570697 
-2.9988 -1.59197 0.920159 -1.10586 
-2.9988 -1.59197 0.920159 -1.10586 
-2.9988 -1.59197 0.920159 -1.10586 
-2.9988 -1.63684 0.920159 -1.10586 
-2.9988 -1.63684 0.920159 -1.10586 
-2.9988 -1.73265 0.920159 -1.10586 
-2.9988 -1.79203 0.920159 -1.10586 
-3.75832 -1.79203 7.2351 5.5467 
-3.75832 -1.56641 7.2351 5.5467 
0.750814 -0.934326 1.31032 -15.6665 
0.750814 -0.934326 -3.88807 -5.07001 
0.282917 -0.513276 -6.18739 0.450214 
0.282917 -0.513276 -5.51344 0.420817 
0.815244 -0.0656204 -4.34525 -5.67789 
-0.382476 0.0884137 -1.46999 3.222 
-1.38994 0.0684885 -1.46999 3.222 
-0.245606 -0.620944 3.70881 5.76328 
-0.245606 -0.620944 3.70881 5.76328 
-2.32095 -0.772749 4.84572 5.99017 
-2.32095 -0.772749 4.84572 5.99017 
-2.32095 -0.772749 4.84572 5.99017 
-2.32095 -0.623082 3.65151 -2.45663 
-0.623435 -0.623082 3.65151 -2.45663 
-0.467197 -0.355756 0.919461 -0.984762 
-1.14302 -0.282761 1.30934 5.61178 
-1.02907 -0.295989 1.30934 5.61178 
-1.02907 -0.36826 1.30934 5.61178 
0.470216 -0.396661 1.70913 -7.11938 
0.470216 -0.186201 -0.039964 0.270761 
-0.369156 -0.186201 -0.039964 0.270761 
0.528554 -0.110161 -0.039964 0.270761 
1.06925 0.0327567 -2.23076 -7.41991 
0.111318 0.167007 -3.34528 0.309013 
0.0579294 0.179516 -2.13675 -0.859453 
-0.53565 0.133475 -1.16436 2.69301 
-0.53565 0.133475 -1.16436 2.69301 
-0.36697 0.0543789 0.0894054 0.304789 
-0.36697 0.0543789 0.0894054 0.304789 
0.869453 0.0287613 -0.399098 -8.35889 
-0.0964357 0.09761 -1.86393 0.376102 
-0.181935 0.106101 -1.8723 5.6603 
-0.717011 0.0746292 -0.001783 2.65691 
-0.717011 0.000406712 1.32441 -3.97551 
0.23342 -0.0394259 1.06819 -2.91306 
-0.515773 -0.0582649 0.492056 -1.04389 
-1.12293 -0.0582649 0.492056 4.27499 
-1.12293 -0.194293 1.29023 -1.25926 
-1.64822 -0.471507 6.64063 2.31487 
-1.64822 -0.549094 6.64063 2.31487 
-1.64822 -0.549094 6.64063 2.31487 
-1.31425 -0.549094 6.64063 2.31487 
-0.767142 -0.644141 4.12724 -2.21522 
-0.708545 -0.546756 2.73591 -1.61834 
-0.708545 -0.435492 1.46296 -0.744044 
-0.854471 -0.435492 1.46296 -0.744044 
-0.854471 -0.26334 0.568589 5.15929 
-0.960668 -0.26334 0.568589 5.15929 
-0.266151 -0.214834 1.47645 -1.94655 
-0.266151 -0.13465 1.20666 -6.42345 
0.225954 -0.0174559 1.20666 -6.42345 
-0.0110562 0.0885517 -1.92761 -0.617782 
-0.389702 0.0885517 -1.8424 3.2606 
-0.389702 0.0600738 -1.8424 3.2606 
-0.414829 -0.00403172 0.631556 -4.22172 
-0.389365 -0.045806 0.34617 3.29562 
-0.56753 -0.045806 0.828513 5.2183 
-0.162623 -0.0616 1.82926 -0.720402 
-0.137739 -0.0625183 1.80887 -1.40149 
-0.137739 -0.0625183 1.80887 -1.40149 
0.0556212 -0.0474729 0.803786 -0.470823 
-0.246747 -0.0614302 0.387315 -0.117715 
-0.246747 -0.0614302 0.222842 0.127499 
-0.301728 -0.0683495 0.234074 0.532521 
-0.156918 -0.063591 0.440658 -1.97557 
-0.444988 -0.121054 1.03576 2.73688 
-0.444988 -0.152149 1.52098 3.89141 
-0.259574 -0.135293 2.17517 -0.714657 
-0.259574 -0.135293 2.17517 -0.714657 
-0.41006 -0.16065 1.69814 1.14431 
-0.367377 -0.16305 1.69814 1.14431 
-0.310906 -0.135949 1.52352 0.58256 
-0.310906 -0.145302 1.27362 0.223099 
-0.238479 -0.109237 0.995155 -1.52877 
-0.376166 -0.132073 0.877548 1.6842 
-0.455945 -0.159905 0.690488 4.57994 
-0.431369 -0.160217 0.690488 4.54178 
-0.253342 -0.102673 1.1975 0.306176 
-0.270953 -0.141703 1.3469 3.28378 
-0.136816 -0.0918262 1.34695 -0.0897335 
-0.176767 -0.0918262 1.34695 -0.0897335 
-0.176767 -0.0918262 1.34695 -0.0897335 
-0.176767 -0.0641289 0.692869 -1.93837 
-0.0200711 -0.0615893 0.174697 -0.327091 
-0.07597 -0.0359672 0.224867 -2.30207 
-0.0285583 -0.0359672 0.743365 1.75881 
-0.0289036 -0.0368594 0.683262 1.32113 
-0.0289036 -0.0368594 0.758273 -2.24693 
-0.0289036 -0.0229035 -0.225759 0.757597 
-0.0289036 -0.0229035 -0.0902918 0.757597 
-0.0289036 -0.0229035 -0.0902918 0.757597 
0.0390222 0.0103898 -0.272595 -3.95944 
-0.0219226 0.00670318 -1.12636 -3.95944 
-0.0219226 0.00670318 -1.12636 -1.41435 
-0.0627197 0.0251704 -1.10669 -1.84895 
-0.0808091 0.0109528 -1.15527 0.348305 
-0.0713986 0.0218639 -0.792759 1.23178 
-0.0713986 0.0218639 -0.792759 1.23178 
-0.0713986 0.0218639 -0.792759 1.23178 
0.0604973 0.0684357 -0.170547 -2.09315 
0.0604973 0.0684357 0.536226 -2.09315 
0.0604973 0.0684357 0.536226 -2.09315 
-10.5616 10.0145 0.429176 -2.29462 
-16.1401 13.3191 -0.0903873 0.193028 
-18.3974 13.9299 -0.0978564 0.947172 
-19.6862 14.2712 0.183853 1.42952 
-21.5875 14.5889 0.914347 0.808735 
-21.5875 14.9481 0.914347 0.808735 
-22.4982 15.3103 1.38878 -0.435819 
-23.3352 15.6128 1.43458 -0.3932 
-23.3352 15.6128 1.43458 -0.3932 
-24.8542 15.8613 1.45054 -0.744841 
-24.8542 16.1832 1.45054 -0.744841 
-26.5302 16.1832 1.40694 1.09287 
-26.5302 16.2792 1.40694 0.47534 
-27.4923 16.0209 1.5364 1.03116 
-21.8199 7.45893 1.34543 -0.0722321 
-21.1556 6.88284 1.32575 -0.0829068 
-20.5238 6.32131 1.30528 -0.0899706 
-19.8722 5.76206 1.51783 -0.949523 
-19.8722 5.76206 1.51783 -0.949523 
-18.606 4.66404 1.43391 -1.34068 
-17.7588 3.78672 1.01427 -0.294628 
-16.7999 3.78672 1.01427 -0.294628 
-16.7999 3.78672 1.01427 -0.294628 
-14.5129 3.13161 1.0347 -0.0965456 
-13.3278 2.85426 1.0347 -0.0965456 
-13.3278 2.85426 1.0347 -0.0965456 
-11.0287 2.35633 1.15915 -0.430065 
-9.77591 1.89145 0.89776 -0.0365436 
-9.77591 1.89145 0.789383 0.0447303 
-1.37361 0.55412 0.330318 -0.142436 
-0.572935 0.381034 0.160602 0.0195228 
-0.572935 0.228173 0.0824623 0.0195228 
0.653309 0.0882164 0.0963975 0.172114 
1.76082 -0.140583 -0.160557 0.290569 
1.76082 -0.140583 -0.160557 0.290569 
2.03944 -0.106447 -0.0719011 0.184872 
2.03944 -0.00443694 -0.0719011 0.189422 
2.18901 0.0908799 -0.0877757 0.179489 
2.19128 0.162756 -0.109963 0.175908 
2.20458 0.201652 -0.20756 0.200544 
2.11897 0.231853 -0.19831 0.170773 
1.95597 0.248469 -0.180612 0.18293 
1.88971 0.235547 -0.180612 0.18293 
1.60862 0.212384 -0.161555 0.245475 
1.60862 0.212384 -0.161555 0.245475 
1.50595 0.194753 -0.194983 0.177242 
1.50595 0.194753 -0.194983 0.177242 
1.15571 0.186469 -0.107145 0.177242 
0.973542 0.164935 -0.00491254 0.249009 
0.973542 0.164935 -0.00491254 0.249009 
0.758381 0.0779399 -0.00491254 0.249009 
0.758381 0.0552731 -0.0101787 0.178869 
0.544171 0.0515301 -0.0142668 0.249795 
0.505183 0.0372818 -0.0567529 0.12563 
0.435934 0.0231159 -0.0975488 0.0176359 
0.37171 0.0231159 -0.0662377 0.105399 
0.37171 0.0231159 -0.0662377 0.0933149 
0.229899 0.01723 -0.0234549 0.153826 
0.229899 0.0124837 -0.0234549 0.153826 
0.184009 -0.00395347 -0.0890763 -0.0641949 
0.184009 -0.00807675 -0.0890763 -0.0641949 
0.109506 -0.00862846 -0.0667276 0.0149819 
0.121629 -0.00400297 -0.158739 -0.146949 
-1.54716 3.38919 -0.136243 -0.142403 
-1.54716 3.71777 -0.136243 -0.142403 
-2.60921 5.36759 -0.100419 -0.170429 
-2.83491 5.67301 -0.144386 -0.15538 
-2.83491 5.67301 -0.144386 -0.15538 
-3.299 6.22754 -0.226645 -0.128089 
-3.74112 6.71581 -0.212919 -0.0364721 
-4.14016 7.14745 -0.225093 -0.136137 
-4.33678 7.14745 -0.233076 -0.199913 
-4.33678 7.14745 -0.233076 -0.291963 
-4.69629 7.69476 -0.285132 -0.291963 
-4.85968 7.9882 -0.313677 -0.396016 
-5.03586 7.9882 -0.329031 -0.396016 
-5.03586 7.9882 -0.329031 -0.396016 
-5.35146 8.22389 -0.347393 -0.406394 
-5.35146 8.22389 -0.347393 -0.406394 
-5.64187 8.40029 -0.353105 -0.362043 
-5.77648 8.46649 -0.346079 -0.339922 
-5.92198 8.51822 -0.32062 -0.231924 
-6.07966 8.5544 -0.268872 -0.0568132 
-6.07966 8.5544 -0.268872 -0.0568132 
-6.22717 8.58155 -0.178373 -0.104872 
-6.22717 8.58155 -0.178373 -0.104872 
-6.73968 8.5199 0.0598854 0.155463 
-6.73968 8.46607 0.0834234 -0.0341651 
-6.81309 8.46607 0.0834234 -0.0341651 
-6.81309 8.46607 0.0834234 -0.0359338 
-7.05202 8.32922 0.102259 0.096832 
-7.05202 8.32922 0.102259 0.096832 
