0 0 0 0 
0.416546 1.7876 -0.0672249 1.69008 
0.416004 1.7836 -0.0678239 1.68624 
0.416004 1.7836 -0.0678239 1.68624 
0.335418 3.13429 -0.242139 3.17121 
0.353025 3.09069 -0.22146 3.14332 
0.371309 3.06728 -0.198612 3.11284 
0.371309 3.06728 -0.198612 3.11284 
0.41327 3.00848 -0.149115 3.04266 
0.435928 2.93633 -0.0989711 3.00362 
0.458427 2.93633 -0.0989711 2.96325 
0.481684 2.89534 -0.0746744 2.92101 
0.526742 2.80871 -0.0292013 2.83434 
0.549135 2.7604 -0.00876694 2.78955 
0.549135 2.7604 -0.00876694 2.78955 
0.549135 2.7604 -0.00876694 2.78955 
0.595695 2.74146 0.0324667 2.77893 
0.595695 2.74146 0.0324667 2.77893 
0.616078 2.63513 0.0615148 2.69002 
0.653639 2.57751 0.0727384 2.64414 
0.670543 2.52068 0.0821484 2.59979 
0.670543 2.52068 0.0821484 2.59979 
0.719233 2.19423 0.089804 2.59979 
0.719786 2.16473 0.0880376 2.31641 
0.714933 2.07105 0.0739444 2.23888 
0.714933 2.07105 0.0739444 2.19881 
0.705976 1.98206 0.0566815 2.16357 
0.699961 1.93584 0.046759 2.12401 
0.693053 1.89319 0.0368806 2.08706 
0.685841 1.85163 0.026631 2.05055 
0.67773 1.81105 0.0161797 2.01432 
0.669187 1.73314 -0.00513554 1.97848 
0.629267 1.61731 -0.0386767 1.8328 
0.59786 1.5395 -0.0573745 1.75254 
0.59786 1.5395 -0.0679693 1.75254 
0.585948 1.51071 -0.0784323 1.71819 
0.585948 1.51071 -0.087356 1.71819 
0.561817 1.45866 -0.087356 1.69078 
0.549453 1.45866 -0.0964878 1.66083 
0.549453 1.45866 -0.113596 1.6318 
0.45312 1.31476 -0.161116 1.43496 
0.45312 1.31476 -0.161116 1.43496 
0.423718 1.27411 -0.174425 1.38472 
0.423718 1.27411 -0.174425 1.38472 
0.378636 1.21792 -0.200017 1.2977 
0.378636 1.21792 -0.200017 1.2977 
0.349191 1.22092 -0.207926 1.26703 
0.349191 1.21791 -0.212202 1.2469 
0.318563 1.2214 -0.212202 1.23163 
0.303218 1.22681 -0.218363 1.21745 
0.303218 1.23384 -0.22158 1.20029 
0.287711 1.23384 -0.22158 1.20029 
0.240278 1.25304 -0.227199 1.1666 
0.240278 1.26021 -0.227199 1.1666 
0.212265 1.26021 -0.240419 1.1666 
0.212265 1.26021 -0.240419 1.1666 
0.087433 1.35762 -0.244098 1.05356 
0.087433 1.35762 -0.244098 1.05356 
0.087433 1.35762 -0.244098 1.05356 
-0.0788812 1.71051 -0.218195 1.08095 
-0.0955644 1.75566 -0.204808 1.10224 
-0.0955644 1.75566 -0.202086 1.10224 
-0.100526 1.79156 -0.198513 1.12033 
-0.10212 1.80553 -0.198513 1.12755 
-0.114746 1.79318 -0.203941 1.1075 
-0.114905 1.81211 -0.200405 1.12084 
-0.113888 1.81211 -0.196664 1.12084 
-0.113888 1.83007 -0.196664 1.12899 
-0.109372 1.86969 -0.188248 1.16724 
-0.106309 1.86969 -0.185306 1.16724 
-0.102278 1.89314 -0.181501 1.19072 
-0.0975997 1.90661 -0.17776 1.20539 
-0.0862751 1.9245 -0.171158 1.23012 
-0.079106 1.93566 -0.168421 1.24016 
-0.079106 1.93566 -0.168421 1.24016 
-0.0717569 1.93566 -0.168421 1.24016 
-0.0717569 1.94619 -0.163387 1.26165 
-0.0550794 1.97122 -0.15524 1.29917 
-0.0550794 1.9788 -0.151727 1.31532 
-0.0360248 1.99253 -0.147256 1.33731 
-0.0360248 1.99113 -0.147256 1.34779 
-0.0149194 2.00303 -0.140589 1.36981 
0.00798051 1.99588 -0.136155 1.39092 
0.0200536 1.99116 -0.134091 1.40153 
0.0358723 2.00368 -0.126771 1.42103 
0.0489178 2.0049 -0.123789 1.44386 
0.0622767 2.00538 -0.121932 1.45426 
0.0898458 2.00439 -0.116448 1.48732 
0.104035 1.99515 -0.113832 1.48732 
0.104035 1.99515 -0.113832 1.50371 
0.133166 1.99043 -0.108793 1.53615 
0.147951 1.99043 -0.106375 1.53615 
0.193063 1.95963 -0.101606 1.58723 
0.229346 1.95494 -0.0911532 1.62312 
0.244592 1.9418 -0.0901444 1.63206 
0.244592 1.93669 -0.0901444 1.63206 
0.275004 1.93132 -0.0859773 1.66263 
0.290116 1.9257 -0.0852698 1.67112 
0.290116 1.9257 -0.0852698 1.67112 
0.348973 1.89462 -0.078076 1.72879 
0.348973 1.89462 -0.078076 1.72879 
0.363087 1.88069 -0.0777127 1.73628 
0.417069 1.84217 -0.0737672 1.77632 
0.436929 1.83758 -0.0735196 1.78249 
0.449257 1.82457 -0.064985 1.79543 
0.449257 1.82862 -0.064985 1.81482 
0.474357 1.83269 -0.0601364 1.82693 
0.485534 1.82023 -0.0586813 1.83885 
0.49665 1.81316 -0.0573207 1.86183 
0.507366 1.81316 -0.0560192 1.86183 
0.507366 1.81316 -0.0560192 1.86183 
0.528026 1.81544 -0.0520952 1.89035 
0.545492 1.78335 -0.0528997 1.90018 
0.553464 1.78335 -0.0534087 1.90018 
0.567691 1.77745 -0.0459342 1.90547 
0.576666 1.7752 -0.043473 1.92392 
0.590207 1.77463 -0.0424223 1.93273 
0.596668 1.7743 -0.0414314 1.94114 
0.596668 1.7743 -0.0414314 1.94114 
0.609236 1.7831 -0.0377915 1.96398 
0.609236 1.7831 -0.0377915 1.96398 
0.618785 1.78462 -0.0363133 1.97823 
0.62184 1.77047 -0.037531 1.97823 
0.626313 1.76395 -0.0402536 1.97823 
0.626313 1.76395 -0.0402536 1.97823 
0.632346 1.72766 -0.037909 1.97836 
0.63576 1.7483 -0.037909 1.97381 
0.63576 1.7483 -0.0390586 1.97628 
0.635771 1.7655 -0.038543 1.97853 
0.632381 1.76233 -0.0380962 1.9804 
0.630387 1.76754 -0.0377105 1.98192 
0.628041 1.77286 -0.0373933 1.98308 
0.620351 1.77584 -0.03934 1.97708 
0.62299 1.77998 -0.03934 1.97708 
0.62299 1.77998 -0.03934 1.96999 
0.626692 1.79085 -0.0374933 1.9581 
0.59291 1.78878 -0.0404994 1.94919 
0.588348 1.79404 -0.0406646 1.94733 
0.583604 1.79404 -0.0501517 1.91498 
0.575498 1.79918 -0.0565211 1.89351 
0.538134 1.80185 -0.0538125 1.89729 
0.538134 1.80185 -0.0538125 1.89729 
0.516357 1.81004 -0.0573111 1.87724 
0.51609 1.82077 -0.0605517 1.86522 
0.51609 1.82077 -0.0605517 1.86522 
0.510986 1.83407 -0.0467133 1.87673 
0.501024 1.83146 -0.0501711 1.86407 
0.495719 1.83474 -0.0500905 1.85901 
0.495719 1.83787 -0.0500905 1.85384 
0.489667 1.84687 -0.0463352 1.85622 
0.479313 1.84358 -0.0502553 1.84301 
0.47367 1.84615 -0.0505719 1.83743 
0.460462 1.85691 -0.0472721 1.83743 
0.460462 1.85691 -0.0472721 1.83743 
0.445963 1.85222 -0.0517321 1.82288 
0.442246 1.85174 -0.0517185 1.80324 
0.438471 1.85095 -0.0519605 1.79121 
0.434722 1.84897 -0.0522267 1.78503 
0.430947 1.84897 -0.0525762 1.77883 
0.427145 1.84773 -0.0529505 1.77264 
0.423375 1.84638 -0.0533993 1.7664 
0.419598 1.84487 -0.0539188 1.76015 
0.394335 1.84321 -0.0651621 1.75386 
0.383682 1.84321 -0.070487 1.75386 
0.390568 1.83928 -0.0757437 1.69744 
0.399282 1.83589 -0.0546798 1.723 
0.399282 1.83589 -0.0546798 1.723 
0.3878 1.82468 -0.0599191 1.70252 
0.3878 1.82468 -0.0599191 1.70252 
0.395833 1.81588 -0.0540959 1.69857 
0.395833 1.81588 -0.0540959 1.69857 
0.403789 1.80697 -0.0486982 1.69511 
0.382299 1.79421 -0.0546893 1.66813 
0.371613 1.80141 -0.0669347 1.65486 
0.398482 1.79071 -0.0475447 1.67116 
0.398482 1.79071 -0.0475447 1.67116 
0.403123 1.77359 -0.0468285 1.66153 
0.403123 1.77359 -0.0468285 1.66153 
0.407444 1.75121 -0.0533026 1.65252 
0.39625 1.75121 -0.0533026 1.65252 
0.385137 1.74559 -0.0601089 1.64018 
0.387161 1.73755 -0.060217 1.62406 
0.379655 1.71799 -0.067014 1.60516 
0.379655 1.71799 -0.067014 1.60516 
0.417933 1.73102 -0.044259 1.62685 
0.423446 1.70955 -0.044259 1.62685 
0.411638 1.69863 -0.0504356 1.61309 
0.434395 1.68055 -0.0420158 1.61896 
0.434395 1.68055 -0.0420158 1.61896 
0.444662 1.66035 -0.0408871 1.61487 
0.43207 1.65829 -0.0482161 1.60485 
0.436863 1.64891 -0.0479443 1.60341 
0.402789 1.63783 -0.0695945 1.56594 
0.410034 1.65255 -0.0600198 1.58709 
0.41755 1.64182 -0.0583611 1.58709 
0.426483 1.62971 -0.056394 1.5862 
0.426483 1.6181 -0.0543818 1.58626 
0.426483 1.6069 -0.0524341 1.58626 
0.426483 1.5828 -0.0416599 1.58645 
0.426483 1.5828 -0.0416599 1.59515 
0.435241 1.56286 -0.038164 1.59679 
0.475601 1.56724 -0.045404 1.58968 
0.452992 1.5686 -0.0585177 1.57793 
0.392459 1.59396 -0.0858624 1.55306 
0.415502 1.60836 -0.0672655 1.54695 
0.45393 1.57702 -0.0643306 1.57858 
0.466012 1.56488 -0.0511233 1.5892 
0.47802 1.55287 -0.0477407 1.59191 
0.489833 1.54117 -0.044526 1.59492 
0.529337 1.50894 -0.0317801 1.60657 
0.529337 1.50894 -0.0317801 1.60657 
0.551244 1.48799 -0.0261625 1.61377 
0.462487 1.54692 -0.0619701 1.59273 
0.490184 1.56491 -0.0382922 1.62788 
0.503576 1.55229 -0.0382922 1.62788 
0.503576 1.5661 -0.0449603 1.62788 
0.570248 1.48955 -0.0210659 1.64581 
0.550309 1.48955 -0.0210659 1.64201 
0.579678 1.47582 -0.0221753 1.65224 
0.579678 1.47582 -0.0221753 1.65224 
0.579678 1.50716 -0.0370396 1.64555 
0.559633 1.50716 -0.0370396 1.64555 
0.560334 1.48506 -0.035166 1.6579 
0.629481 1.46282 -0.00394004 1.69746 
0.629481 1.46282 -0.0112366 1.69746 
0.607224 1.41854 -0.0112366 1.70893 
0.618667 1.45706 -0.0189232 1.70522 
0.618667 1.45706 -0.0189232 1.70522 
0.618667 1.45706 -0.0189232 1.70522 
0.696352 1.3771 -0.0033212 1.72564 
0.696352 1.3771 -0.0033212 1.72564 
0.729993 1.34078 0.00185376 1.73697 
0.677682 1.38865 -0.013762 1.73005 
0.677682 1.38865 -0.013762 1.73005 
0.677682 1.38865 -0.013762 1.73005 
0.695435 1.39996 -0.00504804 1.75356 
0.695435 1.39996 -0.00504804 1.75356 
0.65325 1.43022 -0.0143502 1.7655 
0.65325 1.43022 -0.0212804 1.76063 
0.695057 1.3569 -0.0153304 1.76992 
0.715035 1.3569 -0.0153304 1.76992 
0.549925 1.51458 -0.0463218 1.74157 
0.549925 1.51458 -0.0463218 1.74157 
0.569594 1.52181 -0.0524281 1.73693 
0.59461 1.52181 -0.0249037 1.76826 
0.59461 1.52181 -0.0249037 1.76826 
0.622471 1.52181 -0.0215297 1.77084 
0.622471 1.52181 -0.0215297 1.77084 
0.649999 1.423 -0.0183631 1.78704 
0.649999 1.35124 -0.0183631 1.78704 
0.81446 1.21457 -0.0179051 1.79527 
0.81446 1.24757 0.000999425 1.79527 
0.699231 1.31626 -0.021288 1.76572 
0.739336 1.3101 -0.021288 1.76572 
0.834347 1.19052 0.0052964 1.81022 
0.795556 1.19052 -0.000741275 1.81022 
0.795556 1.22945 -0.000741275 1.80554 
0.850582 1.1308 -0.00736054 1.80443 
0.850582 1.1308 -0.00736054 1.79536 
0.809335 1.17302 -0.0131462 1.79536 
0.838927 1.12982 -0.0130687 1.79873 
0.964267 0.964321 -0.0123294 1.80537 
0.746767 1.19392 -0.0315755 1.77096 
0.810914 1.13158 -0.0490855 1.78839 
0.837343 1.13158 -0.0490855 1.78839 
0.837343 1.13158 -0.0490855 1.78839 
0.985665 0.927909 -0.0506997 1.81212 
0.985665 0.927909 -0.0506997 1.81212 
0.921319 0.986975 -0.0584896 1.79471 
0.953372 0.939348 -0.0592405 1.79874 
0.953372 0.939348 -0.0592405 1.79874 
1.015 0.848473 -0.0592405 1.79874 
0.728585 1.1693 -0.0705488 1.75356 
0.79193 1.14816 -0.093171 1.76433 
0.605519 1.10723 -0.093171 1.71541 
0.590607 1.35372 -0.10242 1.72381 
0.629417 1.29215 -0.10242 1.70969 
0.707315 1.1708 -0.109117 1.71701 
0.707315 1.1708 -0.109117 1.71701 
0.475465 1.3882 -0.113101 1.63255 
0.475465 1.3882 -0.112573 1.63255 
0.364612 1.45995 -0.117238 1.57442 
0.225834 1.60315 -0.116156 1.52739 
0.254573 1.50608 -0.115765 1.49608 
0.301713 1.50608 -0.168395 1.52923 
0.301713 1.50608 -0.168395 1.52923 
0.360431 1.41106 -0.168395 1.52923 
0.522482 1.17628 -0.198534 1.56312 
0.579558 1.08487 -0.207199 1.56874 
0.637834 1.08487 -0.207199 1.56874 
0.637834 0.899678 -0.223084 1.5804 
0.697417 0.899678 -0.223084 1.5804 
0.720793 0.830997 -0.22326 1.55898 
0.705808 0.810939 -0.231799 1.59114 
0.714219 0.872366 -0.231799 1.57499 
0.714219 0.872366 -0.222829 1.57499 
0.64351 0.941225 -0.214509 1.53261 
0.770065 0.758444 -0.236664 1.56186 
0.716168 0.830401 -0.227345 1.549 
0.77877 0.830401 -0.227345 1.56416 
0.77877 0.830401 -0.227345 1.56416 
0.458217 0.741121 -0.227345 1.56416 
0.458217 0.741121 -0.227345 1.56416 
0.808876 0.67672 -0.151496 1.45581 
0.748731 0.754579 -0.277704 1.45581 
0.818343 0.754579 -0.298996 1.61869 
0.818343 0.652829 -0.298996 1.61869 
1.01313 0.37369 -0.350839 1.67604 
1.07827 0.280073 -0.350839 1.67604 
1.07827 0.280073 -0.369813 1.69841 
1.23987 0.039057 -0.404225 1.74208 
1.15469 0.14407 -0.403298 1.76372 
0.991588 0.385643 -0.345223 1.72826 
1.09123 0.236504 -0.377648 1.76863 
1.09123 0.347246 -0.351174 1.75193 
1.02118 0.347246 -0.351174 1.75193 
1.29155 -0.0172345 -0.426357 1.84337 
1.29155 0.101438 -0.397746 1.82558 
1.41361 -0.171715 -0.456459 1.89228 
1.32405 -0.0453252 -0.426608 1.87407 
1.36963 -0.0453252 -0.440171 1.89855 
1.36963 -0.116154 -0.440171 1.89855 
1.08345 0.279009 -0.320072 1.86678 
0.628784 0.802686 -0.320072 1.86678 
0.542036 0.802686 -0.178606 1.80511 
0.456345 0.802686 -0.178606 1.78868 
0.456345 0.865386 -0.156818 1.78868 
0.859963 0.570938 -0.342348 1.95462 
0.859963 0.695059 -0.342348 1.95462 
0.972707 0.395608 -0.409329 2.01592 
0.883067 0.395608 -0.381564 2.01592 
1.08694 0.221588 -0.468656 2.07209 
0.66137 0.830603 -0.300517 1.94242 
0.66137 0.830603 -0.300517 1.94242 
0.578447 0.948472 -0.266059 1.91505 
0.937097 0.420528 -0.480145 2.15001 
0.937097 0.420528 -0.440789 2.11659 
0.913573 0.450127 -0.440789 2.11659 
0.977388 0.356029 -0.506421 2.16927 
1.04098 0.264086 -0.536113 2.19294 
1.04098 0.264086 -0.536113 2.19294 
1.22455 0.00227745 -0.612369 2.25506 
1.22455 0.00227745 -0.612369 2.25506 
1.13781 0.132272 -0.560233 2.21367 
0.965896 0.152383 -0.401806 2.08854 
1.28412 -0.142776 -0.690285 2.35239 
1.28412 -0.142776 -0.631347 2.35239 
1.39395 -0.297755 -0.749033 2.3957 
1.39395 -0.297755 -0.749033 2.3957 
1.49574 -0.435644 -0.800827 2.43441 
1.39017 -0.435644 -0.734288 2.38137 
1.43565 -0.278139 -0.755835 2.3989 
1.47866 -0.399084 -0.7749 2.41454 
1.10655 0.0702508 -0.618146 2.34232 
1.00279 0.226391 -0.545035 2.28594 
0.970641 0.330286 -0.498398 2.26875 
0.970641 0.277625 -0.529776 2.26875 
0.970641 0.277625 -0.529776 2.26875 
1.03076 0.225987 -0.460308 2.21093 
1.03076 0.175895 -0.59594 2.31096 
1.22272 -0.0821008 -0.72949 2.42415 
1.22272 -0.12746 -0.759209 2.42415 
1.10795 0.0309019 -0.686511 2.36288 
1.10795 0.0309019 -0.686511 2.36288 
1.10795 0.592998 -0.424433 2.19485 
1.10795 0.592998 -0.424433 2.19485 
0.730813 -0.229767 -0.881064 2.1926 
0.730813 -0.0710135 -0.805162 2.1253 
0.626471 0.0168331 -0.797242 2.08266 
0.635001 0.0168331 -0.797242 2.08266 
0.765235 -0.00714328 -0.826872 2.11954 
0.651505 -0.0334829 -0.854763 2.13603 
0.651505 -0.0334829 -0.854763 2.13603 
0.324599 -0.44008 -1.05951 1.71851 
0.334373 -0.462964 -1.08137 1.73451 
0.226278 -0.301715 -0.988054 1.66351 
0.226278 -0.301715 -0.988054 1.76676 
0.294625 -0.420421 -1.13151 1.78033 
0.273014 -0.395729 -1.14205 1.79328 
0.17085 -0.395729 -1.14205 1.79328 
0.17085 -0.204193 -1.0372 1.71923 
0.227218 -0.321074 -1.16664 1.83926 
0.227218 -0.321074 -1.16664 1.83926 
-0.161547 0.36224 -0.744823 1.29764 
-0.546173 0.156444 -0.89178 1.32248 
-0.546173 0.156444 -0.89178 1.26049 
-0.55635 0.201052 -0.905594 1.19616 
-0.588424 0.20107 -1.01729 1.39155 
-0.645388 0.277134 -1.01964 1.41176 
-0.697912 0.35113 -1.02142 1.43366 
-0.746678 0.42357 -1.02142 1.37145 
-0.792598 0.562984 -1.02377 1.48088 
-1.35796 1.79698 -0.155676 1.16005 
-1.35796 1.79698 -0.155676 1.16005 
-1.6741 1.83294 -0.402887 1.00067 
-1.6741 1.83294 -0.355474 1.00067 
-1.83097 2.02242 -0.471816 1.00067 
-1.90684 2.3576 -0.257976 0.973916 
-1.90212 2.3576 -0.257976 0.973916 
-1.89279 2.40583 -0.206302 0.9444 
-1.89279 2.47758 -0.206302 0.9444 
-2.07368 2.53634 -0.437679 1.18444 
-1.9815 2.61652 -0.259773 1.1095 
-1.9815 2.61652 -0.259773 1.1095 
-2.02811 3.54235 0.188542 1.96033 
-2.02811 3.54235 0.188542 1.96033 
-1.74931 3.43383 0.29078 1.74986 
-1.9988 3.33072 0.339495 1.74986 
-1.91784 3.53747 0.270863 1.82125 
-1.91784 3.53747 0.270863 1.82125 
-2.3989 3.91267 0.132202 1.99049 
-2.29874 3.82578 0.153035 1.96776 
-2.15837 3.68227 0.166747 1.95001 
-2.15837 3.58373 0.184978 1.92538 
-2.05147 4.2473 0.390613 2.1991 
-2.05147 4.12639 0.363388 2.1991 
-3.03543 4.59171 0.384216 2.25039 
-2.89729 4.45273 0.384216 2.25039 
-3.34581 4.89942 0.440432 2.2246 
-3.34581 4.89942 0.440432 2.2246 
-3.34581 4.89942 0.440432 2.2246 
-3.32662 4.83935 0.486765 2.12182 
-3.27766 4.56894 0.564883 2.02866 
-4.06515 5.48669 0.860564 2.27218 
-4.06515 5.26849 0.875375 2.25156 
-4.06515 5.55049 0.913354 2.22832 
-3.87571 5.55049 0.913354 2.18326 
-3.87571 5.55049 0.913354 2.13673 
-4.81061 6.33199 0.99627 2.08607 
-4.81061 6.33199 0.99627 2.03811 
-5.08072 6.67632 1.01776 1.98368 
-5.08072 6.67632 1.01776 1.98368 
-4.75691 6.24268 0.939136 1.8769 
-5.22603 6.89561 1.11472 2.05801 
-5.35996 6.89561 1.11472 2.05801 
-5.10509 6.65052 1.05135 1.99689 
-5.3039 6.82871 1.05226 1.79841 
-5.41123 6.95278 0.997753 1.73654 
-5.48567 7.10507 1.04924 1.64109 
-5.28375 6.73828 0.990487 1.57803 
-5.28375 6.8654 0.98323 1.49824 
-5.28375 6.8654 0.98323 1.49824 
-4.99676 6.48626 0.921442 1.43486 
-5.83956 7.63501 1.05275 1.21584 
-5.83956 7.63501 0.916539 1.21584 
-5.83956 7.63501 0.916539 1.21584 
-5.63208 8.12012 0.969556 1.044 
-6.06308 8.12012 0.969556 0.953869 
-6.22008 8.12012 0.969556 0.953869 
-6.22008 8.47057 1.02855 0.777057 
-5.91194 8.20701 0.941139 0.721698 
-5.91194 8.20701 0.941139 0.721698 
-5.74711 7.92428 0.793789 0.388015 
-5.41106 7.42271 0.793789 0.388015 
-5.75185 8.09248 0.862693 0.247766 
-5.75185 8.09248 0.771625 0.213727 
-5.48656 7.77021 0.849368 0.142276 
-5.52482 8.0137 0.9349 0.142276 
-5.60935 8.4384 1.01446 0.0191626 
-5.66962 8.4384 1.087 -0.0295872 
-5.66962 8.4384 1.087 -0.0295872 
-5.32089 7.8741 0.973449 -0.0293911 
-4.13113 6.12134 0.687699 -0.127675 
-3.79794 5.54628 0.598527 -0.127675 
-4.19129 6.12328 0.664224 -0.13252 
-3.85553 5.00912 0.664224 -0.13252 
-3.75021 5.91101 1.14501 -0.378667 
-3.75021 5.36634 1.05878 -0.378667 
-3.54013 5.74157 1.05878 -0.362779 
-3.54013 5.74157 1.23228 -0.362779 
-3.54013 5.74157 1.66881 -0.362779 
-4.43389 8.26111 2.08559 -0.512289 
-3.85273 7.06248 1.7433 -0.36548 
-3.85273 7.06248 1.7433 -0.36548 
-1.97634 4.0157 1.09692 -0.342313 
-1.97634 3.56259 0.964992 -0.342313 
-1.88927 4.03704 1.00407 -0.0237118 
-1.88927 4.03704 0.894105 -0.0237118 
-2.32441 3.68291 1.43023 -0.040671 
-2.06765 4.88366 1.31467 0.0534663 
-2.37901 5.88292 1.72246 0.0506098 
-2.37901 5.88292 1.72246 0.0506098 
-2.30342 5.73902 1.46694 0.253925 
-1.5388 4.56584 1.66662 0.0954163 
-1.78351 5.13261 1.85705 0.111606 
-1.78351 5.13261 1.85705 0.111606 
-2.03892 5.65879 2.04278 0.132995 
-2.03892 4.87475 2.45873 0.132995 
-1.59065 4.87475 2.45873 0.0398256 
-1.18144 3.97371 2.56348 0.0588794 
-0.0736954 1.04504 1.84384 0.845775 
-0.0589811 0.942814 1.84384 0.985572 
0.11187 0.438508 1.97759 1.01129 
3.00832 0.215295 2.40924 1.08316 
3.00832 0.215295 2.40924 1.08316 
2.97967 -0.0561987 2.38595 1.26632 
2.81063 0.254503 2.38595 1.28474 
2.36317 1.63282 3.15598 1.13977 
2.36317 1.63282 3.15598 1.13977 
2.18655 1.53005 2.9832 1.31475 
1.50927 3.17092 3.75026 1.1789 
1.38688 2.85048 3.53258 1.35124 
1.14087 3.18236 3.68494 1.36951 
1.029 2.83045 3.45671 1.54035 
1.029 2.83045 3.45671 1.54035 
1.62891 4.13458 4.11852 1.44432 
1.44402 4.18509 4.24788 1.46067 
1.44402 4.00464 4.24788 1.46067 
1.1769 4.08636 4.48813 1.47712 
1.05433 2.01732 3.3022 2.36063 
0.32997 1.78913 3.11995 2.51513 
0.151131 2.10191 3.74168 2.29571 
0.0989717 1.89865 3.77265 2.29571 
0.0541284 1.67041 3.5892 2.44993 
-0.0299804 1.53049 4.24284 2.74547 
-0.075169 1.86935 4.24284 2.53786 
-0.075169 1.85743 4.24284 2.50029 
0.0997499 1.84003 5.12914 2.24145 
0.0997499 1.84003 4.85166 2.24145 
0.23291 1.63093 5.44173 2.14834 
0.203358 1.45015 5.10847 2.3161 
0.203358 1.45015 5.2131 2.3161 
0.306513 1.32531 5.31063 2.23363 
0.355308 1.32531 5.31063 2.23363 
0.404511 1.23466 4.95787 2.39998 
0.450685 1.19654 5.13745 2.33374 
0.525164 1.10699 5.68762 2.29075 
0.644139 0.930893 5.07315 2.00336 
0.540822 0.54398 4.69695 2.4457 
0.757366 0.315222 5.0317 2.27593 
0.757366 0.276284 4.71954 2.27593 
0.693104 0.136187 5.38819 2.11037 
0.707294 0.121593 4.70642 2.42812 
0.798412 0.0292061 4.56049 2.48387 
0.88774 -0.0364857 4.75359 2.39599 
1.06891 -0.093365 5.12945 2.21433 
0.970227 -0.183355 4.79595 2.36958 
0.970227 -0.183355 4.79595 2.36958 
1.36538 -0.655046 5.43185 2.3931 
1.36538 -0.655046 5.43185 2.3931 
1.1011 -0.578407 5.43185 2.3931 
1.0237 -0.666703 4.06364 1.98044 
1.0237 -0.666703 4.06364 1.98044 
0.840513 -0.665248 3.19388 2.37393 
0.758605 -0.606659 3.19388 2.8808 
0.834754 -0.666332 2.75822 3.10687 
1.00721 -0.790144 2.75822 3.10687 
1.00721 -0.790144 3.64551 2.65994 
1.51436 -0.790144 4.03262 2.47112 
1.51436 -1.12961 4.03262 2.47112 
1.69421 -1.22225 5.01532 1.97581 
2.2733 -1.56827 5.588 1.63319 
1.87785 -1.23471 5.351 1.62442 
1.87785 -1.23471 5.351 1.62442 
2.28204 -1.23471 5.351 1.62442 
2.68156 -1.79234 6.87462 0.714873 
2.68156 -1.61005 6.3518 0.893 
2.55561 -1.6384 6.50076 0.774338 
2.66104 -1.6384 6.63205 0.662377 
2.40782 -1.46487 6.63205 0.841065 
2.86814 -1.69091 6.88058 0.440128 
2.86814 -1.71057 6.88058 0.440128 
2.74468 -1.71774 6.43683 0.241167 
2.81644 -1.52808 6.43683 0.429723 
2.81644 -1.52808 6.43683 0.429723 
2.81644 -1.54894 6.43683 0.429723 
2.95742 -1.57877 6.7568 0.161406 
3.41987 -1.78153 7.60472 -0.243031 
3.41987 -1.78153 7.60472 -0.243031 
3.49932 -1.74613 7.70118 -0.346413 
3.21558 -1.4986 7.03178 -0.234718 
3.21558 -1.4986 7.1027 -0.234718 
3.21558 -1.48816 7.26632 -0.532741 
3.21558 -1.48348 7.26632 -0.532022 
3.21558 -1.48348 7.48492 -0.532022 
3.28059 -1.63352 8.33165 -0.93232 
3.28059 -1.63352 8.33165 -0.93232 
3.9324 -1.612 8.35098 -1.01058 
3.54563 -1.43387 7.55622 -0.77969 
4.51481 -1.44154 9.52265 -1.66323 
4.51481 -1.27963 9.52265 -1.41293 
4.54941 -1.29504 9.52514 -1.84724 
3.69523 -1.29504 7.68624 -1.3466 
3.69523 -1.29504 7.81313 -1.31184 
3.69523 -1.29504 7.81313 -1.31184 
3.72988 -1.04302 7.81313 -1.39931 
4.24034 -1.04302 7.81313 -1.82233 
4.24733 -0.949438 7.81313 -1.95356 
4.24733 -0.949438 7.81313 -2.08733 
4.23788 -0.707291 9.34415 -2.21805 
4.2304 -0.707291 9.34415 -2.34551 
3.79896 -0.632125 8.38962 -2.07288 
3.81123 -0.548417 7.62383 -2.30703 
3.43832 -0.473442 7.87462 -2.26411 
3.48626 -0.45479 8.04816 -2.26411 
3.11412 -0.45479 7.21988 -1.9791 
3.60717 -0.45479 7.45109 -1.9791 
3.81619 -0.415713 10.128 -2.54073 
3.42839 -0.578635 9.23646 -2.22299 
3.32155 -0.660638 9.54477 -2.09089 
3.12898 -0.82651 9.082 -1.81928 
2.42926 -0.699979 9.082 -1.22421 
2.10983 -0.735206 7.59341 -0.790113 
2.15742 -0.912312 8.74827 -0.145791 
1.91178 -0.838931 7.9767 -0.145791 
1.91178 -0.838931 7.9767 0.153071 
2.15218 -1.20345 10.2555 0.333637 
1.90725 -1.20345 9.3854 0.629691 
1.67177 -0.991785 8.50151 0.911271 
1.67177 -0.991785 8.50151 0.911271 
1.58449 -1.8439 9.05116 1.14291 
1.54498 -1.69567 9.05116 1.42276 
1.25248 -1.63291 9.05116 1.59948 
1.25248 -1.63291 9.05116 1.85049 
1.16207 -1.94807 11.8684 2.81311 
1.134 -1.94807 11.8684 2.81311 
0.985179 -1.77157 11.8684 2.81311 
0.985179 -1.77157 10.7388 3.2503 
1.06784 -2.16443 11.0004 3.41088 
1.01576 -2.60461 14.5202 2.94901 
0.865286 -2.42878 13.5217 3.12514 
0.865286 -2.42878 13.5217 3.12514 
0.865286 -2.42878 13.5217 3.12514 
0.865286 -2.42878 13.5217 3.12514 
0.511893 -1.53209 7.7498 4.25278 
0.511893 -1.3768 7.7498 4.33076 
0.554994 -1.3768 6.17317 4.41013 
0.504936 -1.86682 10.0577 3.91049 
0.504936 -2.05786 10.0577 3.91049 
0.263196 -2.82313 13.2794 3.8466 
0.263196 -2.56755 13.2794 3.61181 
0.18686 -2.56755 12.1987 3.61181 
0.0841497 -2.70869 12.6899 3.44385 
-0.124742 -3.37201 15.2184 2.70943 
-0.124742 -3.37201 15.2184 2.70943 
-0.236845 -3.16371 12.4471 2.06622 
-0.285954 -3.24936 14.3832 2.06622 
-0.285954 -3.24936 14.3832 2.06622 
-0.568012 -3.56521 14.7803 1.80362 
-0.568012 -3.3515 13.2613 1.80362 
-0.568012 -3.3515 13.2613 1.80362 
-0.568012 -2.99943 11.8011 1.98488 
-0.568012 -3.80659 13.6957 0.910416 
-0.568012 -3.92124 12.2416 0.780217 
-0.568012 -3.92124 12.2416 0.780217 
-0.568012 -4.02597 12.2416 0.780217 
-0.557082 -5.09022 17.3919 0.191342 
-1.4948 -4.61993 15.8016 0.187804 
-1.28196 -4.07495 13.7773 0.316915 
-1.13608 -4.07495 12.2646 0.316915 
-1.11698 -4.10082 13.5595 0.253338 
-0.970291 -3.68141 12.1547 0.266686 
-0.766198 -3.70637 10.8625 0.277112 
-0.766198 -3.30193 10.8625 0.19966 
-0.766198 -3.78886 10.8625 0.303868 
-0.800456 -4.25959 14.0654 0.447392 
-0.800456 -3.82738 14.0654 0.408989 
-0.696855 -3.80335 14.0654 0.713559 
-0.690677 -3.75114 14.0654 0.713559 
-0.597033 -3.3529 14.0654 0.633954 
-0.583315 -3.33969 12.7195 0.790264 
-0.583315 -3.33933 12.7195 0.790264 
-0.486748 -2.98767 10.0363 1.04101 
-0.486748 -2.98767 10.3354 1.04101 
-0.585146 -3.39914 11.5159 1.51681 
-0.516653 -3.05502 10.386 1.36315 
-0.466383 -2.75125 10.47 1.29408 
-0.466383 -2.75125 10.47 1.29408 
-0.197134 -1.77994 6.26613 1.06284 
-0.197134 -1.77994 6.26613 1.06284 
-0.348256 -2.20568 7.88314 2.00148 
-0.348256 -2.20568 7.88314 2.00148 
-0.365279 -2.04484 7.42975 2.05085 
-0.46083 -2.16876 6.72737 1.93637 
-0.46083 -1.55695 5.96479 1.93637 
-0.301143 -1.50511 5.93972 2.08435 
-0.301143 -1.34815 5.93972 2.08435 
-0.367219 -1.7119 5.93972 1.65628 
-0.465253 -1.86481 7.285 2.97869 
-0.430203 -1.86481 6.63151 2.72691 
-0.430203 -1.67847 6.63151 2.72691 
-0.601296 -1.98204 7.72524 4.07054 
-0.517223 -1.79125 6.98389 3.35987 
-0.517223 -1.60746 6.98389 3.35987 
-0.534097 -1.59947 7.44689 3.52766 
0.324057 -1.00216 6.53853 2.46325 
0.324057 -1.00216 6.53853 2.46325 
0.349913 -0.867747 6.88341 3.28052 
0.27883 -0.867747 6.88341 3.72775 
0.27883 -0.867747 6.88341 3.72775 
0.00549113 -0.913678 7.59055 5.05095 
0.0355245 -0.828183 6.97532 4.59749 
0.000740074 -0.674315 6.9546 3.80109 
-0.0433218 -0.544336 6.31471 3.59641 
-0.134767 -0.562862 4.65444 3.59641 
-0.134767 -0.562862 4.65444 3.59641 
-0.450782 -0.68149 5.3857 4.85549 
-0.41826 -0.618356 4.90079 4.38816 
-0.41826 -0.618356 4.90079 4.38816 
-0.781772 -0.599135 3.9688 4.92625 
-0.943682 -0.574671 3.9688 5.15366 
-1.31673 -0.609121 3.15689 5.36903 
-1.11656 -0.51054 2.48032 4.96203 
-1.11656 -0.51054 2.48032 4.96203 
-1.22901 -0.500456 2.48032 4.3843 
-1.55852 -0.52663 2.66054 6.40054 
-1.55852 -0.52663 2.66054 6.40054 
-1.55852 -0.513741 2.1837 6.54436 
-1.55852 -0.513741 2.1837 6.54436 
-1.55852 -0.314969 1.45913 6.87696 
-1.55852 -0.291738 1.45913 7.00863 
-1.64968 -0.291738 1.13148 7.00863 
-1.64968 -0.175037 0.58855 7.22541 
-2.35816 -0.121175 0.508708 6.4496 
-2.35816 -0.0716666 0.895866 7.45458 
-2.35816 0.0110648 0.624744 6.84265 
-2.35816 0.007783 0.41779 6.99169 
-2.35816 0.0091743 0.41779 6.2628 
-2.17891 0.058797 0.205329 6.44323 
-2.2691 0.144953 -0.165467 6.69893 
-2.35647 0.22151 -0.507459 6.93755 
-2.44107 0.285935 -0.82349 7.14715 
-2.44107 0.285935 -0.82349 7.14715 
-2.96277 0.48591 -0.906321 5.80532 
-2.96277 0.48591 -0.906321 5.80532 
-3.03612 0.540295 -2.36826 7.17774 
-2.73133 0.490484 -2.83613 8.2582 
-3.43598 2.12793 -2.92465 8.34739 
-3.93944 2.80798 -3.25255 8.46855 
-3.93944 2.80798 -3.25255 8.46855 
-5.21155 3.95617 -4.49617 9.67743 
-5.21155 4.35348 -4.49617 9.67743 
-5.50931 4.68509 -4.16446 8.7122 
-5.50931 4.68509 -4.06234 7.76163 
-6.16972 5.85778 -7.42434 -1.26939 
-6.16972 5.85778 -7.14179 -1.54778 
-5.91135 6.06179 -6.84088 -1.54601 
-6.4963 6.06179 -6.84088 -1.54601 
-6.4963 6.2562 -7.71684 0.532214 
-7.21659 6.47497 -9.10214 2.73536 
-7.21659 6.71391 -9.10214 3.60964 
-7.55836 6.96155 -9.19748 4.34399 
-7.28667 7.22646 -8.38668 4.31303 
-6.87855 7.7903 -8.38668 4.31303 
-6.87855 7.7903 -7.57684 3.77666 
-6.87855 7.7903 -7.57684 3.77666 
-8.10003 8.38679 -9.35326 7.48836 
-8.16546 8.70607 -9.35326 7.87617 
-8.27145 9.34776 -8.46599 8.69319 
-8.36588 9.34776 -9.65485 8.69319 
-8.36588 9.34776 -8.76475 8.69319 
-8.56902 10.2908 -9.98013 9.67741 
-8.01715 10.6035 -9.17877 8.64892 
-8.01715 10.6035 -9.17877 8.64892 
-8.05311 10.9021 -9.31837 9.30438 
-8.68503 11.5348 -10.6578 11.0054 
-8.09601 11.8435 -9.70483 9.8736 
-8.09601 11.8435 -9.70483 9.8736 
-8.09601 12.1357 -9.80856 9.8736 
-9.47069 12.431 -11.3253 11.511 
-8.84214 12.431 -11.5785 11.7063 
-9.51786 13.062 -13.0259 13.0046 
-8.17103 13.5677 -10.7811 11.5897 
-8.17103 13.5677 -10.7811 10.2372 
-8.17014 13.3033 -10.9849 14.6548 
-8.84812 13.1206 -12.3852 15.9169 
-8.85259 12.7955 -12.4484 15.6132 
-8.17994 12.3331 -11.2319 15.6132 
-8.8683 11.5956 -11.3268 13.8906 
-8.88823 11.5956 -13.0711 15.0992 
-8.8831 11.5956 -13.3599 14.9986 
-8.12738 10.5703 -12.142 13.3627 
-7.98583 9.55147 -12.9869 17.8293 
-7.98583 9.02519 -12.9869 17.8293 
-7.98583 9.02519 -12.9869 17.8293 
-7.94439 8.48747 -13.1407 17.5634 
-7.94439 8.01425 -14.6895 17.5634 
-9.33092 7.49489 -16.2954 19.6612 
-8.48718 7.49489 -14.7751 17.5434 
-8.48718 6.21815 -14.975 17.5434 
-9.79146 5.78237 -15.1909 17.0209 
-9.50465 5.24506 -15.407 16.8506 
-9.89221 4.68434 -15.6081 16.7471 
-9.44982 4.1251 -14.1028 14.9383 
-10.5923 4.1251 -14.1028 17.6351 
-11.733 3.26512 -11.9122 19.3551 
-11.733 3.26512 -11.9122 19.3551 
-12.0829 2.54356 -12.3441 19.1442 
-11.6003 2.21379 -10.9746 17.1701 
-11.086 1.73283 -11.0422 17.4667 
-11.086 1.73283 -11.2263 17.4667 
-10.8153 1.32945 -10.183 16.5571 
-10.0109 1.32945 -10.5443 13.8068 
-10.0109 1.32945 -10.5443 13.8068 
-7.29627 0.303824 -5.83913 5.94688 
-4.60179 0.303824 -5.83913 5.94688 
-3.81181 0.31327 -5.73197 5.52224 
-3.57762 0.340381 -5.73197 5.55494 
-3.38938 0.351357 -7.51737 5.74283 
-3.24453 0.337858 -9.30001 6.39121 
-2.72287 0.324569 -9.30001 6.39121 
-2.72287 0.324569 -8.48039 5.57385 
-2.91349 0.325584 -10.0134 6.15214 
-2.55453 0.3134 -10.0134 6.15214 
-2.49397 0.310549 -10.4123 7.24264 
-2.45046 0.309154 -11.0007 7.4512 
-2.699 0.313396 -11.6236 7.60713 
-2.31207 0.283271 -10.5039 9.24331 
-2.03851 0.302102 -11.1539 8.22778 
-1.91918 0.32679 -14.366 7.42245 
-1.91918 0.36106 -15.1474 7.42245 
-1.91918 0.381423 -16.1522 7.42245 
-0.539764 0.558417 -14.8492 -0.500212 
-0.539764 0.592504 -14.8492 -0.500212 
-0.539764 0.592504 -14.8492 -0.500212 
-0.656917 0.640952 -15.458 0.88397 
-0.657777 0.659003 -16.4949 2.11911 
-0.506852 0.675426 -17.741 1.49716 
-0.448793 0.676556 -18.4906 1.66158 
-0.2669 0.669602 -18.9173 1.71888 
0.0632905 0.662264 -19.5613 1.96102 
0.0632905 0.662264 -19.5613 1.96102 
0.165405 0.678449 -20.1009 1.48804 
0.165405 0.678449 -20.1009 1.48804 
0.505488 0.647412 -21.07 1.11756 
0.627641 0.678543 -21.4225 0.714917 
0.627641 0.678543 -21.4225 0.714917 
0.627641 0.678543 -21.4225 2.02219 
1.0821 0.645486 -21.4225 2.02219 
1.11503 0.665055 -22.3803 1.77141 
1.35087 0.658169 -24.4768 1.77141 
1.34423 0.670243 -24.5965 1.35082 
1.78891 0.638589 -24.7849 1.14337 
1.75163 0.653477 -25.2294 1.14337 
2.16269 0.62649 -25.6929 1.14337 
2.55276 0.603914 -26.2176 1.46461 
2.55276 0.603914 -26.2176 1.0085 
2.45658 0.628036 -26.7928 1.0085 
2.45658 0.625111 -26.7928 1.0085 
2.29826 0.505674 -20.8398 0.478373 
2.12533 0.452553 -18.9781 -1.0251 
2.12533 0.452553 -18.9781 -1.0251 
2.36741 0.284703 -17.639 -0.706858 
2.36741 0.213199 -17.639 -0.567575 
2.56354 0.0973084 -16.2198 -0.386152 
2.64103 0.0973084 -15.5296 -0.386152 
2.70651 0.0442054 -14.8863 -0.253303 
2.75922 -0.00932092 -14.8863 -0.103518 
3.44721 1.96767 -13.0169 0.0688833 
3.44721 1.96767 -13.0169 0.0688833 
3.55263 2.71587 -11.5093 -0.0204459 
4.42262 2.71587 -11.9507 -0.0204459 
5.1127 4.42915 -10.2883 -0.177579 
5.61229 4.42915 -10.2883 -0.177579 
5.61229 4.89946 -10.0323 -0.245801 
5.61229 5.30476 -10.7583 -0.614144 
6.43561 5.69923 -10.6027 -0.614144 
6.87252 6.08229 -9.57634 -0.561139 
7.56347 6.08229 -10.4298 -0.864787 
8.17337 6.67726 -10.2333 -1.16756 
8.17337 6.94104 -10.0731 -1.46659 
8.17337 6.94104 -10.0731 -1.46659 
8.60913 7.37496 -9.84519 -2.0143 
8.76985 7.54578 -9.7788 -2.24012 
8.76985 7.54578 -9.7788 -2.24012 
9.38852 7.78037 -10.4419 -3.01087 
9.38852 7.78037 -10.4419 -3.01087 
9.47513 7.93079 -10.3741 -3.3512 
9.47513 7.93079 -10.3741 -3.3512 
9.07782 7.93079 -9.60129 -3.10988 
9.45107 7.98861 -9.25768 -3.7247 
8.99126 7.94728 -9.11499 -3.97028 
8.99126 7.94728 -8.3989 -3.97028 
8.79382 7.68894 -8.12508 -3.52144 
8.29829 7.55113 -7.99199 -4.36356 
8.11124 7.20304 -7.83929 -4.68533 
8.11124 7.20304 -7.19585 -4.23393 
7.38913 6.55937 -7.09694 -4.48371 
7.38913 6.55937 -7.09694 -4.48371 
6.87015 6.32377 -6.46194 -4.03941 
6.74783 6.05776 -6.27803 -4.3863 
7.01394 6.05776 -6.27803 -4.3863 
7.01394 5.77845 -6.11255 -4.70819 
7.01394 5.77845 -6.11255 -4.70819 
5.27234 4.59048 -4.75726 -4.09063 
4.66458 4.26292 -4.62399 -3.95409 
4.96571 3.58593 -3.557 -3.49063 
5.26016 3.58593 -4.85075 -3.49063 
5.50607 2.87438 -5.23355 -7.10596 
5.50607 2.87438 -5.23355 -6.32357 
4.80184 2.2811 -4.85642 -6.32357 
4.63653 2.01577 -4.76256 -6.54441 
4.47986 1.7749 -4.5062 -6.13321 
3.97588 1.56646 -4.0135 -6.42698 
3.97588 1.56646 -4.0135 -6.42698 
4.44748 1.17375 -4.15062 -7.7056 
3.96622 1.02224 -4.09364 -7.7734 
3.96622 1.02224 -4.09364 -7.7734 
3.24681 0.555728 -3.77597 -8.17032 
3.24681 0.555728 -3.77597 -8.17032 
3.24681 0.555728 -3.77597 -8.17032 
3.24681 0.384865 -3.77597 -8.17032 
3.24681 0.384865 -3.77597 -8.17032 
3.24681 0.305652 -3.77597 -8.17032 
3.24681 0.219077 -3.77597 -8.17032 
2.85269 0.219077 -1.93441 -4.06115 
2.85269 0.166155 -1.93441 -4.06115 
3.37175 0.0330521 -2.55446 -11.258 
3.37175 0.0330521 -2.75947 -11.0408 
3.31123 0.0249926 -2.89016 -10.9074 
3.31123 0.0249926 -2.90382 -10.9513 
3.45212 0.0198824 -3.0168 -12.2897 
3.1145 0.0240793 -2.55933 -9.9786 
2.78541 0.023229 -2.55933 -9.9786 
3.01596 -0.0384978 -1.74108 -8.19406 
3.01596 -0.0384978 -1.74108 -8.19406 
1.49423 -0.122427 -0.622279 -6.72208 
1.49423 -0.122427 -0.622279 -6.72208 
1.49423 -0.122427 -0.622279 -6.72208 
1.49423 -0.131907 -0.671507 -8.88759 
1.82504 -0.131907 -0.671507 -8.88759 
1.8595 -0.121831 -0.725423 -9.5538 
1.65336 -0.116627 -0.551319 -7.59431 
1.50765 -0.114269 -0.551319 -7.59431 
1.50765 -0.114415 -0.551319 -7.59431 
1.83524 -0.114211 -0.601583 -10.4021 
1.83524 -0.100956 -0.592525 -9.31603 
1.64672 -0.100956 -0.592525 -9.31603 
1.91253 -0.0912839 -0.592525 -9.31603 
2.10189 -0.074085 -0.917778 -12.3949 
1.89948 -0.0602365 -0.949124 -11.1269 
1.87229 -0.0352672 -0.986594 -11.3673 
1.68228 -0.0299717 -0.906962 -10.229 
1.68228 -0.0299717 -0.906962 -10.229 
1.68119 -0.0249752 -0.848083 -10.46 
1.68119 -0.0249752 -0.848083 -10.46 
2.03474 -0.00935801 -0.916091 -13.3486 
1.83274 -0.00443598 -0.918784 -11.9721 
1.81715 0.00174995 -0.93855 -10.6652 
1.62877 0.00271485 -0.812257 -10.8141 
1.62877 0.00889519 -0.738353 -12.1333 
1.84255 0.0151142 -0.701619 -12.1055 
1.65187 0.0118852 -0.571404 -12.0137 
1.46588 0.0118852 -0.571404 -10.7371 
1.46588 0.00801373 -0.518185 -11.9235 
0.795624 -0.0374229 0.346848 -7.18868 
0.795624 -0.0498393 0.346848 -7.18868 
0.795624 -0.0498393 0.346848 -7.18868 
0.817644 -0.0498393 0.346848 -7.18868 
0.860124 -0.0710018 0.496929 -8.29114 
0.849338 -0.0652908 0.48396 -8.4896 
0.849338 -0.0679057 0.442969 -8.6422 
0.747436 -0.0679057 0.442969 -8.6422 
0.747436 -0.0637939 0.346931 -6.99443 
0.655961 -0.0637939 0.346931 -6.99443 
0.78096 -0.0515266 0.365445 -8.38954 
0.78096 -0.0375674 0.347238 -9.713 
0.902627 -0.0209678 0.347238 -9.713 
0.915163 -0.00590848 0.104498 -9.82846 
0.812277 -0.00590848 0.0511882 -8.80141 
0.812277 -0.00457408 0.0511882 -8.80141 
0.714463 0.000762928 0.113976 -9.83317 
0.693037 0.00891266 0.116486 -7.95409 
0.614421 0.00891266 0.138816 -7.08733 
0.687022 0.0156886 0.214712 -8.17929 
0.684708 0.0186373 0.250015 -8.29464 
0.684708 0.0186373 0.250015 -8.29464 
0.748517 0.0304143 0.261634 -8.41137 
0.67017 0.0258925 0.238677 -8.44946 
0.67017 0.0258925 0.231751 -8.44068 
0.631802 0.0276503 0.23729 -8.32633 
0.653866 0.0368572 0.271685 -8.9953 
0.499874 0.0252798 0.276713 -7.19395 
0.499874 0.0185119 0.302629 -6.44489 
0.480292 0.0256136 0.385735 -7.29571 
0.480292 0.0256136 0.385735 -7.29571 
0.424741 0.0187533 0.415321 -6.6176 
0.418367 0.0188462 0.415321 -6.6176 
0.409029 0.0261384 0.432877 -6.68325 
0.409029 0.0199922 0.440829 -6.74738 
0.404583 0.0277693 0.442075 -7.27612 
0.356749 0.0214973 0.47641 -6.52589 
0.274068 0.0098132 0.390606 -5.17642 
0.240062 0.00492501 0.390606 -4.61458 
0.24643 0.0156154 0.513277 -5.40575 
0.123425 -0.00109373 0.446403 -3.02876 
0.111919 -0.00129626 0.506682 -3.01034 
0.0968183 -0.00129626 0.506682 -3.01034 
0.0968183 -0.00129626 0.506682 -3.01034 
0.0968183 0.00408712 0.473904 -3.32076 
0.120466 0.00224582 0.424756 -3.00241 
0.0591975 0.00502605 0.257485 -3.73543 
0.0486741 0.00502605 0.257752 -1.91304 
0.0283486 0.00238964 0.242601 -1.07102 
0.0283486 0.00238964 0.299325 -1.58149 
0.0283486 0.00467066 0.226706 -1.14084 
0.0283486 0.00467066 0.242797 -1.14084 
0.0283486 0.00467066 0.242797 -1.14084 
0.0562718 0.0139445 0.241342 -2.91786 
0.0493763 0.0244921 0.198496 -2.91786 
0.0493763 0.0244921 0.198496 -2.6393 
0.0395137 0.0315367 0.218125 -3.01106 
0.0273358 0.0305355 0.155298 -2.7273 
0.0218751 0.0327618 0.16272 -2.43873 
0.0218751 0.0327618 0.16272 -2.43873 
0.0218751 0.0327618 0.16272 -2.43873 
0.0152543 0.0405057 0.136022 -3.00041 
0.0152543 0.0405057 0.250976 -3.00041 
0.0152543 0.0405057 0.250976 -3.00041 
-0.518906 0.541585 0.351901 -3.57207 
-1.01379 0.908903 0.306631 -3.1978 
-1.45071 1.19819 0.308349 -3.05689 
-1.85885 1.46449 0.32395 -2.64281 
-2.61929 1.71187 0.351335 -2.58657 
-2.61929 1.95111 0.351335 -2.58657 
-2.99582 2.18203 0.429076 -2.75964 
-3.35089 2.39586 0.45998 -2.70753 
-3.35089 2.39586 0.45998 -2.70753 
-4.03193 2.59611 0.542275 -2.80937 
-4.03193 2.95446 0.542275 -2.80937 
-4.92967 2.95446 0.554302 -2.26556 
-4.92967 3.25385 0.554302 -2.28142 
-5.66847 3.58943 0.527439 -1.66108 
-6.87022 3.12625 0.459708 -0.346394 
-6.79053 3.01444 0.452715 -0.318708 
-6.71461 2.90106 0.44579 -0.29351 
-6.62841 2.78348 0.506328 -0.518412 
-6.62841 2.78348 0.506328 -0.518412 
-6.44382 2.54062 0.571235 -0.798536 
-6.31131 2.29221 0.542342 -0.716304 
-6.17687 2.29221 0.542342 -0.716304 
-6.17687 2.29221 0.542342 -0.716304 
-5.83788 2.05644 0.526811 -0.632204 
-5.65196 1.94506 0.526811 -0.632204 
-5.65196 1.94506 0.526811 -0.632204 
-5.27049 1.73681 0.588503 -0.729484 
-5.02928 1.53589 0.553772 -0.657707 
-5.02928 1.53589 0.546759 -0.643648 
-2.96018 0.933024 0.379953 -0.411298 
-2.69877 0.857565 0.346978 -0.371256 
-2.69877 0.786572 0.336874 -0.371256 
-2.24308 0.719609 0.348125 -0.326678 
-1.77258 0.590272 0.27936 -0.256546 
-1.77258 0.590272 0.27936 -0.256546 
-1.57423 0.538437 0.284703 -0.253664 
-1.57423 0.496473 0.284703 -0.226803 
-1.24334 0.45919 0.276294 -0.210026 
-1.0937 0.426402 0.267894 -0.194645 
-0.943181 0.395458 0.237109 -0.172142 
-0.823485 0.368905 0.230656 -0.160778 
-0.731908 0.34557 0.216337 -0.123601 
-0.62258 0.321228 0.216337 -0.123601 
-0.466733 0.279262 0.199011 -0.0627065 
-0.466733 0.279262 0.199011 -0.0627065 
-0.390905 0.259527 0.176059 -0.0544525 
-0.390905 0.259527 0.176059 -0.0544525 
-0.307109 0.242891 0.187635 -0.0544525 
-0.282994 0.226169 0.196848 0.0421492 
-0.282994 0.226169 0.196848 0.0421492 
-0.223892 0.180389 0.196848 0.0421492 
-0.223892 0.165595 0.190095 0.0704135 
-0.186885 0.153608 0.184148 0.124796 
-0.158931 0.140891 0.165737 0.114151 
-0.14383 0.119111 0.147939 0.102099 
-0.13152 0.119111 0.151487 0.136277 
-0.13152 0.119111 0.151487 0.145665 
-0.123199 0.109411 0.150514 0.176601 
-0.123199 0.100819 0.150514 0.176601 
-0.0885007 0.0839961 0.116577 0.146668 
-0.0885007 0.0764186 0.116577 0.146668 
-0.0964431 0.0640833 0.119747 0.167327 
-0.0562249 0.0484101 0.0733841 0.10977 
-0.190824 0.343336 0.024392 0.0525044 
-0.190824 0.415075 0.024392 0.0525044 
-0.382424 0.801617 0.011979 0.0274088 
-0.425962 0.882079 0.00624989 0.021482 
-0.425962 0.882079 0.00624989 0.021482 
-0.525921 1.04218 -0.00672533 0.0121639 
-0.630278 1.19841 -0.00583177 0.037622 
-0.729488 1.34849 -0.0112789 0.0236226 
-0.780398 1.34849 -0.0147733 0.00710405 
-0.780398 1.34849 -0.0147733 -0.0242071 
-0.87678 1.55996 -0.0273351 -0.0242071 
-0.922444 1.68924 -0.0335334 -0.104198 
-0.973308 1.68924 -0.0400891 -0.104198 
-0.973308 1.68924 -0.0400891 -0.104198 
-1.06874 1.80773 -0.051319 -0.146802 
-1.06874 1.80773 -0.051319 -0.146802 
-1.16202 1.91439 -0.0606955 -0.179879 
-1.20752 1.96301 -0.0643761 -0.193448 
-1.25736 2.0083 -0.0638053 -0.178691 
-1.31214 2.0501 -0.0580775 -0.133479 
-1.31214 2.0501 -0.0580775 -0.133479 
-1.36564 2.12326 -0.0559545 -0.116727 
-1.36564 2.12326 -0.0559545 -0.116727 
-1.56584 2.20652 -0.0128819 0.049072 
-1.56584 2.22678 -0.00910719 0.0393915 
-1.60313 2.22678 -0.00910719 0.0393915 
-1.60313 2.22678 -0.00910719 0.0619627 
-1.70397 2.25659 0.0140817 0.116092 
-1.70397 2.25659 0.0140817 0.116092 
