-2.83039e-18 0 -2.05106e-18 -5.03222e-17 0 6.21105e-19 0 4.77717e-18 0
0.000246166 0 0.000177466 2.46166e-06 0 1.77466e-06 0 2.72516e-06 0
0.000492333 0 0.000354932 4.92333e-06 0 3.54932e-06 0 5.45031e-06 0
0.000738499 0 0.000532397 7.38499e-06 0 5.32397e-06 0 8.17547e-06 0
0.000984665 0 0.000709863 9.84665e-06 0 7.09863e-06 0 1.09006e-05 0
0.00123083 0 0.000887329 1.23083e-05 0 8.87329e-06 0 1.36258e-05 0
0.001477 0 0.00106479 1.477e-05 0 1.06479e-05 0 1.63509e-05 0
0.00172316 0 0.00124226 1.72316e-05 0 1.24226e-05 0 1.90761e-05 0
0.00196933 0 0.00141973 1.96933e-05 0 1.41973e-05 0 2.18012e-05 0
0.0022155 0 0.00159719 2.2155e-05 0 1.59719e-05 0 2.45264e-05 0
0.00246166 0 0.00177466 2.46166e-05 0 1.77466e-05 0 2.72516e-05 0
0.00264489 0 0.00193716 2.87389e-05 0 2.10224e-05 0 3.14318e-05 0
0.00282341 0 0.00209853 3.29857e-05 0 2.44108e-05 0 3.57212e-05 0
0.00300192 0 0.00225991 3.72324e-05 0 2.77993e-05 0 4.00106e-05 0
0.00318043 0 0.00242129 4.14792e-05 0 3.11877e-05 0 4.43e-05 0
0.00335894 0 0.00258266 4.5726e-05 0 3.45761e-05 0 4.85894e-05 0
0.00353746 0 0.00274404 4.99728e-05 0 3.79645e-05 0 5.28788e-05 0
0.00371597 0 0.00290542 5.42196e-05 0 4.1353e-05 0 5.71682e-05 0
0.00389448 0 0.00306679 5.84664e-05 0 4.47414e-05 0 6.14576e-05 0
0.00407299 0 0.00322817 6.27131e-05 0 4.81298e-05 0 6.5747e-05 0
0.00425151 0 0.00338955 6.69599e-05 0 5.15182e-05 0 7.00364e-05 0
0.0043811 0 0.00353953 7.22536e-05 0 5.61813e-05 0 7.47838e-05 0
0.00450277 0 0.00368766 7.77171e-05 0 6.1051e-05 0 7.96053e-05 0
0.00462444 0 0.00383579 8.31806e-05 0 6.59208e-05 0 8.44269e-05 0
0.00474611 0 0.00398392 8.8644e-05 0 7.07905e-05 0 8.92485e-05 0
0.00486778 0 0.00413206 9.41075e-05 0 7.56603e-05 0 9.407e-05 0
0.00498944 0 0.00428019 9.9571e-05 0 8.053e-05 0 9.88916e-05 0
0.00511111 0 0.00442832 0.000105034 0 8.53998e-05 0 0.000103713 0
0.00523278 0 0.00457645 0.000110498 0 9.02695e-05 0 0.000108535 0
0.00535445 0 0.00472459 0.000115961 0 9.51393e-05 0 0.000113356 0
0.00547612 0 0.00487272 0.000121425 0 0.000100009 0 0.000118178 0
0.00556096 0 0.00501241 0.000127482 0 0.000105966 0 0.000122705 0
0.00563606 0 0.00514986 0.000133696 0 0.00011221 0 0.000127155 0
0.00571115 0 0.00528731 0.000139911 0 0.000118454 0 0.000131605 0
0.00578625 0 0.00542476 0.000146125 0 0.000124698 0 0.000136055 0
0.00586134 0 0.00556221 0.00015234 0 0.000130943 0 0.000140504 0
0.00593644 0 0.00569966 0.000158554 0 0.000137187 0 0.000144954 0
0.00601153 0 0.00583711 0.000164769 0 0.000143431 0 0.000149404 0
0.00608663 0 0.00597456 0.000170983 0 0.000149675 0 0.000153853 0
0.00616173 0 0.00611201 0.000177197 0 0.00015592 0 0.000158303 0
0.00623682 0 0.00624946 0.000183412 0 0.000162164 0 0.000162753 0
0.00628539 0 0.00638076 0.000189902 0 0.000169338 0 0.000166378 0
0.00632368 0 0.00650967 0.0001965 0 0.000176871 0 0.000169684 0
0.00636198 0 0.00663858 0.000203097 0 0.000184404 0 0.000172991 0
0.00640027 0 0.00676749 0.000209695 0 0.000191938 0 0.000176297 0
0.00643857 0 0.0068964 0.000216292 0 0.000199471 0 0.000179603 0
0.00647687 0 0.00702531 0.000222889 0 0.000207004 0 0.00018291 0
0.00651516 0 0.00715422 0.000229487 0 0.000214538 0 0.000186216 0
0.00655346 0 0.00728313 0.000236084 0 0.000222071 0 0.000189522 0
0.00659175 0 0.00741204 0.000242681 0 0.000229604 0 0.000192829 0
0.00663005 0 0.00754095 0.000249279 0 0.000237138 0 0.000196135 0
0.00665046 0 0.00766533 0.000255947 0 0.000245465 0 0.000198287 0
0.00666129 0 0.00778727 0.000262652 0 0.000254218 0 0.00019982 0
0.00667212 0 0.00790922 0.000269358 0 0.000262971 0 0.000201354 0
0.00668295 0 0.00803116 0.000276064 0 0.000271724 0 0.000202887 0
0.00669378 0 0.00815311 0.000282769 0 0.000280476 0 0.00020442 0
0.00670461 0 0.00827505 0.000289475 0 0.000289229 0 0.000205954 0
0.00671544 0 0.008397 0.000296181 0 0.000297982 0 0.000207487 0
0.00672626 0 0.00851894 0.000302886 0 0.000306735 0 0.00020902 0
0.00673709 0 0.00864089 0.000309592 0 0.000315488 0 0.000210554 0
0.00674792 0 0.00876283 0.000316298 0 0.000324241 0 0.000212087 0
0.006748 0 0.00888123 0.000322959 0 0.000333667 0 0.000212314 0
0.00674034 0 0.00899707 0.000329588 0 0.000343578 0 0.0002116 0
0.00673268 0 0.00911292 0.000336217 0 0.000353489 0 0.000210887 0
0.00672502 0 0.00922876 0.000342846 0 0.000363401 0 0.000210173 0
0.00671736 0 0.0093446 0.000349475 0 0.000373312 0 0.000209459 0
0.0067097 0 0.00946044 0.000356104 0 0.000383223 0 0.000208746 0
0.00670204 0 0.00957629 0.000362733 0 0.000393134 0 0.000208032 0
0.00669438 0 0.00969213 0.000369362 0 0.000403046 0 0.000207318 0
0.00668672 0 0.00980797 0.000375991 0 0.000412957 0 0.000206605 0
0.00667905 0 0.00992381 0.00038262 0 0.000422868 0 0.000205891 0
0.00666639 0 0.0100365 0.00038916 0 0.000433341 0 0.000203874 0
0.00664895 0 0.0101463 0.000395615 0 0.000444349 0 0.000200614 0
0.0066315 0 0.010256 0.00040207 0 0.000455358 0 0.000197353 0
0.00661406 0 0.0103657 0.000408524 0 0.000466367 0 0.000194093 0
0.00659662 0 0.0104755 0.000414979 0 0.000477375 0 0.000190832 0
0.00657917 0 0.0105852 0.000421433 0 0.000488384 0 0.000187571 0
0.00656173 0 0.010695 0.000427888 0 0.000499392 0 0.000184311 0
0.00654429 0 0.0108047 0.000434343 0 0.000510401 0 0.00018105 0
0.00652684 0 0.0109144 0.000440797 0 0.00052141 0 0.00017779 0
0.0065094 0 0.0110242 0.000447252 0 0.000532418 0 0.000174529 0
0.00649141 0 0.0111308 0.000453624 0 0.00054388 0 0.000170098 0
0.00647272 0 0.0112334 0.000459892 0 0.000555915 0 0.000164188 0
0.00645404 0 0.011336 0.00046616 0 0.00056795 0 0.000158277 0
0.00643535 0 0.0114386 0.000472427 0 0.000579985 0 0.000152367 0
0.00641666 0 0.0115412 0.000478695 0 0.00059202 0 0.000146457 0
0.00639798 0 0.0116439 0.000484963 0 0.000604054 0 0.000140547 0
0.00637929 0 0.0117465 0.000491231 0 0.000616089 0 0.000134637 0
0.0063606 0 0.0118491 0.000497498 0 0.000628124 0 0.000128727 0
0.00634192 0 0.0119517 0.000503766 0 0.000640159 0 0.000122817 0
0.00632323 0 0.0120543 0.000510034 0 0.000652194 0 0.000116907 0
0.00630723 0 0.0121535 0.000516259 0 0.000664576 0 0.000110057 0
0.00629577 0 0.0122468 0.000522412 0 0.000677544 0 0.000101622 0
0.00628431 0 0.0123401 0.000528565 0 0.000690511 0 9.31863e-05 0
0.00627284 0 0.0124334 0.000534718 0 0.000703479 0 8.47508e-05 0
0.00626138 0 0.0125267 0.000540872 0 0.000716447 0 7.63153e-05 0
0.00624992 0 0.0126201 0.000547025 0 0.000729415 0 6.78797e-05 0
0.00623846 0 0.0127134 0.000553178 0 0.000742383 0 5.94442e-05 0
0.006227 0 0.0128067 0.000559331 0 0.000755351 0 5.10087e-05 0
0.00621553 0 0.0129 0.000565484 0 0.000768319 0 4.25732e-05 0
0.00620407 0 0.0129933 0.000571637 0 0.000781287 0 3.41377e-05 0
0.00619736 0 0.0130828 0.000577803 0 0.000794498 0 2.50552e-05 0
0.00620161 0 0.0131633 0.000583999 0 0.000808272 0 1.44799e-05 0
0.00620587 0 0.0132438 0.000590195 0 0.000822045 0 3.90456e-06 0
0.00621012 0 0.0133243 0.00059639 0 0.000835818 0 -6.67077e-06 0
0.00621437 0 0.0134048 0.000602586 0 0.000849591 0 -1.72461e-05 0
0.00621862 0 0.0134853 0.000608782 0 0.000863364 0 -2.78214e-05 0
0.00622287 0 0.0135659 0.000614977 0 0.000877137 0 -3.83967e-05 0
0.00622713 0 0.0136464 0.000621173 0 0.00089091 0 -4.89721e-05 0
0.00623138 0 0.0137269 0.000627369 0 0.000904683 0 -5.95474e-05 0
0.00623563 0 0.0138074 0.000633564 0 0.000918457 0 -7.01227e-05 0
0.00624554 0 0.0138838 0.000639826 0 0.000932376 0 -8.10353e-05 0
0.0062741 0 0.0139466 0.000646308 0 0.000946777 0 -9.30607e-05 0
0.00630266 0 0.0140094 0.000652789 0 0.000961178 0 -0.000105086 0
0.00633122 0 0.0140722 0.00065927 0 0.000975579 0 -0.000117112 0
0.00635978 0 0.014135 0.000665752 0 0.00098998 0 -0.000129137 0
0.00638834 0 0.0141978 0.000672233 0 0.00100438 0 -0.000141163 0
0.0064169 0 0.0142606 0.000678714 0 0.00101878 0 -0.000153188 0
0.00644546 0 0.0143233 0.000685195 0 0.00103318 0 -0.000165213 0
0.00647402 0 0.0143861 0.000691677 0 0.00104758 0 -0.000177239 0
0.00650258 0 0.0144489 0.000698158 0 0.00106198 0 -0.000189264 0
0.00653652 0 0.0145078 0.00070474 0 0.00107645 0 -0.000201356 0
0.00659815 0 0.0145463 0.000711837 0 0.00109124 0 -0.000213788 0
0.00665978 0 0.0145849 0.000718935 0 0.00110602 0 -0.000226219 0
0.00672141 0 0.0146235 0.000726032 0 0.00112081 0 -0.000238651 0
0.00678304 0 0.014662 0.00073313 0 0.0011356 0 -0.000251083 0
0.00684467 0 0.0147006 0.000740227 0 0.00115038 0 -0.000263514 0
0.0069063 0 0.0147392 0.000747325 0 0.00116517 0 -0.000275946 0
0.00696793 0 0.0147778 0.000754423 0 0.00117996 0 -0.000288378 0
0.00702956 0 0.0148163 0.00076152 0 0.00119474 0 -0.000300809 0
0.00709119 0 0.0148549 0.000768618 0 0.00120953 0 -0.000313241 0
0.00715673 0 0.0148905 0.000775812 0 0.00122432 0 -0.000325575 0
0.0072604 0 0.0148967 0.000783946 0 0.00123917 0 -0.000336956 0
0.00736406 0 0.0149029 0.00079208 0 0.00125402 0 -0.000348337 0
0.00746773 0 0.0149091 0.000800214 0 0.00126887 0 -0.000359718 0
0.00757139 0 0.0149153 0.000808349 0 0.00128372 0 -0.0003711 0
0.00767506 0 0.0149216 0.000816483 0 0.00129857 0 -0.000382481 0
0.00777872 0 0.0149278 0.000824617 0 0.00131341 0 -0.000393862 0
0.00788239 0 0.014934 0.000832751 0 0.00132826 0 -0.000405243 0
0.00798605 0 0.0149402 0.000840885 0 0.00134311 0 -0.000416624 0
0.00808972 0 0.0149464 0.00084902 0 0.00135796 0 -0.000428005 0
0.00819458 0 0.0149517 0.00085719 0 0.0013728 0 -0.000439317 0
0.00834945 0 0.0149157 0.000866873 0 0.00138729 0 -0.00044771 0
0.00850432 0 0.0148798 0.000876556 0 0.00140178 0 -0.000456102 0
0.0086592 0 0.0148438 0.000886239 0 0.00141627 0 -0.000464495 0
0.00881407 0 0.0148079 0.000895922 0 0.00143076 0 -0.000472888 0
0.00896895 0 0.0147719 0.000905605 0 0.00144525 0 -0.000481281 0
0.00912382 0 0.0147359 0.000915288 0 0.00145974 0 -0.000489674 0
0.0092787 0 0.0147 0.000924971 0 0.00147423 0 -0.000498067 0
0.00943357 0 0.014664 0.000934654 0 0.00148872 0 -0.00050646 0
0.00958845 0 0.0146281 0.000944337 0 0.00150321 0 -0.000514853 0
0.00974332 0 0.0145921 0.00095402 0 0.0015177 0 -0.000523246 0
0.00995593 0 0.014505 0.000965757 0 0.00153133 0 -0.00052641 0
0.0101714 0 0.0144154 0.000977594 0 0.00154492 0 -0.000529319 0
0.0103868 0 0.0143257 0.000989431 0 0.00155852 0 -0.000532228 0
0.0106022 0 0.0142361 0.00100127 0 0.00157211 0 -0.000535136 0
0.0108176 0 0.0141465 0.00101311 0 0.0015857 0 -0.000538045 0
0.0110331 0 0.0140568 0.00102494 0 0.0015993 0 -0.000540954 0
0.0112485 0 0.0139672 0.00103678 0 0.00161289 0 -0.000543863 0
0.0114639 0 0.0138776 0.00104862 0 0.00162648 0 -0.000546772 0
0.0116793 0 0.0137879 0.00106045 0 0.00164008 0 -0.000549681 0
0.0118948 0 0.0136983 0.00107229 0 0.00165367 0 -0.00055259 0
0.012172 0 0.0135496 0.00108665 0 0.00166588 0 -0.000547878 0
0.0124574 0 0.0133932 0.00110134 0 0.00167791 0 -0.000542163 0
0.0127428 0 0.0132368 0.00111603 0 0.00168994 0 -0.000536448 0
0.0130282 0 0.0130804 0.00113072 0 0.00170197 0 -0.000530733 0
0.0133136 0 0.0129239 0.00114542 0 0.00171399 0 -0.000525018 0
0.013599 0 0.0127675 0.00116011 0 0.00172602 0 -0.000519304 0
0.0138844 0 0.0126111 0.0011748 0 0.00173805 0 -0.000513589 0
0.0141697 0 0.0124546 0.00118949 0 0.00175008 0 -0.000507874 0
0.0144551 0 0.0122982 0.00120418 0 0.00176211 0 -0.000502159 0
0.0147405 0 0.0121418 0.00121887 0 0.00177414 0 -0.000496444 0
0.0150905 0 0.0119191 0.00123653 0 0.00178423 0 -0.000480553 0
0.0154551 0 0.0116813 0.00125487 0 0.00179388 0 -0.000462335 0
0.0158198 0 0.0114435 0.00127321 0 0.00180353 0 -0.000444118 0
0.0161845 0 0.0112057 0.00129154 0 0.00181318 0 -0.0004259 0
0.0165492 0 0.0109678 0.00130988 0 0.00182283 0 -0.000407683 0
0.0169139 0 0.01073 0.00132822 0 0.00183248 0 -0.000389466 0
0.0172786 0 0.0104922 0.00134656 0 0.00184213 0 -0.000371248 0
0.0176433 0 0.0102544 0.0013649 0 0.00185178 0 -0.000353031 0
0.0180079 0 0.0100166 0.00138323 0 0.00186144 0 -0.000334814 0
0.0183726 0 0.00977879 0.00140157 0 0.00187109 0 -0.000316596 0
0.018803 0 0.00946868 0.00142328 0 0.00187824 0 -0.000285564 0
0.019256 0 0.00913371 0.00144615 0 0.00188454 0 -0.000250127 0
0.019709 0 0.00879875 0.00146902 0 0.00189085 0 -0.00021469 0
0.020162 0 0.00846378 0.00149188 0 0.00189715 0 -0.000179252 0
0.020615 0 0.00812882 0.00151475 0 0.00190345 0 -0.000143815 0
0.021068 0 0.00779385 0.00153762 0 0.00190975 0 -0.000108378 0
0.0215209 0 0.00745889 0.00156049 0 0.00191605 0 -7.29406e-05 0
0.0219739 0 0.00712392 0.00158336 0 0.00192235 0 -3.75033e-05 0
0.0224269 0 0.00678896 0.00160622 0 0.00192865 0 -2.06608e-06 0
0.0228799 0 0.00645399 0.00162909 0 0.00193495 0 3.33712e-05 0
0.0233981 0 0.00604232 0.00165567 0 0.00193823 0 8.42386e-05 0
0.0239477 0 0.00559362 0.00168403 0 0.00194004 0 0.000142555 0
0.0244974 0 0.00514492 0.0017124 0 0.00194186 0 0.000200872 0
0.0250471 0 0.00469622 0.00174076 0 0.00194367 0 0.000259188 0
0.0255967 0 0.00424752 0.00176912 0 0.00194548 0 0.000317505 0
0.0261464 0 0.00379882 0.00179749 0 0.0019473 0 0.000375821 0
0.026696 0 0.00335012 0.00182585 0 0.00194911 0 0.000434138 0
0.0272457 0 0.00290142 0.00185422 0 0.00195093 0 0.000492454 0
0.0277953 0 0.00245272 0.00188258 0 0.00195274 0 0.000550771 0
0.028345 0 0.00200402 0.00191095 0 0.00195455 0 0.000609087 0
0.0289575 0 0.00147636 0.00194326 0 0.00195286 0 0.00068529 0
0.0296112 0 0.000897078 0.00197816 0 0.00194889 0 0.000773187 0
0.0302648 0 0.000317796 0.00201306 0 0.00194491 0 0.000861085 0
0.0309184 0 -0.000261485 0.00204797 0 0.00194093 0 0.000948982 0
0.0315721 0 -0.000840767 0.00208287 0 0.00193695 0 0.00103688 0
0.0322257 0 -0.00142005 0.00211777 0 0.00193297 0 0.00112478 0
0.0328793 0 -0.00199933 0.00215267 0 0.00192899 0 0.00121267 0
0.033533 0 -0.00257861 0.00218757 0 0.00192501 0 0.00130057 0
0.0341866 0 -0.00315789 0.00222247 0 0.00192103 0 0.00138847 0
0.0348402 0 -0.00373718 0.00225737 0 0.00191705 0 0.00147637 0
0.0355525 0 -0.00439507 0.00229635 0 0.00190919 0 0.00158428 0
0.0363159 0 -0.00512132 0.00233889 0 0.00189795 0 0.00170959 0
0.0370792 0 -0.00584757 0.00238142 0 0.00188671 0 0.0018349 0
0.0378425 0 -0.00657382 0.00242396 0 0.00187547 0 0.00196022 0
0.0386058 0 -0.00730007 0.00246649 0 0.00186423 0 0.00208553 0
0.0393691 0 -0.00802632 0.00250902 0 0.00185298 0 0.00221084 0
0.0401325 0 -0.00875257 0.00255156 0 0.00184174 0 0.00233615 0
0.0408958 0 -0.00947882 0.00259409 0 0.0018305 0 0.00246147 0
0.0416591 0 -0.0102051 0.00263663 0 0.00181926 0 0.00258678 0
0.0424224 0 -0.0109313 0.00267916 0 0.00180802 0 0.00271209 0
0.0432384 0 -0.0117329 0.00272577 0 0.00179265 0 0.00285901 0
0.0441149 0 -0.0126211 0.00277707 0 0.00177252 0 0.00303078 0
0.0449914 0 -0.0135093 0.00282837 0 0.0017524 0 0.00320254 0
0.0458679 0 -0.0143975 0.00287967 0 0.00173228 0 0.00337431 0
0.0467444 0 -0.0152858 0.00293097 0 0.00171215 0 0.00354607 0
0.0476208 0 -0.016174 0.00298226 0 0.00169203 0 0.00371784 0
0.0484973 0 -0.0170622 0.00303356 0 0.00167191 0 0.0038896 0
0.0493738 0 -0.0179504 0.00308486 0 0.00165178 0 0.00406137 0
0.0502503 0 -0.0188386 0.00313616 0 0.00163166 0 0.00423313 0
0.0511268 0 -0.0197268 0.00318746 0 0.00161154 0 0.0044049 0
0.0520482 0 -0.020684 0.00324267 0 0.00158721 0 0.00459909 0
0.0530383 0 -0.0217466 0.00330387 0 0.00155646 0 0.00482758 0
0.0540284 0 -0.0228092 0.00336507 0 0.00152571 0 0.00505607 0
0.0550186 0 -0.0238718 0.00342627 0 0.00149496 0 0.00528457 0
0.0560087 0 -0.0249344 0.00348747 0 0.00146421 0 0.00551306 0
0.0569988 0 -0.025997 0.00354867 0 0.00143346 0 0.00574155 0
0.0579889 0 -0.0270596 0.00360987 0 0.00140271 0 0.00597004 0
0.058979 0 -0.0281222 0.00367107 0 0.00137196 0 0.00619853 0
0.0599692 0 -0.0291848 0.00373227 0 0.00134121 0 0.00642702 0
0.0609593 0 -0.0302475 0.00379347 0 0.00131046 0 0.00665552 0
0.0619853 0 -0.0313696 0.00385826 0 0.00127566 0 0.00690622 0
0.0630856 0 -0.032615 0.00393046 0 0.00123246 0 0.00720293 0
0.0641858 0 -0.0338604 0.00400266 0 0.00118925 0 0.00749964 0
0.0652861 0 -0.0351058 0.00407486 0 0.00114605 0 0.00779636 0
0.0663864 0 -0.0363513 0.00414707 0 0.00110285 0 0.00809307 0
0.0674867 0 -0.0375967 0.00421927 0 0.00105964 0 0.00838978 0
0.068587 0 -0.0388421 0.00429147 0 0.00101644 0 0.00868649 0
0.0696873 0 -0.0400875 0.00436368 0 0.000973234 0 0.00898321 0
0.0707876 0 -0.0413329 0.00443588 0 0.00093003 0 0.00927992 0
0.0718879 0 -0.0425784 0.00450808 0 0.000886826 0 0.00957663 0
0.0730142 0 -0.0438712 0.00458336 0 0.000839962 0 0.00989402 0
0.0742162 0 -0.0453021 0.00466758 0 0.00078245 0 0.0102716 0
0.0754182 0 -0.046733 0.00475181 0 0.000724937 0 0.0106491 0
0.0766203 0 -0.0481639 0.00483603 0 0.000667425 0 0.0110267 0
0.0778223 0 -0.0495948 0.00492025 0 0.000609912 0 0.0114042 0
0.0790243 0 -0.0510256 0.00500448 0 0.000552399 0 0.0117818 0
0.0802264 0 -0.0524565 0.0050887 0 0.000494887 0 0.0121593 0
0.0814284 0 -0.0538874 0.00517292 0 0.000437374 0 0.0125369 0
0.0826304 0 -0.0553183 0.00525715 0 0.000379862 0 0.0129144 0
0.0838324 0 -0.0567492 0.00534137 0 0.000322349 0 0.013292 0
0.0850507 0 -0.0582136 0.00542799 0 0.000261839 0 0.0136871 0
0.0863399 0 -0.0598247 0.00552511 0 0.000188215 0 0.014159 0
0.0876291 0 -0.0614359 0.00562222 0 0.000114591 0 0.0146309 0
0.0889183 0 -0.063047 0.00571934 0 4.0967e-05 0 0.0151028 0
0.0902074 0 -0.0646581 0.00581645 0 -3.2657e-05 0 0.0155747 0
0.0914966 0 -0.0662693 0.00591357 0 -0.000106281 0 0.0160466 0
0.0927858 0 -0.0678804 0.00601068 0 -0.000179905 0 0.0165185 0
0.094075 0 -0.0694916 0.0061078 0 -0.000253529 0 0.0169905 0
0.0953642 0 -0.0711027 0.00620491 0 -0.000327153 0 0.0174624 0
0.0966534 0 -0.0727138 0.00630203 0 -0.000400777 0 0.0179343 0
0.0979501 0 -0.0743441 0.00640072 0 -0.000476466 0 0.0184188 0
0.0993044 0 -0.07612 0.00651138 0 -0.000567848 0 0.0189992 0
0.100659 0 -0.0778958 0.00662203 0 -0.000659231 0 0.0195796 0
0.102013 0 -0.0796717 0.00673269 0 -0.000750613 0 0.0201599 0
0.103367 0 -0.0814475 0.00684335 0 -0.000841996 0 0.0207403 0
0.104722 0 -0.0832234 0.00695401 0 -0.000933378 0 0.0213207 0
0.106076 0 -0.0849992 0.00706466 0 -0.00102476 0 0.0219011 0
0.10743 0 -0.0867751 0.00717532 0 -0.00111614 0 0.0224814 0
0.108784 0 -0.0885509 0.00728598 0 -0.00120753 0 0.0230618 0
0.110139 0 -0.0903268 0.00739664 0 -0.00129891 0 0.0236422 0
0.111495 0 -0.092109 0.00750794 0 -0.00139118 0 0.0242283 0
0.112883 0 -0.0940208 0.00763248 0 -0.00150168 0 0.0249312 0
0.114271 0 -0.0959326 0.00775703 0 -0.00161218 0 0.0256341 0
0.11566 0 -0.0978444 0.00788157 0 -0.00172268 0 0.0263371 0
0.117048 0 -0.0997562 0.00800611 0 -0.00183318 0 0.02704 0
0.118436 0 -0.101668 0.00813065 0 -0.00194368 0 0.027743 0
0.119825 0 -0.10358 0.00825519 0 -0.00205418 0 0.0284459 0
0.121213 0 -0.105492 0.00837974 0 -0.00216468 0 0.0291488 0
0.122602 0 -0.107403 0.00850428 0 -0.00227518 0 0.0298518 0
0.12399 0 -0.109315 0.00862882 0 -0.00238568 0 0.0305547 0
0.125378 0 -0.111227 0.00875336 0 -0.00249619 0 0.0312577 0
0.12676 0 -0.113227 0.00889139 0 -0.00262624 0 0.0320933 0
0.128141 0 -0.11523 0.00902974 0 -0.00275677 0 0.0329321 0
0.129522 0 -0.117232 0.0091681 0 -0.00288729 0 0.0337709 0
0.130903 0 -0.119235 0.00930645 0 -0.00301782 0 0.0346098 0
0.132284 0 -0.121237 0.0094448 0 -0.00314835 0 0.0354486 0
0.133665 0 -0.12324 0.00958315 0 -0.00327887 0 0.0362874 0
0.135046 0 -0.125242 0.0097215 0 -0.0034094 0 0.0371262 0
0.136427 0 -0.127245 0.00985986 0 -0.00353992 0 0.037965 0
0.137808 0 -0.129247 0.00999821 0 -0.00367045 0 0.0388038 0
0.139189 0 -0.13125 0.0101366 0 -0.00380097 0 0.0396426 0
0.140515 0 -0.133275 0.0102869 0 -0.00394989 0 0.040615 0
0.141835 0 -0.135302 0.0104384 0 -0.00410069 0 0.0416011 0
0.143155 0 -0.13733 0.01059 0 -0.00425149 0 0.0425872 0
0.144475 0 -0.139357 0.0107415 0 -0.00440229 0 0.0435732 0
0.145795 0 -0.141385 0.0108931 0 -0.00455309 0 0.0445593 0
0.147116 0 -0.143412 0.0110447 0 -0.00470389 0 0.0455454 0
0.148436 0 -0.14544 0.0111962 0 -0.00485469 0 0.0465315 0
0.149756 0 -0.147467 0.0113478 0 -0.00500549 0 0.0475175 0
0.151076 0 -0.149495 0.0114993 0 -0.00515629 0 0.0485036 0
0.152396 0 -0.151522 0.0116509 0 -0.00530709 0 0.0494897 0
0.153609 0 -0.153495 0.0118124 0 -0.00547431 0 0.0506057 0
0.154802 0 -0.155457 0.0119759 0 -0.00564474 0 0.0517469 0
0.155994 0 -0.15742 0.0121394 0 -0.00581516 0 0.0528882 0
0.157186 0 -0.159382 0.0123028 0 -0.00598558 0 0.0540295 0
0.158379 0 -0.161344 0.0124663 0 -0.00615601 0 0.0551707 0
0.159571 0 -0.163306 0.0126298 0 -0.00632643 0 0.056312 0
0.160763 0 -0.165269 0.0127933 0 -0.00649685 0 0.0574532 0
0.161956 0 -0.167231 0.0129567 0 -0.00666728 0 0.0585945 0
0.163148 0 -0.169193 0.0131202 0 -0.0068377 0 0.0597358 0
0.16434 0 -0.171156 0.0132837 0 -0.00700812 0 0.060877 0
0.165372 0 -0.172976 0.0134547 0 -0.00719219 0 0.0621392 0
0.166355 0 -0.174754 0.013628 0 -0.00738039 0 0.0634381 0
0.167338 0 -0.176532 0.0138013 0 -0.00756859 0 0.064737 0
0.168321 0 -0.178309 0.0139746 0 -0.00775679 0 0.0660359 0
0.169304 0 -0.180087 0.0141479 0 -0.00794498 0 0.0673347 0
0.170287 0 -0.181865 0.0143213 0 -0.00813318 0 0.0686336 0
0.17127 0 -0.183642 0.0144946 0 -0.00832138 0 0.0699325 0
0.172253 0 -0.18542 0.0146679 0 -0.00850958 0 0.0712314 0
0.173236 0 -0.187197 0.0148412 0 -0.00869778 0 0.0725303 0
0.174219 0 -0.188975 0.0150145 0 -0.00888598 0 0.0738291 0
0.174989 0 -0.190517 0.0151925 0 -0.00908423 0 0.075234 0
0.175666 0 -0.191956 0.0153726 0 -0.00928682 0 0.0766848 0
0.176344 0 -0.193396 0.0155527 0 -0.00948941 0 0.0781356 0
0.177021 0 -0.194835 0.0157328 0 -0.00969201 0 0.0795864 0
0.177699 0 -0.196275 0.0159128 0 -0.0098946 0 0.0810372 0
0.178377 0 -0.197714 0.0160929 0 -0.0100972 0 0.082488 0
0.179054 0 -0.199154 0.016273 0 -0.0102998 0 0.0839388 0
0.179732 0 -0.200593 0.0164531 0 -0.0105024 0 0.0853896 0
0.180409 0 -0.202033 0.0166332 0 -0.010705 0 0.0868404 0
0.181087 0 -0.203472 0.0168133 0 -0.0109076 0 0.0882912 0
0.181504 0 -0.204579 0.016995 0 -0.0111159 0 0.0898266 0
0.181767 0 -0.205488 0.0171777 0 -0.0113276 0 0.0914122 0
0.18203 0 -0.206397 0.0173604 0 -0.0115393 0 0.0929978 0
0.182293 0 -0.207306 0.0175431 0 -0.0117509 0 0.0945834 0
0.182556 0 -0.208216 0.0177258 0 -0.0119626 0 0.096169 0
0.18282 0 -0.209125 0.0179086 0 -0.0121743 0 0.0977546 0
0.183083 0 -0.210034 0.0180913 0 -0.012386 0 0.0993403 0
0.183346 0 -0.210943 0.018274 0 -0.0125977 0 0.100926 0
0.183609 0 -0.211852 0.0184567 0 -0.0128094 0 0.102511 0
0.183872 0 -0.212761 0.0186394 0 -0.0130211 0 0.104097 0
0.183838 0 -0.213244 0.0188206 0 -0.0132335 0 0.10574 0
0.183569 0 -0.213389 0.0190006 0 -0.0134467 0 0.107428 0
0.1833 0 -0.213534 0.0191807 0 -0.0136598 0 0.109115 0
0.183031 0 -0.213679 0.0193607 0 -0.013873 0 0.110803 0
0.182762 0 -0.213823 0.0195407 0 -0.0140861 0 0.112491 0
0.182493 0 -0.213968 0.0197207 0 -0.0142992 0 0.114179 0
0.182224 0 -0.214113 0.0199008 0 -0.0145124 0 0.115867 0
0.181955 0 -0.214258 0.0200808 0 -0.0147255 0 0.117555 0
0.181686 0 -0.214403 0.0202608 0 -0.0149386 0 0.119242 0
0.181416 0 -0.214548 0.0204408 0 -0.0151518 0 0.12093 0
0.18083 0 -0.214184 0.0206164 0 -0.0153605 0 0.122642 0
0.17991 0 -0.213288 0.0207872 0 -0.0155647 0 0.12438 0
0.17899 0 -0.212392 0.020958 0 -0.0157689 0 0.126117 0
0.17807 0 -0.211496 0.0211288 0 -0.015973 0 0.127854 0
0.17715 0 -0.2106 0.0212997 0 -0.0161772 0 0.129592 0
0.176231 0 -0.209704 0.0214705 0 -0.0163814 0 0.131329 0
0.175311 0 -0.208809 0.0216413 0 -0.0165856 0 0.133066 0
0.174391 0 -0.207913 0.0218121 0 -0.0167897 0 0.134804 0
0.173471 0 -0.207017 0.021983 0 -0.0169939 0 0.136541 0
0.172551 0 -0.206121 0.0221538 0 -0.0171981 0 0.138278 0
0.171313 0 -0.204657 0.0223176 0 -0.0173928 0 0.140004 0
0.169632 0 -0.202405 0.0224716 0 -0.0175745 0 0.141713 0
0.167952 0 -0.200154 0.0226256 0 -0.0177562 0 0.143421 0
0.166271 0 -0.197902 0.0227796 0 -0.0179378 0 0.14513 0
0.16459 0 -0.19565 0.0229336 0 -0.0181195 0 0.146839 0
0.16291 0 -0.193398 0.0230877 0 -0.0183011 0 0.148548 0
0.161229 0 -0.191146 0.0232417 0 -0.0184828 0 0.150257 0
0.159548 0 -0.188894 0.0233957 0 -0.0186644 0 0.151965 0
0.157868 0 -0.186643 0.0235497 0 -0.0188461 0 0.153674 0
0.156187 0 -0.184391 0.0237037 0 -0.0190278 0 0.155383 0
0.154207 0 -0.181546 0.0238489 0 -0.0191956 0 0.157044 0
0.151669 0 -0.177594 0.0239775 0 -0.0193378 0 0.158616 0
0.14913 0 -0.173642 0.0241062 0 -0.0194799 0 0.160187 0
0.146592 0 -0.16969 0.0242348 0 -0.019622 0 0.161759 0
0.144053 0 -0.165738 0.0243634 0 -0.0197642 0 0.163331 0
0.141515 0 -0.161786 0.0244921 0 -0.0199063 0 0.164902 0
0.138976 0 -0.157833 0.0246207 0 -0.0200485 0 0.166474 0
0.136438 0 -0.153881 0.0247493 0 -0.0201906 0 0.168046 0
0.133899 0 -0.149929 0.024878 0 -0.0203327 0 0.169617 0
0.131361 0 -0.145977 0.0250066 0 -0.0204749 0 0.171189 0
0.128556 0 -0.14145 0.0251255 0 -0.0206002 0 0.172682 0
0.125062 0 -0.135435 0.0252192 0 -0.0206822 0 0.173973 0
0.121568 0 -0.129421 0.0253129 0 -0.0207642 0 0.175264 0
0.118074 0 -0.123407 0.0254066 0 -0.0208462 0 0.176555 0
0.11458 0 -0.117393 0.0255003 0 -0.0209282 0 0.177845 0
0.111086 0 -0.111379 0.025594 0 -0.0210102 0 0.179136 0
0.107592 0 -0.105365 0.0256876 0 -0.0210922 0 0.180427 0
0.104098 0 -0.0993503 0.0257813 0 -0.0211742 0 0.181717 0
0.100604 0 -0.0933361 0.025875 0 -0.0212562 0 0.183008 0
0.0971102 0 -0.0873219 0.0259687 0 -0.0213382 0 0.184299 0
0.0933848 0 -0.0807986 0.0260528 0 -0.0214025 0 0.185493 0
0.0887848 0 -0.0723519 0.0261005 0 -0.0214 0 0.18632 0
0.0841848 0 -0.0639053 0.0261482 0 -0.0213975 0 0.187148 0
0.0795848 0 -0.0554586 0.0261959 0 -0.0213951 0 0.187975 0
0.0749849 0 -0.0470119 0.0262436 0 -0.0213926 0 0.188803 0
0.0703849 0 -0.0385653 0.0262913 0 -0.0213901 0 0.18963 0
0.0657849 0 -0.0301186 0.026339 0 -0.0213876 0 0.190458 0
0.0611849 0 -0.0216719 0.0263867 0 -0.0213852 0 0.191286 0
0.0565849 0 -0.0132253 0.0264343 0 -0.0213827 0 0.192113 0
0.0519849 0 -0.00477859 0.026482 0 -0.0213802 0 0.192941 0
0.0471887 0 0.00405972 0.0265214 0 -0.0213621 0 0.193673 0
0.0411827 0 0.0153131 0.026509 0 -0.021247 0 0.193816 0
0.0351766 0 0.0265665 0.0264966 0 -0.021132 0 0.193959 0
0.0291705 0 0.0378199 0.0264843 0 -0.021017 0 0.194102 0
0.0231644 0 0.0490733 0.0264719 0 -0.020902 0 0.194244 0
0.0171583 0 0.0603267 0.0264595 0 -0.020787 0 0.194387 0
0.0111522 0 0.0715801 0.0264472 0 -0.020672 0 0.19453 0
0.00514609 0 0.0828336 0.0264348 0 -0.020557 0 0.194673 0
-0.000860005 0 0.094087 0.0264224 0 -0.020442 0 0.194816 0
-0.0068661 0 0.10534 0.0264101 0 -0.020327 0 0.194959 0
-0.0130085 0 0.116814 0.0263921 0 -0.0202019 0 0.195036 0
-0.0209685 0 0.131229 0.0263002 0 -0.0199428 0 0.194238 0
-0.0289285 0 0.145644 0.0262082 0 -0.0196836 0 0.193439 0
-0.0368885 0 0.160059 0.0261162 0 -0.0194245 0 0.19264 0
-0.0448485 0 0.174474 0.0260243 0 -0.0191653 0 0.191841 0
-0.0528085 0 0.188889 0.0259323 0 -0.0189062 0 0.191042 0
-0.0607686 0 0.203304 0.0258403 0 -0.018647 0 0.190244 0
-0.0687286 0 0.217719 0.0257484 0 -0.0183878 0 0.189445 0
-0.0766886 0 0.232134 0.0256564 0 -0.0181287 0 0.188646 0
-0.0846486 0 0.246549 0.0255644 0 -0.0178695 0 0.187847 0
-0.0926086 0 0.260964 0.0254725 0 -0.0176104 0 0.187048 0
-0.102021 0 0.277152 0.0252864 0 -0.0171893 0 0.185191 0
-0.111433 0 0.29334 0.0251003 0 -0.0167683 0 0.183334 0
-0.120846 0 0.309528 0.0249142 0 -0.0163473 0 0.181477 0
-0.130258 0 0.325716 0.0247281 0 -0.0159262 0 0.179619 0
-0.13967 0 0.341904 0.024542 0 -0.0155052 0 0.177762 0
-0.149083 0 0.358092 0.0243559 0 -0.0150842 0 0.175905 0
-0.158495 0 0.37428 0.0241698 0 -0.0146631 0 0.174048 0
-0.167907 0 0.390468 0.0239837 0 -0.0142421 0 0.17219 0
-0.17732 0 0.406656 0.0237977 0 -0.0138211 0 0.170333 0
-0.186732 0 0.422844 0.0236116 0 -0.0134 0 0.168476 0
-0.196464 0 0.437776 0.0233347 0 -0.012841 0 0.16574 0
-0.20622 0 0.452613 0.0230511 0 -0.0122716 0 0.162938 0
-0.215976 0 0.467451 0.0227674 0 -0.0117021 0 0.160135 0
-0.225732 0 0.482289 0.0224838 0 -0.0111327 0 0.157333 0
-0.235488 0 0.497126 0.0222001 0 -0.0105633 0 0.154531 0
-0.245244 0 0.511964 0.0219165 0 -0.0099939 0 0.151729 0
-0.255 0 0.526802 0.0216328 0 -0.00942449 0 0.148927 0
-0.264755 0 0.54164 0.0213492 0 -0.00885508 0 0.146125 0
-0.274511 0 0.556477 0.0210655 0 -0.00828566 0 0.143322 0
-0.284267 0 0.571315 0.0207819 0 -0.00771625 0 0.14052 0
-0.293968 0 0.584736 0.0204148 0 -0.00703333 0 0.136983 0
-0.30366 0 0.597926 0.0200343 0 -0.00633201 0 0.133326 0
-0.313352 0 0.611117 0.0196537 0 -0.00563069 0 0.12967 0
-0.323044 0 0.624308 0.0192731 0 -0.00492937 0 0.126013 0
-0.332735 0 0.637499 0.0188926 0 -0.00422805 0 0.122356 0
-0.342427 0 0.65069 0.018512 0 -0.00352673 0 0.1187 0
-0.352119 0 0.663881 0.0181314 0 -0.00282541 0 0.115043 0
-0.361811 0 0.677072 0.0177509 0 -0.00212408 0 0.111386 0
-0.371503 0 0.690263 0.0173703 0 -0.00142276 0 0.10773 0
-0.381194 0 0.703454 0.0169897 0 -0.00072144 0 0.104073 0
-0.390374 0 0.715152 0.0165376 0 6.92601e-05 0 0.0997794 0
-0.399418 0 0.726456 0.0160666 0 0.00088362 0 0.0953172 0
-0.408462 0 0.73776 0.0155956 0 0.00169798 0 0.0908549 0
-0.417506 0 0.749064 0.0151246 0 0.00251234 0 0.0863927 0
-0.42655 0 0.760368 0.0146536 0 0.0033267 0 0.0819304 0
-0.435594 0 0.771671 0.0141826 0 0.00414106 0 0.0774681 0
-0.444637 0 0.782975 0.0137116 0 0.00495542 0 0.0730059 0
-0.453681 0 0.794279 0.0132406 0 0.00576978 0 0.0685436 0
-0.462725 0 0.805583 0.0127696 0 0.00658414 0 0.0640814 0
-0.471769 0 0.816887 0.0122986 0 0.0073985 0 0.0596191 0
-0.479912 0 0.826682 0.0117714 0 0.00827927 0 0.0545764 0
-0.487706 0 0.835894 0.0112224 0 0.00918574 0 0.0493091 0
-0.4955 0 0.845106 0.0106735 0 0.0100922 0 0.0440418 0
-0.503294 0 0.854318 0.0101245 0 0.0109987 0 0.0387744 0
-0.511089 0 0.863529 0.00957558 0 0.0119052 0 0.0335071 0
-0.518883 0 0.872741 0.00902664 0 0.0128117 0 0.0282397 0
-0.526677 0 0.881953 0.00847769 0 0.0137181 0 0.0229724 0
-0.534471 0 0.891165 0.00792874 0 0.0146246 0 0.0177051 0
-0.542265 0 0.900376 0.00737979 0 0.0155311 0 0.0124377 0
-0.550059 0 0.909588 0.00683084 0 0.0164376 0 0.00717037 0
-0.55748 0 0.917731 0.00623487 0 0.0173933 0 0.00140632 0
-0.564701 0 0.925302 0.00561371 0 0.0183755 0 -0.00462383 0
-0.571923 0 0.932872 0.00499255 0 0.0193577 0 -0.010654 0
-0.579144 0 0.940443 0.00437139 0 0.0203399 0 -0.0166841 0
-0.586365 0 0.948014 0.00375023 0 0.0213221 0 -0.0227143 0
-0.593587 0 0.955584 0.00312907 0 0.0223043 0 -0.0287444 0
-0.600808 0 0.963155 0.00250791 0 0.0232864 0 -0.0347746 0
-0.608029 0 0.970725 0.00188675 0 0.0242686 0 -0.0408047 0
-0.61525 0 0.978296 0.00126559 0 0.0252508 0 -0.0468349 0
-0.622472 0 0.985866 0.000644427 0 0.026233 0 -0.052865 0
-0.624957 0 0.982512 2.8645e-05 0 0.0271499 0 -0.0587343 0
-0.624032 0 0.971292 -0.000583265 0 0.0280199 0 -0.0644877 0
-0.623106 0 0.960072 -0.00119517 0 0.0288899 0 -0.0702412 0
-0.622181 0 0.948852 -0.00180708 0 0.0297599 0 -0.0759947 0
-0.621256 0 0.937633 -0.00241899 0 0.0306299 0 -0.0817481 0
-0.620331 0 0.926413 -0.0030309 0 0.0314999 0 -0.0875016 0
-0.619406 0 0.915193 -0.00364281 0 0.0323698 0 -0.0932551 0
-0.618481 0 0.903973 -0.00425472 0 0.0332398 0 -0.0990085 0
-0.617556 0 0.892753 -0.00486663 0 0.0341098 0 -0.104762 0
-0.616631 0 0.881533 -0.00547854 0 0.0349798 0 -0.110515 0
-0.61535 0 0.870944 -0.00608216 0 0.0357987 0 -0.116201 0
-0.61373 0 0.860956 -0.00667787 0 0.0365688 0 -0.121823 0
-0.61211 0 0.850969 -0.00727358 0 0.0373389 0 -0.127445 0
-0.61049 0 0.840982 -0.00786929 0 0.038109 0 -0.133066 0
-0.608869 0 0.830994 -0.008465 0 0.0388791 0 -0.138688 0
-0.607249 0 0.821007 -0.00906071 0 0.0396492 0 -0.14431 0
-0.605629 0 0.81102 -0.00965641 0 0.0404193 0 -0.149931 0
-0.604009 0 0.801032 -0.0102521 0 0.0411894 0 -0.155553 0
-0.602389 0 0.791045 -0.0108478 0 0.0419596 0 -0.161175 0
-0.600769 0 0.781058 -0.0114435 0 0.0427297 0 -0.166796 0
-0.59907 0 0.771276 -0.0120313 0 0.0434577 0 -0.172377 0
-0.597272 0 0.761754 -0.012609 0 0.0441326 0 -0.177906 0
-0.595475 0 0.752232 -0.0131868 0 0.0448075 0 -0.183435 0
-0.593677 0 0.74271 -0.0137645 0 0.0454824 0 -0.188963 0
-0.59188 0 0.733188 -0.0143422 0 0.0461573 0 -0.194492 0
-0.590082 0 0.723666 -0.01492 0 0.0468322 0 -0.200021 0
-0.588285 0 0.714144 -0.0154977 0 0.0475071 0 -0.20555 0
-0.586487 0 0.704622 -0.0160754 0 0.0481819 0 -0.211079 0
-0.584689 0 0.6951 -0.0166532 0 0.0488568 0 -0.216608 0
-0.582892 0 0.685578 -0.0172309 0 0.0495317 0 -0.222137 0
-0.581063 0 0.676185 -0.0178016 0 0.0501725 0 -0.227642 0
-0.57918 0 0.667008 -0.0183605 0 0.0507556 0 -0.23311 0
-0.577298 0 0.657831 -0.0189194 0 0.0513387 0 -0.238577 0
-0.575416 0 0.648654 -0.0194784 0 0.0519218 0 -0.244044 0
-0.573533 0 0.639478 -0.0200373 0 0.052505 0 -0.249512 0
-0.571651 0 0.630301 -0.0205962 0 0.0530881 0 -0.254979 0
-0.569769 0 0.621124 -0.0211551 0 0.0536712 0 -0.260446 0
-0.567886 0 0.611947 -0.021714 0 0.0542543 0 -0.265913 0
-0.566004 0 0.602771 -0.0222729 0 0.0548375 0 -0.271381 0
-0.564121 0 0.593594 -0.0228318 0 0.0554206 0 -0.276848 0
-0.562225 0 0.584491 -0.0233849 0 0.0559767 0 -0.282305 0
-0.560295 0 0.57556 -0.0239245 0 0.0564705 0 -0.287737 0
-0.558366 0 0.566628 -0.0244641 0 0.0569643 0 -0.29317 0
-0.556437 0 0.557697 -0.0250037 0 0.0574581 0 -0.298603 0
-0.554507 0 0.548765 -0.0255433 0 0.0579519 0 -0.304035 0
-0.552578 0 0.539834 -0.026083 0 0.0584457 0 -0.309468 0
-0.550648 0 0.530903 -0.0266226 0 0.0589396 0 -0.3149 0
-0.548719 0 0.521971 -0.0271622 0 0.0594334 0 -0.320333 0
-0.54679 0 0.51304 -0.0277018 0 0.0599272 0 -0.325766 0
-0.54486 0 0.504108 -0.0282414 0 0.060421 0 -0.331198 0
-0.542922 0 0.495216 -0.0287765 0 0.0608944 0 -0.336629 0
-0.540957 0 0.486451 -0.0292964 0 0.0613006 0 -0.342052 0
-0.538991 0 0.477686 -0.0298164 0 0.0617067 0 -0.347475 0
-0.537025 0 0.468921 -0.0303363 0 0.0621129 0 -0.352899 0
-0.53506 0 0.460155 -0.0308563 0 0.062519 0 -0.358322 0
-0.533094 0 0.45139 -0.0313762 0 0.0629252 0 -0.363745 0
-0.531129 0 0.442625 -0.0318962 0 0.0633314 0 -0.369168 0
-0.529163 0 0.43386 -0.0324162 0 0.0637375 0 -0.374592 0
-0.527197 0 0.425095 -0.0329361 0 0.0641437 0 -0.380015 0
-0.525232 0 0.41633 -0.0334561 0 0.0645498 0 -0.385438 0
-0.523255 0 0.407605 -0.0339727 0 0.0649421 0 -0.390867 0
-0.52122 0 0.399085 -0.0344723 0 0.0652631 0 -0.396328 0
-0.519185 0 0.390566 -0.0349719 0 0.065584 0 -0.401789 0
-0.51715 0 0.382046 -0.0354716 0 0.065905 0 -0.407251 0
-0.515115 0 0.373526 -0.0359712 0 0.066226 0 -0.412712 0
-0.51308 0 0.365006 -0.0364708 0 0.0665469 0 -0.418173 0
-0.511045 0 0.356486 -0.0369704 0 0.0668679 0 -0.423634 0
-0.50901 0 0.347966 -0.03747 0 0.0671888 0 -0.429095 0
-0.506975 0 0.339447 -0.0379696 0 0.0675098 0 -0.434556 0
-0.50494 0 0.330927 -0.0384692 0 0.0678308 0 -0.440017 0
-0.502848 0 0.322529 -0.0389664 0 0.068145 0 -0.445484 0
-0.5002 0 0.31532 -0.0394395 0 0.0683939 0 -0.451008 0
-0.497551 0 0.308111 -0.0399126 0 0.0686428 0 -0.456533 0
-0.494902 0 0.300903 -0.0403857 0 0.0688916 0 -0.462058 0
-0.492254 0 0.293694 -0.0408588 0 0.0691405 0 -0.467582 0
-0.489605 0 0.286485 -0.041332 0 0.0693894 0 -0.473107 0
-0.486957 0 0.279276 -0.0418051 0 0.0696382 0 -0.478631 0
-0.484308 0 0.272067 -0.0422782 0 0.0698871 0 -0.484156 0
-0.481659 0 0.264859 -0.0427513 0 0.070136 0 -0.489681 0
-0.479011 0 0.25765 -0.0432245 0 0.0703849 0 -0.495205 0
-0.476349 0 0.25047 -0.0436968 0 0.0706323 0 -0.500732 0
-0.473146 0 0.244491 -0.0441379 0 0.0708214 0 -0.506352 0
-0.469943 0 0.238513 -0.044579 0 0.0710105 0 -0.511972 0
-0.46674 0 0.232534 -0.0450201 0 0.0711996 0 -0.517592 0
-0.463537 0 0.226555 -0.0454612 0 0.0713887 0 -0.523212 0
-0.460334 0 0.220577 -0.0459023 0 0.0715778 0 -0.528832 0
-0.457131 0 0.214598 -0.0463434 0 0.0717669 0 -0.534451 0
-0.453928 0 0.20862 -0.0467845 0 0.071956 0 -0.540071 0
-0.450724 0 0.202641 -0.0472256 0 0.072145 0 -0.545691 0
-0.447521 0 0.196662 -0.0476667 0 0.0723341 0 -0.551311 0
-0.444318 0 0.190684 -0.0481078 0 0.0725232 0 -0.556931 0
-0.440731 0 0.185637 -0.0485145 0 0.0726646 0 -0.562684 0
-0.437126 0 0.180635 -0.0489195 0 0.0728037 0 -0.568444 0
-0.43352 0 0.175633 -0.0493245 0 0.0729427 0 -0.574203 0
-0.429914 0 0.170631 -0.0497296 0 0.0730818 0 -0.579963 0
-0.426309 0 0.165629 -0.0501346 0 0.0732209 0 -0.585723 0
-0.422703 0 0.160627 -0.0505396 0 0.0733599 0 -0.591482 0
-0.419097 0 0.155625 -0.0509447 0 0.073499 0 -0.597242 0
-0.415492 0 0.150623 -0.0513497 0 0.0736381 0 -0.603001 0
-0.411886 0 0.145622 -0.0517548 0 0.0737772 0 -0.608761 0
-0.40828 0 0.14062 -0.0521598 0 0.0739162 0 -0.614521 0
-0.404896 0 0.135673 -0.0525352 0 0.0740116 0 -0.62046 0
-0.40154 0 0.130733 -0.0529067 0 0.0741013 0 -0.626422 0
-0.398185 0 0.125794 -0.0532781 0 0.074191 0 -0.632385 0
-0.394829 0 0.120854 -0.0536496 0 0.0742807 0 -0.638348 0
-0.391474 0 0.115914 -0.0540211 0 0.0743703 0 -0.64431 0
-0.388118 0 0.110975 -0.0543926 0 0.07446 0 -0.650273 0
-0.384763 0 0.106035 -0.0547641 0 0.0745497 0 -0.656236 0
-0.381407 0 0.101096 -0.0551355 0 0.0746393 0 -0.662198 0
-0.378052 0 0.0961561 -0.055507 0 0.074729 0 -0.668161 0
-0.374696 0 0.0912165 -0.0558785 0 0.0748187 0 -0.674123 0
-0.370124 0 0.0901254 -0.0562105 0 0.0749066 0 -0.680236 0
-0.365273 0 0.089914 -0.0565335 0 0.0749942 0 -0.686382 0
-0.360422 0 0.0897026 -0.0568564 0 0.0750817 0 -0.692529 0
-0.355571 0 0.0894912 -0.0571794 0 0.0751693 0 -0.698675 0
-0.35072 0 0.0892797 -0.0575024 0 0.0752569 0 -0.704822 0
-0.345869 0 0.0890683 -0.0578253 0 0.0753444 0 -0.710968 0
-0.341018 0 0.0888569 -0.0581483 0 0.075432 0 -0.717115 0
-0.336166 0 0.0886455 -0.0584713 0 0.0755195 0 -0.723261 0
-0.331315 0 0.088434 -0.0587943 0 0.0756071 0 -0.729408 0
-0.326464 0 0.0882226 -0.0591172 0 0.0756947 0 -0.735554 0
-0.320451 0 0.0917148 -0.0593925 0 0.0758177 0 -0.741837 0
-0.314039 0 0.0964801 -0.0596513 0 0.0759529 0 -0.748166 0
-0.307627 0 0.101245 -0.0599102 0 0.0760881 0 -0.754496 0
-0.301214 0 0.106011 -0.060169 0 0.0762233 0 -0.760826 0
-0.294802 0 0.110776 -0.0604279 0 0.0763585 0 -0.767155 0
-0.28839 0 0.115541 -0.0606867 0 0.0764937 0 -0.773485 0
-0.281977 0 0.120307 -0.0609456 0 0.0766289 0 -0.779815 0
-0.275565 0 0.125072 -0.0612044 0 0.0767641 0 -0.786144 0
-0.269153 0 0.129837 -0.0614632 0 0.0768994 0 -0.792474 0
-0.26274 0 0.134602 -0.0617221 0 0.0770346 0 -0.798804 0
-0.2565 0 0.139323 -0.0619394 0 0.0772015 0 -0.805279 0
-0.250342 0 0.144021 -0.0621367 0 0.0773837 0 -0.811825 0
-0.244184 0 0.14872 -0.0623339 0 0.0775659 0 -0.818371 0
-0.238026 0 0.153418 -0.0625312 0 0.0777481 0 -0.824916 0
-0.231869 0 0.158117 -0.0627285 0 0.0779302 0 -0.831462 0
-0.225711 0 0.162815 -0.0629258 0 0.0781124 0 -0.838008 0
-0.219553 0 0.167514 -0.063123 0 0.0782946 0 -0.844553 0
-0.213395 0 0.172212 -0.0633203 0 0.0784768 0 -0.851099 0
-0.207237 0 0.176911 -0.0635176 0 0.078659 0 -0.857645 0
-0.20108 0 0.181609 -0.0637148 0 0.0788412 0 -0.86419 0
-0.195248 0 0.186055 -0.0638781 0 0.0790493 0 -0.870835 0
-0.18963 0 0.190336 -0.0640192 0 0.0792743 0 -0.877545 0
-0.184012 0 0.194616 -0.0641603 0 0.0794993 0 -0.884256 0
-0.178395 0 0.198897 -0.0643014 0 0.0797243 0 -0.890966 0
-0.172777 0 0.203177 -0.0644425 0 0.0799493 0 -0.897676 0
-0.167159 0 0.207458 -0.0645836 0 0.0801743 0 -0.904386 0
-0.161541 0 0.211739 -0.0647247 0 0.0803993 0 -0.911096 0
-0.155923 0 0.216019 -0.0648658 0 0.0806243 0 -0.917806 0
-0.150305 0 0.2203 -0.0650068 0 0.0808493 0 -0.924516 0
-0.144687 0 0.224581 -0.0651479 0 0.0810743 0 -0.931226 0
-0.138279 0 0.231081 -0.0652511 0 0.0813444 0 -0.937904 0
-0.131184 0 0.239513 -0.0653212 0 0.0816537 0 -0.944554 0
-0.12409 0 0.247945 -0.0653914 0 0.0819631 0 -0.951204 0
-0.116995 0 0.256376 -0.0654615 0 0.0822724 0 -0.957854 0
-0.1099 0 0.264808 -0.0655316 0 0.0825817 0 -0.964505 0
-0.102806 0 0.273239 -0.0656018 0 0.082891 0 -0.971155 0
-0.0957109 0 0.281671 -0.0656719 0 0.0832003 0 -0.977805 0
-0.0886162 0 0.290102 -0.0657421 0 0.0835096 0 -0.984455 0
-0.0815215 0 0.298534 -0.0658122 0 0.083819 0 -0.991105 0
-0.0744268 0 0.306965 -0.0658824 0 0.0841283 0 -0.997755 0
-0.0669768 0 0.315479 -0.065916 0 0.0844776 0 -1.00428 0
-0.0591183 0 0.324086 -0.0659075 0 0.084873 0 -1.01067 0
-0.0512598 0 0.332693 -0.0658991 0 0.0852684 0 -1.01705 0
-0.0434013 0 0.3413 -0.0658906 0 0.0856638 0 -1.02344 0
-0.0355427 0 0.349907 -0.0658822 0 0.0860592 0 -1.02982 0
-0.0276842 0 0.358514 -0.0658737 0 0.0864546 0 -1.0362 0
-0.0198257 0 0.367121 -0.0658653 0 0.08685 0 -1.04259 0
-0.0119672 0 0.375728 -0.0658569 0 0.0872453 0 -1.04897 0
-0.00410864 0 0.384335 -0.0658484 0 0.0876407 0 -1.05536 0
0.00374989 0 0.392942 -0.06584 0 0.0880361 0 -1.06174 0
0.0120477 0 0.401938 -0.0657961 0 0.0884694 0 -1.06799 0
0.0210175 0 0.41153 -0.0656979 0 0.0889607 0 -1.07403 0
0.0299872 0 0.421122 -0.0655998 0 0.089452 0 -1.08007 0
0.0389569 0 0.430714 -0.0655016 0 0.0899433 0 -1.08611 0
0.0479267 0 0.440306 -0.0654035 0 0.0904346 0 -1.09215 0
0.0568964 0 0.449897 -0.0653054 0 0.090926 0 -1.09819 0
0.0658662 0 0.459489 -0.0652072 0 0.0914173 0 -1.10423 0
0.0748359 0 0.469081 -0.0651091 0 0.0919086 0 -1.11028 0
0.0838056 0 0.478673 -0.0650109 0 0.0923999 0 -1.11632 0
0.0927754 0 0.488265 -0.0649128 0 0.0928912 0 -1.12236 0
0.102074 0 0.498192 -0.0647822 0 0.0934171 0 -1.1283 0
0.112055 0 0.508813 -0.0645842 0 0.0940146 0 -1.13404 0
0.122036 0 0.519435 -0.0643863 0 0.0946121 0 -1.13978 0
0.132016 0 0.530057 -0.0641883 0 0.0952096 0 -1.14553 0
0.141997 0 0.540678 -0.0639904 0 0.0958072 0 -1.15127 0
0.151978 0 0.5513 -0.0637924 0 0.0964047 0 -1.15701 0
0.161958 0 0.561921 -0.0635945 0 0.0970022 0 -1.16275 0
0.171939 0 0.572543 -0.0633965 0 0.0975997 0 -1.1685 0
0.18192 0 0.583165 -0.0631986 0 0.0981972 0 -1.17424 0
0.1919 0 0.593786 -0.0630006 0 0.0987948 0 -1.17998 0
0.20204 0 0.604598 -0.0627756 0 0.0994214 0 -1.18567 0
0.212643 0 0.615963 -0.0624716 0 0.100133 0 -1.1912 0
0.223246 0 0.627327 -0.0621676 0 0.100844 0 -1.19674 0
0.23385 0 0.638692 -0.0618636 0 0.101555 0 -1.20228 0
0.244453 0 0.650056 -0.0615597 0 0.102266 0 -1.20781 0
0.255056 0 0.661421 -0.0612557 0 0.102977 0 -1.21335 0
0.265659 0 0.672785 -0.0609517 0 0.103688 0 -1.21888 0
0.276262 0 0.68415 -0.0606477 0 0.1044 0 -1.22442 0
0.286865 0 0.695515 -0.0603438 0 0.105111 0 -1.22995 0
0.297468 0 0.706879 -0.0600398 0 0.105822 0 -1.23549 0
0.308088 0 0.718341 -0.0597159 0 0.106555 0 -1.241 0
0.318784 0 0.73023 -0.059305 0 0.107385 0 -1.24641 0
0.329479 0 0.742118 -0.058894 0 0.108215 0 -1.25181 0
0.340175 0 0.754006 -0.0584831 0 0.109045 0 -1.25722 0
0.350871 0 0.765895 -0.0580722 0 0.109875 0 -1.26263 0
0.361566 0 0.777783 -0.0576612 0 0.110705 0 -1.26803 0
0.372262 0 0.789672 -0.0572503 0 0.111535 0 -1.27344 0
0.382957 0 0.80156 -0.0568394 0 0.112366 0 -1.27884 0
0.393653 0 0.813448 -0.0564284 0 0.113196 0 -1.28425 0
0.404348 0 0.825337 -0.0560175 0 0.114026 0 -1.28966 0
0.41499 0 0.837854 -0.0555947 0 0.114876 0 -1.29497 0
0.425227 0 0.855148 -0.0550814 0 0.115879 0 -1.29962 0
0.435463 0 0.872441 -0.0545681 0 0.116882 0 -1.30427 0
0.445699 0 0.889735 -0.0540548 0 0.117885 0 -1.30891 0
0.455936 0 0.907029 -0.0535415 0 0.118888 0 -1.31356 0
0.466172 0 0.924323 -0.0530282 0 0.119891 0 -1.31821 0
0.476408 0 0.941617 -0.0525149 0 0.120894 0 -1.32286 0
0.486645 0 0.95891 -0.0520016 0 0.121897 0 -1.3275 0
0.496881 0 0.976204 -0.0514883 0 0.1229 0 -1.33215 0
0.507118 0 0.993498 -0.050975 0 0.123903 0 -1.3368 0
0.517354 0 1.01094 -0.0504569 0 0.124915 0 -1.34139 0
0.527594 0 1.03145 -0.0498412 0 0.126123 0 -1.345 0
0.537835 0 1.05197 -0.0492255 0 0.127331 0 -1.34861 0
0.548075 0 1.07248 -0.0486098 0 0.12854 0 -1.35223 0
0.558315 0 1.09299 -0.0479941 0 0.129748 0 -1.35584 0
0.568555 0 1.1135 -0.0473784 0 0.130956 0 -1.35945 0
0.578795 0 1.13402 -0.0467627 0 0.132164 0 -1.36306 0
0.589035 0 1.15453 -0.046147 0 0.133372 0 -1.36667 0
0.599276 0 1.17504 -0.0455313 0 0.13458 0 -1.37028 0
0.609516 0 1.19555 -0.0449156 0 0.135788 0 -1.37389 0
0.619756 0 1.21606 -0.0442999 0 0.136996 0 -1.3775 0
0.630387 0 1.23746 -0.0435803 0 0.138414 0 -1.38003 0
0.641027 0 1.25889 -0.0428582 0 0.139836 0 -1.38254 0
0.651667 0 1.28031 -0.0421361 0 0.141258 0 -1.38505 0
0.662308 0 1.30173 -0.041414 0 0.142681 0 -1.38756 0
0.672948 0 1.32315 -0.0406919 0 0.144103 0 -1.39007 0
0.683588 0 1.34457 -0.0399698 0 0.145525 0 -1.39258 0
0.694228 0 1.36599 -0.0392477 0 0.146948 0 -1.39509 0
0.704868 0 1.38741 -0.0385256 0 0.14837 0 -1.3976 0
0.715508 0 1.40883 -0.0378035 0 0.149792 0 -1.40011 0
0.726149 0 1.43025 -0.0370814 0 0.151215 0 -1.40262 0
0.736878 0 1.45179 -0.0362619 0 0.152832 0 -1.40409 0
0.747616 0 1.47335 -0.0354324 0 0.15447 0 -1.40545 0
0.758354 0 1.4949 -0.034603 0 0.156108 0 -1.40682 0
0.769093 0 1.51646 -0.0337735 0 0.157746 0 -1.40818 0
0.779831 0 1.53801 -0.032944 0 0.159384 0 -1.40955 0
0.790569 0 1.55956 -0.0321145 0 0.161022 0 -1.41091 0
0.801308 0 1.58112 -0.031285 0 0.16266 0 -1.41228 0
0.812046 0 1.60267 -0.0304555 0 0.164297 0 -1.41364 0
0.822784 0 1.62422 -0.0296261 0 0.165935 0 -1.41501 0
0.833523 0 1.64578 -0.0287966 0 0.167573 0 -1.41637 0
0.844106 0 1.66688 -0.0278787 0 0.169387 0 -1.41676 0
0.854659 0 1.68788 -0.0269437 0 0.171235 0 -1.41695 0
0.865213 0 1.70889 -0.0260087 0 0.173083 0 -1.41714 0
0.875766 0 1.7299 -0.0250737 0 0.174931 0 -1.41734 0
0.886319 0 1.75091 -0.0241387 0 0.176779 0 -1.41753 0
0.896872 0 1.77192 -0.0232037 0 0.178627 0 -1.41773 0
0.907426 0 1.79293 -0.0222686 0 0.180475 0 -1.41792 0
0.917979 0 1.81394 -0.0213336 0 0.182323 0 -1.41811 0
0.928532 0 1.83495 -0.0203986 0 0.18417 0 -1.41831 0
0.939086 0 1.85596 -0.0194636 0 0.186018 0 -1.4185 0
0.949268 0 1.87607 -0.0184513 0 0.188019 0 -1.41778 0
0.959338 0 1.89592 -0.0174156 0 0.190065 0 -1.41679 0
0.969408 0 1.91577 -0.0163799 0 0.192112 0 -1.41579 0
0.979477 0 1.93561 -0.0153441 0 0.194158 0 -1.4148 0
0.989547 0 1.95546 -0.0143084 0 0.196204 0 -1.4138 0
0.999617 0 1.97531 -0.0132727 0 0.198251 0 -1.41281 0
1.00969 0 1.99516 -0.012237 0 0.200297 0 -1.41181 0
1.01976 0 2.015 -0.0112013 0 0.202344 0 -1.41082 0
1.02983 0 2.03485 -0.0101656 0 0.20439 0 -1.40982 0
1.0399 0 2.0547 -0.00912986 0 0.206436 0 -1.40883 0
1.04937 0 2.07326 -0.00802984 0 0.208609 0 -1.407 0
1.05859 0 2.09126 -0.00690195 0 0.210835 0 -1.4048 0
1.0678 0 2.10927 -0.00577407 0 0.213061 0 -1.40261 0
1.07702 0 2.12727 -0.00464619 0 0.215288 0 -1.40042 0
1.08624 0 2.14528 -0.0035183 0 0.217514 0 -1.39822 0
1.09546 0 2.16328 -0.00239042 0 0.219741 0 -1.39603 0
1.10467 0 2.18129 -0.00126254 0 0.221967 0 -1.39384 0
1.11389 0 2.19929 -0.000134655 0 0.224194 0 -1.39164 0
1.12311 0 2.2173 0.000993229 0 0.22642 0 -1.38945 0
1.13232 0 2.2353 0.00212111 0 0.228647 0 -1.38725 0
1.14067 0 2.25156 0.00329818 0 0.230969 0 -1.3843 0
1.1485 0 2.26677 0.0045044 0 0.233347 0 -1.38091 0
1.15634 0 2.28198 0.00571062 0 0.235726 0 -1.37751 0
1.16417 0 2.2972 0.00691684 0 0.238105 0 -1.37411 0
1.17201 0 2.31241 0.00812306 0 0.240483 0 -1.37071 0
1.17984 0 2.32762 0.00932928 0 0.242862 0 -1.36731 0
1.18767 0 2.34284 0.0105355 0 0.24524 0 -1.36391 0
1.19551 0 2.35805 0.0117417 0 0.247619 0 -1.36051 0
1.20334 0 2.37326 0.0129479 0 0.249998 0 -1.35712 0
1.21117 0 2.38848 0.0141542 0 0.252376 0 -1.35372 0
1.21776 0 2.40126 0.0153916 0 0.254815 0 -1.34965 0
1.22336 0 2.41211 0.0166539 0 0.257302 0 -1.34505 0
1.22896 0 2.42296 0.0179161 0 0.25979 0 -1.34046 0
1.23456 0 2.43381 0.0191783 0 0.262277 0 -1.33586 0
1.24017 0 2.44466 0.0204406 0 0.264764 0 -1.33127 0
1.24577 0 2.45552 0.0217028 0 0.267251 0 -1.32667 0
1.25137 0 2.46637 0.022965 0 0.269738 0 -1.32207 0
1.25697 0 2.47722 0.0242273 0 0.272225 0 -1.31748 0
1.26257 0 2.48807 0.0254895 0 0.274712 0 -1.31288 0
1.26817 0 2.49892 0.0267517 0 0.277199 0 -1.30829 0
1.27053 0 2.50037 0.0280089 0 0.279646 0 -1.30342 0
1.26949 0 2.49195 0.0292607 0 0.282049 0 -1.29828 0
1.26846 0 2.48354 0.0305126 0 0.284452 0 -1.29314 0
1.26742 0 2.47513 0.0317644 0 0.286855 0 -1.288 0
1.26638 0 2.46672 0.0330163 0 0.289258 0 -1.28286 0
1.26534 0 2.4583 0.0342682 0 0.29166 0 -1.27772 0
1.26431 0 2.44989 0.03552 0 0.294063 0 -1.27257 0
1.26327 0 2.44148 0.0367719 0 0.296466 0 -1.26743 0
1.26223 0 2.43307 0.0380237 0 0.298869 0 -1.26229 0
1.26119 0 2.42465 0.0392756 0 0.301272 0 -1.25715 0
1.26042 0 2.41567 0.0405257 0 0.303635 0 -1.25191 0
1.26 0 2.40591 0.0417734 0 0.30594 0 -1.24652 0
1.25959 0 2.39614 0.0430212 0 0.308245 0 -1.24113 0
1.25918 0 2.38638 0.0442689 0 0.310551 0 -1.23574 0
1.25876 0 2.37661 0.0455166 0 0.312856 0 -1.23035 0
1.25835 0 2.36685 0.0467643 0 0.315161 0 -1.22496 0
1.25794 0 2.35708 0.0480121 0 0.317467 0 -1.21957 0
1.25753 0 2.34732 0.0492598 0 0.319772 0 -1.21418 0
1.25711 0 2.33755 0.0505075 0 0.322077 0 -1.20879 0
1.2567 0 2.32778 0.0517552 0 0.324383 0 -1.2034 0
1.25651 0 2.31761 0.0530037 0 0.32665 0 -1.19802 0
1.25673 0 2.30667 0.0542537 0 0.328846 0 -1.19264 0
1.25696 0 2.29573 0.0555037 0 0.331042 0 -1.18727 0
1.25719 0 2.28479 0.0567537 0 0.333238 0 -1.1819 0
1.25741 0 2.27385 0.0580037 0 0.335434 0 -1.17653 0
1.25764 0 2.26291 0.0592536 0 0.33763 0 -1.17115 0
1.25786 0 2.25197 0.0605036 0 0.339826 0 -1.16578 0
1.25809 0 2.24103 0.0617536 0 0.342021 0 -1.16041 0
1.25831 0 2.23009 0.0630036 0 0.344217 0 -1.15504 0
1.25854 0 2.21915 0.0642536 0 0.346413 0 -1.14966 0
1.259 0 2.20801 0.0655066 0 0.348577 0 -1.14435 0
1.26008 0 2.19636 0.0667674 0 0.350656 0 -1.13919 0
1.26117 0 2.18471 0.0680282 0 0.352736 0 -1.13403 0
1.26225 0 2.17306 0.069289 0 0.354815 0 -1.12887 0
1.26333 0 2.16141 0.0705498 0 0.356895 0 -1.1237 0
1.26441 0 2.14976 0.0718106 0 0.358974 0 -1.11854 0
1.26549 0 2.13811 0.0730714 0 0.361053 0 -1.11338 0
1.26658 0 2.12646 0.0743321 0 0.363133 0 -1.10822 0
1.26766 0 2.11481 0.0755929 0 0.365212 0 -1.10306 0
1.26874 0 2.10316 0.0768537 0 0.367292 0 -1.0979 0
1.26999 0 2.09144 0.0781185 0 0.369346 0 -1.09281 0
1.27189 0 2.07945 0.0793983 0 0.371306 0 -1.08798 0
1.27379 0 2.06747 0.0806781 0 0.373265 0 -1.08314 0
1.27569 0 2.05549 0.0819579 0 0.375225 0 -1.07831 0
1.27759 0 2.0435 0.0832376 0 0.377184 0 -1.07348 0
1.27948 0 2.03152 0.0845174 0 0.379144 0 -1.06865 0
1.28138 0 2.01954 0.0857972 0 0.381104 0 -1.06382 0
1.28328 0 2.00755 0.087077 0 0.383063 0 -1.05899 0
1.28518 0 1.99557 0.0883568 0 0.385023 0 -1.05416 0
1.28708 0 1.98359 0.0896366 0 0.386983 0 -1.04933 0
1.289 0 1.97156 0.0909192 0 0.388925 0 -1.04455 0
1.29105 0 1.9593 0.0922195 0 0.390762 0 -1.04009 0
1.2931 0 1.94703 0.0935198 0 0.392599 0 -1.03564 0
1.29515 0 1.93476 0.09482 0 0.394436 0 -1.03118 0
1.2972 0 1.92249 0.0961203 0 0.396273 0 -1.02673 0
1.29925 0 1.91022 0.0974206 0 0.39811 0 -1.02227 0
1.3013 0 1.89795 0.0987209 0 0.399946 0 -1.01781 0
1.30335 0 1.88568 0.100021 0 0.401783 0 -1.01336 0
1.3054 0 1.87341 0.101321 0 0.40362 0 -1.0089 0
1.30745 0 1.86114 0.102622 0 0.405457 0 -1.00444 0
1.30948 0 1.84887 0.103923 0 0.407285 0 -1.00001 0
1.31133 0 1.83655 0.105242 0 0.408999 0 -0.995928 0
1.31318 0 1.82424 0.106561 0 0.410713 0 -0.991844 0
1.31502 0 1.81192 0.10788 0 0.412427 0 -0.98776 0
1.31687 0 1.79961 0.109198 0 0.414141 0 -0.983676 0
1.31872 0 1.7873 0.110517 0 0.415854 0 -0.979592 0
1.32056 0 1.77498 0.111836 0 0.417568 0 -0.975508 0
1.32241 0 1.76267 0.113155 0 0.419282 0 -0.971424 0
1.32426 0 1.75035 0.114473 0 0.420996 0 -0.96734 0
1.3261 0 1.73804 0.115792 0 0.422709 0 -0.963256 0
1.32795 0 1.72573 0.117111 0 0.424423 0 -0.959172 0
1.32946 0 1.7136 0.118445 0 0.426016 0 -0.955435 0
1.33098 0 1.70147 0.119779 0 0.427608 0 -0.951699 0
1.3325 0 1.68934 0.121113 0 0.429201 0 -0.947962 0
1.33401 0 1.67721 0.122446 0 0.430793 0 -0.944226 0
1.33553 0 1.66509 0.12378 0 0.432386 0 -0.940489 0
1.33704 0 1.65296 0.125114 0 0.433978 0 -0.936753 0
1.33856 0 1.64083 0.126448 0 0.435571 0 -0.933016 0
1.34008 0 1.6287 0.127782 0 0.437163 0 -0.92928 0
1.34159 0 1.61657 0.129116 0 0.438756 0 -0.925543 0
1.34311 0 1.60445 0.13045 0 0.440348 0 -0.921806 0
1.34426 0 1.59259 0.131794 0 0.44183 0 -0.918359 0
1.34538 0 1.58076 0.133139 0 0.443305 0 -0.914933 0
1.3465 0 1.56892 0.134484 0 0.444779 0 -0.911506 0
1.34762 0 1.55709 0.13583 0 0.446253 0 -0.90808 0
1.34874 0 1.54525 0.137175 0 0.447727 0 -0.904654 0
1.34986 0 1.53342 0.13852 0 0.449201 0 -0.901228 0
1.35098 0 1.52158 0.139865 0 0.450675 0 -0.897802 0
1.3521 0 1.50975 0.14121 0 0.452149 0 -0.894376 0
1.35322 0 1.49791 0.142555 0 0.453624 0 -0.890949 0
1.35434 0 1.48608 0.1439 0 0.455098 0 -0.887523 0
1.35513 0 1.47452 0.145252 0 0.456473 0 -0.884329 0
1.35585 0 1.463 0.146604 0 0.457832 0 -0.881173 0
1.35658 0 1.45149 0.147956 0 0.459191 0 -0.878016 0
1.35731 0 1.43997 0.149309 0 0.46055 0 -0.87486 0
1.35803 0 1.42845 0.150661 0 0.461909 0 -0.871703 0
1.35876 0 1.41694 0.152014 0 0.463268 0 -0.868547 0
1.35949 0 1.40542 0.153366 0 0.464627 0 -0.86539 0
1.36021 0 1.39391 0.154718 0 0.465986 0 -0.862234 0
1.36094 0 1.38239 0.156071 0 0.467345 0 -0.859077 0
1.36167 0 1.37088 0.157423 0 0.468704 0 -0.85592 0
1.36212 0 1.3596 0.158779 0 0.469974 0 -0.852947 0
1.36251 0 1.34838 0.160135 0 0.471221 0 -0.850021 0
1.36289 0 1.33716 0.161491 0 0.472468 0 -0.847096 0
1.36328 0 1.32595 0.162847 0 0.473714 0 -0.84417 0
1.36366 0 1.31473 0.164203 0 0.474961 0 -0.841245 0
1.36405 0 1.30352 0.16556 0 0.476208 0 -0.83832 0
1.36443 0 1.2923 0.166916 0 0.477455 0 -0.835394 0
1.36481 0 1.28108 0.168272 0 0.478702 0 -0.832469 0
1.3652 0 1.26987 0.169628 0 0.479949 0 -0.829543 0
1.36558 0 1.25865 0.170985 0 0.481195 0 -0.826618 0
1.36578 0 1.24762 0.172342 0 0.482363 0 -0.823835 0
1.3659 0 1.23667 0.173699 0 0.4835 0 -0.821108 0
1.36602 0 1.22571 0.175057 0 0.484638 0 -0.818382 0
1.36614 0 1.21475 0.176414 0 0.485775 0 -0.815655 0
1.36626 0 1.2038 0.177771 0 0.486912 0 -0.812928 0
1.36638 0 1.19284 0.179129 0 0.488049 0 -0.810201 0
1.36651 0 1.18189 0.180486 0 0.489187 0 -0.807474 0
1.36663 0 1.17093 0.181844 0 0.490324 0 -0.804747 0
1.36675 0 1.15997 0.183201 0 0.491461 0 -0.80202 0
1.36687 0 1.14902 0.184559 0 0.492599 0 -0.799293 0
1.36688 0 1.1382 0.185916 0 0.493666 0 -0.796679 0
1.36683 0 1.12746 0.187273 0 0.494696 0 -0.794126 0
1.36678 0 1.11672 0.18863 0 0.495726 0 -0.791573 0
1.36673 0 1.10599 0.189987 0 0.496755 0 -0.78902 0
1.36668 0 1.09525 0.191344 0 0.497785 0 -0.786467 0
1.36663 0 1.08451 0.1927 0 0.498815 0 -0.783914 0
1.36658 0 1.07377 0.194057 0 0.499845 0 -0.781361 0
1.36653 0 1.06303 0.195414 0 0.500875 0 -0.778808 0
1.36648 0 1.05229 0.196771 0 0.501905 0 -0.776255 0
1.36643 0 1.04155 0.198128 0 0.502935 0 -0.773702 0
1.36634 0 1.03091 0.199484 0 0.503903 0 -0.771242 0
1.36621 0 1.02035 0.20084 0 0.504827 0 -0.768847 0
1.36608 0 1.00979 0.202196 0 0.505752 0 -0.766453 0
1.36595 0 0.99923 0.203551 0 0.506676 0 -0.764058 0
1.36582 0 0.988668 0.204907 0 0.5076 0 -0.761664 0
1.36569 0 0.978107 0.206263 0 0.508524 0 -0.759269 0
1.36556 0 0.967546 0.207618 0 0.509449 0 -0.756875 0
1.36543 0 0.956985 0.208974 0 0.510373 0 -0.75448 0
1.3653 0 0.946424 0.21033 0 0.511297 0 -0.752086 0
1.36518 0 0.935862 0.211685 0 0.512221 0 -0.749691 0
1.36508 0 0.925477 0.213041 0 0.513093 0 -0.747376 0
1.36502 0 0.91526 0.214396 0 0.513916 0 -0.745136 0
1.36496 0 0.905043 0.215751 0 0.514738 0 -0.742896 0
1.3649 0 0.894826 0.217106 0 0.51556 0 -0.740656 0
1.36484 0 0.884609 0.218461 0 0.516382 0 -0.738417 0
1.36478 0 0.874392 0.219816 0 0.517204 0 -0.736177 0
1.36472 0 0.864175 0.221171 0 0.518026 0 -0.733937 0
1.36466 0 0.853958 0.222526 0 0.518848 0 -0.731697 0
1.3646 0 0.84374 0.223881 0 0.51967 0 -0.729458 0
1.36454 0 0.833523 0.225236 0 0.520492 0 -0.727218 0
1.36452 0 0.823497 0.226591 0 0.521271 0 -0.725039 0
1.36456 0 0.813711 0.227947 0 0.521995 0 -0.722938 0
1.36461 0 0.803926 0.229302 0 0.52272 0 -0.720837 0
1.36465 0 0.794141 0.230658 0 0.523444 0 -0.718736 0
1.36469 0 0.784355 0.232013 0 0.524168 0 -0.716635 0
1.36473 0 0.77457 0.233369 0 0.524892 0 -0.714534 0
1.36478 0 0.764784 0.234724 0 0.525616 0 -0.712433 0
1.36482 0 0.754999 0.23608 0 0.526341 0 -0.710332 0
1.36486 0 0.745213 0.237435 0 0.527065 0 -0.708231 0
1.3649 0 0.735428 0.238791 0 0.527789 0 -0.70613 0
1.36495 0 0.725757 0.240146 0 0.528478 0 -0.704068 0
1.36503 0 0.716279 0.241503 0 0.529108 0 -0.702072 0
1.3651 0 0.706801 0.242859 0 0.529737 0 -0.700075 0
1.36517 0 0.697324 0.244215 0 0.530366 0 -0.698079 0
1.36524 0 0.687846 0.245571 0 0.530996 0 -0.696083 0
1.36531 0 0.678369 0.246927 0 0.531625 0 -0.694086 0
1.36538 0 0.668891 0.248283 0 0.532255 0 -0.69209 0
1.36545 0 0.659413 0.24964 0 0.532884 0 -0.690094 0
1.36552 0 0.649936 0.250996 0 0.533514 0 -0.688097 0
1.36559 0 0.640458 0.252352 0 0.534143 0 -0.686101 0
1.36565 0 0.631033 0.253708 0 0.534745 0 -0.684124 0
1.36569 0 0.621728 0.255065 0 0.535281 0 -0.682193 0
1.36573 0 0.612423 0.256421 0 0.535817 0 -0.680261 0
1.36577 0 0.603118 0.257778 0 0.536354 0 -0.678329 0
1.36581 0 0.593813 0.259135 0 0.53689 0 -0.676398 0
1.36585 0 0.584508 0.260491 0 0.537427 0 -0.674466 0
1.36589 0 0.575203 0.261848 0 0.537963 0 -0.672535 0
1.36593 0 0.565898 0.263204 0 0.538499 0 -0.670603 0
1.36597 0 0.556593 0.264561 0 0.539036 0 -0.668672 0
1.36601 0 0.547288 0.265917 0 0.539572 0 -0.66674 0
1.36604 0 0.537997 0.267274 0 0.540087 0 -0.664815 0
1.36602 0 0.528752 0.26863 0 0.540531 0 -0.662912 0
1.366 0 0.519507 0.269987 0 0.540975 0 -0.661009 0
1.36598 0 0.510262 0.271343 0 0.541419 0 -0.659106 0
1.36596 0 0.501016 0.2727 0 0.541863 0 -0.657203 0
1.36594 0 0.491771 0.274056 0 0.542307 0 -0.6553 0
1.36592 0 0.482526 0.275412 0 0.542751 0 -0.653397 0
1.3659 0 0.473281 0.276769 0 0.543195 0 -0.651494 0
1.36588 0 0.464036 0.278125 0 0.543639 0 -0.649591 0
1.36586 0 0.454791 0.279481 0 0.544083 0 -0.647688 0
1.36584 0 0.445543 0.280838 0 0.544512 0 -0.645785 0
1.36576 0 0.436283 0.282193 0 0.544863 0 -0.643883 0
1.36568 0 0.427022 0.283549 0 0.545214 0 -0.641981 0
1.3656 0 0.417762 0.284904 0 0.545566 0 -0.640078 0
1.36552 0 0.408501 0.28626 0 0.545917 0 -0.638176 0
1.36544 0 0.399241 0.287616 0 0.546268 0 -0.636274 0
1.36537 0 0.38998 0.288971 0 0.54662 0 -0.634372 0
1.36529 0 0.38072 0.290327 0 0.546971 0 -0.63247 0
1.36521 0 0.371459 0.291683 0 0.547322 0 -0.630568 0
1.36513 0 0.362198 0.293038 0 0.547674 0 -0.628666 0
1.36505 0 0.352933 0.294394 0 0.548016 0 -0.626762 0
1.36493 0 0.343616 0.295748 0 0.548275 0 -0.624843 0
1.36481 0 0.3343 0.297102 0 0.548533 0 -0.622924 0
1.36469 0 0.324984 0.298457 0 0.548791 0 -0.621005 0
1.36457 0 0.315667 0.299811 0 0.549049 0 -0.619086 0
1.36445 0 0.306351 0.301166 0 0.549307 0 -0.617166 0
1.36433 0 0.297034 0.30252 0 0.549565 0 -0.615247 0
1.36421 0 0.287718 0.303874 0 0.549824 0 -0.613328 0
1.36409 0 0.278402 0.305229 0 0.550082 0 -0.611409 0
1.36397 0 0.269085 0.306583 0 0.55034 0 -0.60949 0
1.36385 0 0.259767 0.307938 0 0.550596 0 -0.60757 0
1.36371 0 0.250379 0.309291 0 0.55076 0 -0.605624 0
1.36357 0 0.24099 0.310644 0 0.550925 0 -0.603678 0
1.36343 0 0.231601 0.311997 0 0.551089 0 -0.601732 0
1.3633 0 0.222213 0.31335 0 0.551253 0 -0.599785 0
1.36316 0 0.212824 0.314703 0 0.551417 0 -0.597839 0
1.36302 0 0.203435 0.316056 0 0.551582 0 -0.595893 0
1.36288 0 0.194047 0.317409 0 0.551746 0 -0.593947 0
1.36274 0 0.184658 0.318762 0 0.55191 0 -0.592001 0
1.3626 0 0.175269 0.320115 0 0.552075 0 -0.590055 0
1.36246 0 0.165881 0.321468 0 0.552239 0 -0.588108 0
1.36232 0 0.15642 0.322819 0 0.552313 0 -0.586133 0
1.36218 0 0.146956 0.324171 0 0.552383 0 -0.584156 0
1.36205 0 0.137491 0.325523 0 0.552452 0 -0.582179 0
1.36191 0 0.128027 0.326874 0 0.552522 0 -0.580202 0
1.36177 0 0.118563 0.328226 0 0.552592 0 -0.578225 0
1.36163 0 0.109099 0.329578 0 0.552661 0 -0.576248 0
1.36149 0 0.0996345 0.330929 0 0.552731 0 -0.574271 0
1.36135 0 0.0901702 0.332281 0 0.552801 0 -0.572294 0
1.36122 0 0.080706 0.333633 0 0.55287 0 -0.570317 0
1.36108 0 0.0712418 0.334984 0 0.55294 0 -0.56834 0
1.36095 0 0.0617129 0.336335 0 0.552925 0 -0.566337 0
1.36083 0 0.0521756 0.337685 0 0.5529 0 -0.564329 0
1.3607 0 0.0426382 0.339035 0 0.552874 0 -0.562322 0
1.36058 0 0.0331008 0.340386 0 0.552848 0 -0.560314 0
1.36045 0 0.0235634 0.341736 0 0.552822 0 -0.558307 0
1.36033 0 0.0140261 0.343087 0 0.552797 0 -0.5563 0
1.3602 0 0.00448868 0.344437 0 0.552771 0 -0.554292 0
1.36008 0 -0.0050487 0.345787 0 0.552745 0 -0.552285 0
1.35995 0 -0.0145861 0.347138 0 0.55272 0 -0.550278 0
1.35983 0 -0.0241235 0.348488 0 0.552694 0 -0.54827 0
1.35972 0 -0.0337172 0.349838 0 0.55259 0 -0.546241 0
1.35962 0 -0.0433239 0.351187 0 0.552468 0 -0.544206 0
1.35951 0 -0.0529305 0.352536 0 0.552346 0 -0.542171 0
1.35941 0 -0.0625372 0.353886 0 0.552225 0 -0.540136 0
1.35931 0 -0.0721438 0.355235 0 0.552103 0 -0.538101 0
1.3592 0 -0.0817505 0.356584 0 0.551981 0 -0.536066 0
1.3591 0 -0.0913571 0.357934 0 0.551859 0 -0.534032 0
1.359 0 -0.100964 0.359283 0 0.551737 0 -0.531997 0
1.35889 0 -0.11057 0.360632 0 0.551616 0 -0.529962 0
1.35879 0 -0.120177 0.361982 0 0.551494 0 -0.527927 0
1.3587 0 -0.129833 0.363331 0 0.5513 0 -0.525875 0
1.35862 0 -0.139505 0.364679 0 0.551082 0 -0.523817 0
1.35854 0 -0.149177 0.366028 0 0.550863 0 -0.521759 0
1.35846 0 -0.15885 0.367376 0 0.550645 0 -0.519702 0
1.35837 0 -0.168522 0.368725 0 0.550426 0 -0.517644 0
1.35829 0 -0.178195 0.370073 0 0.550208 0 -0.515586 0
1.35821 0 -0.187867 0.371422 0 0.549989 0 -0.513528 0
1.35813 0 -0.19754 0.37277 0 0.549771 0 -0.51147 0
1.35805 0 -0.207212 0.374119 0 0.549552 0 -0.509412 0
1.35797 0 -0.216884 0.375467 0 0.549333 0 -0.507355 0
1.3579 0 -0.226599 0.376815 0 0.549049 0 -0.505285 0
1.35784 0 -0.236335 0.378163 0 0.548733 0 -0.503209 0
1.35777 0 -0.246071 0.379511 0 0.548418 0 -0.501133 0
1.35771 0 -0.255806 0.380859 0 0.548102 0 -0.499057 0
1.35765 0 -0.265542 0.382207 0 0.547786 0 -0.496982 0
1.35759 0 -0.275278 0.383555 0 0.54747 0 -0.494906 0
1.35753 0 -0.285013 0.384903 0 0.547154 0 -0.49283 0
1.35746 0 -0.294749 0.386251 0 0.546838 0 -0.490754 0
1.3574 0 -0.304485 0.387599 0 0.546522 0 -0.488679 0
1.35734 0 -0.31422 0.388947 0 0.546207 0 -0.486603 0
1.35729 0 -0.323993 0.390294 0 0.545831 0 -0.48452 0
1.35724 0 -0.333791 0.391642 0 0.545418 0 -0.482431 0
1.35719 0 -0.343588 0.392989 0 0.545004 0 -0.480343 0
1.35715 0 -0.353386 0.394337 0 0.54459 0 -0.478255 0
1.3571 0 -0.363183 0.395684 0 0.544176 0 -0.476166 0
1.35705 0 -0.37298 0.397031 0 0.543762 0 -0.474078 0
1.357 0 -0.382778 0.398379 0 0.543348 0 -0.471989 0
1.35696 0 -0.392575 0.399726 0 0.542935 0 -0.469901 0
1.35691 0 -0.402373 0.401074 0 0.542521 0 -0.467813 0
1.35686 0 -0.41217 0.402421 0 0.542107 0 -0.465724 0
1.35682 0 -0.422001 0.403768 0 0.54164 0 -0.463632 0
1.35678 0 -0.43186 0.405116 0 0.541128 0 -0.461536 0
1.35674 0 -0.441718 0.406463 0 0.540615 0 -0.459441 0
1.3567 0 -0.451577 0.40781 0 0.540103 0 -0.457345 0
1.35666 0 -0.461436 0.409157 0 0.539591 0 -0.455249 0
1.35662 0 -0.471295 0.410504 0 0.539078 0 -0.453154 0
1.35659 0 -0.481154 0.411851 0 0.538566 0 -0.451058 0
1.35655 0 -0.491013 0.413198 0 0.538053 0 -0.448962 0
1.35651 0 -0.500872 0.414545 0 0.537541 0 -0.446867 0
1.35647 0 -0.510731 0.415892 0 0.537028 0 -0.444771 0
1.35643 0 -0.520619 0.417239 0 0.53647 0 -0.442674 0
1.3564 0 -0.530539 0.418585 0 0.535858 0 -0.440576 0
1.35636 0 -0.54046 0.419932 0 0.535247 0 -0.438478 0
1.35632 0 -0.550381 0.421279 0 0.534635 0 -0.43638 0
1.35629 0 -0.560302 0.422626 0 0.534023 0 -0.434282 0
1.35625 0 -0.570223 0.423972 0 0.533412 0 -0.432184 0
1.35621 0 -0.580143 0.425319 0 0.5328 0 -0.430086 0
1.35618 0 -0.590064 0.426666 0 0.532188 0 -0.427988 0
1.35614 0 -0.599985 0.428012 0 0.531577 0 -0.42589 0
1.3561 0 -0.609906 0.429359 0 0.530965 0 -0.423792 0
1.35606 0 -0.619786 0.430705 0 0.530315 0 -0.421694 0
1.356 0 -0.629603 0.432052 0 0.529605 0 -0.419596 0
1.356 0 -0.629603 0.432052 0 0.529605 0 -0.419596 0
