0 0 0 0 
1.55611 6.19598 -0.174425 5.83232 
1.55001 6.16405 -0.183922 5.8067 
2.10171 4.81446 0.373956 4.49709 
2.10171 4.82323 0.373956 4.49709 
1.92131 4.80692 0.456308 4.09479 
1.92131 4.80692 0.456308 4.09479 
1.7893 4.79529 0.464225 3.87083 
1.65789 4.80712 0.421902 3.74779 
1.4264 4.85432 0.222445 3.74887 
1.32639 4.89401 0.0891735 3.83508 
1.23675 4.93579 -0.0487032 3.95883 
1.15788 4.99902 -0.18187 4.10611 
1.08855 5.05286 -0.309712 4.25169 
1.0292 5.05286 -0.309712 4.40249 
0.97964 5.20352 -0.51826 4.54597 
0.97964 5.27136 -0.51826 4.54597 
0.899555 5.35191 -0.6604 4.80079 
0.868993 5.35191 -0.708806 4.90959 
0.77136 5.93123 -0.766451 5.33482 
0.77136 5.93123 -0.751548 5.33482 
0.766909 6.01108 -0.751548 5.3837 
0.767106 6.09735 -0.732913 5.42926 
0.769785 6.19197 -0.70352 5.49157 
0.774949 6.27484 -0.676524 5.53922 
0.781971 6.35509 -0.676524 5.58578 
0.791809 6.44244 -0.648708 5.63925 
0.802834 6.514 -0.591319 5.67359 
0.802834 6.514 -0.591319 5.71637 
0.828308 6.6488 -0.533907 5.75736 
0.843627 6.7078 -0.504312 5.80513 
0.843627 6.7078 -0.479135 5.80513 
1.13367 6.99504 -0.274003 6.2225 
1.27029 6.80363 -0.274003 6.2225 
1.28919 6.80851 -0.266774 6.23771 
1.28919 6.80851 -0.266774 6.23771 
1.34595 6.81195 -0.260485 6.31878 
1.37298 6.82639 -0.242625 6.3473 
1.39915 6.82557 -0.238059 6.36567 
1.39915 6.82557 -0.238059 6.36567 
1.45204 6.82011 -0.22379 6.43474 
1.4791 6.81266 -0.217755 6.45977 
1.50474 6.81266 -0.217755 6.47336 
1.53189 6.80094 -0.20636 6.51302 
1.55926 6.79128 -0.199982 6.5353 
1.55926 6.76421 -0.196704 6.54361 
1.61225 6.77041 -0.189094 6.57901 
1.63899 6.75566 -0.18259 6.59705 
1.66399 6.75566 -0.18259 6.59705 
1.69018 6.72623 -0.17135 6.63107 
1.71528 6.69196 -0.167614 6.62954 
1.71528 6.67524 -0.162439 6.64186 
1.76543 6.67478 -0.156049 6.65141 
1.78876 6.67478 -0.156049 6.66061 
1.81113 6.63876 -0.140969 6.68478 
1.81113 6.59933 -0.140969 6.67477 
1.85548 6.60065 -0.129949 6.69746 
1.85548 6.60065 -0.129949 6.69746 
1.89628 6.55977 -0.127174 6.70513 
1.9158 6.53622 -0.115321 6.70637 
1.9158 6.49515 -0.114077 6.70637 
1.95109 6.4946 -0.108434 6.70753 
2.04568 6.00195 -0.133164 6.4134 
2.04568 6.00195 -0.133164 6.4134 
2.05076 5.6784 -0.157713 6.1893 
2.05076 5.6784 -0.157713 6.1893 
2.05076 5.6784 -0.157713 6.17633 
2.04121 5.75436 -0.16284 6.20906 
2.03336 5.76011 -0.16246 6.20213 
2.03336 5.76011 -0.16246 6.20213 
1.99114 5.77932 -0.175658 6.1753 
1.99114 5.77932 -0.175658 6.1753 
1.97359 5.77485 -0.183656 6.15611 
1.97359 5.77485 -0.183656 6.15611 
1.93971 5.86265 -0.18478 6.19211 
1.93971 5.85594 -0.18478 6.19211 
1.93971 5.90372 -0.19096 6.18677 
1.93971 5.90372 -0.19096 6.18677 
1.86471 5.92363 -0.201194 6.16112 
1.84564 5.97058 -0.204518 6.15702 
1.84564 5.96685 -0.207572 6.15255 
1.80499 6.01506 -0.210537 6.14759 
1.78467 6.01506 -0.210537 6.14759 
1.78467 6.06216 -0.212892 6.15758 
1.78467 6.0571 -0.218292 6.12979 
1.78467 6.05572 -0.225114 6.10401 
1.76374 6.05572 -0.231868 6.07792 
1.76374 6.0546 -0.231868 6.07792 
1.65832 6.10625 -0.230005 6.10649 
1.61771 6.15297 -0.230347 6.09065 
1.61771 6.15297 -0.230347 6.09065 
1.59874 6.14607 -0.234674 6.0731 
1.23766 6.11155 -0.319592 5.55407 
1.17139 5.958 -0.326139 5.48371 
1.15417 5.958 -0.326139 5.48371 
1.13771 6.03393 -0.321069 5.32521 
1.12065 6.03393 -0.321946 5.29252 
1.04477 6.06921 -0.349991 5.22171 
1.02554 6.063 -0.349991 5.22736 
1.01077 6.11728 -0.349347 5.257 
1.01077 6.11728 -0.349347 5.257 
0.980311 6.16252 -0.357687 5.27038 
0.980311 6.18294 -0.359065 5.2773 
0.954153 6.17588 -0.372098 5.26418 
0.954153 6.17588 -0.377876 5.26418 
0.941569 6.25022 -0.376796 5.31446 
0.926976 6.26717 -0.380116 5.32578 
0.926976 6.26717 -0.390403 5.32578 
0.911459 6.30606 -0.390418 5.35568 
0.905222 6.29155 -0.398573 5.34424 
0.905222 6.29155 -0.398573 5.34424 
0.896497 6.32476 -0.404794 5.37336 
0.894071 6.33809 -0.406862 5.38628 
0.893812 6.35118 -0.407424 5.39967 
0.895359 6.36292 -0.40691 5.41346 
0.897953 6.37355 -0.406266 5.42698 
0.901545 6.38264 -0.405253 5.44099 
0.905859 6.39097 -0.404297 5.45421 
0.911329 6.39803 -0.402882 5.46762 
0.911329 6.39803 -0.402882 5.45546 
0.926715 6.4403 -0.399838 5.49462 
0.93287 6.41054 -0.396809 5.50489 
1.03152 6.09105 -0.421691 5.38751 
0.996593 6.03822 -0.426383 5.2747 
0.996593 6.03822 -0.426383 5.27366 
1.05432 5.98736 -0.403946 5.27899 
1.06119 5.97182 -0.40311 5.27418 
1.08214 6.01422 -0.38673 5.32343 
1.09085 5.99637 -0.387346 5.32 
1.09717 5.98264 -0.390963 5.3223 
1.12307 6.05479 -0.369689 5.4019 
1.12307 6.03691 -0.371747 5.4019 
1.15134 6.0804 -0.360735 5.4572 
1.15134 6.0804 -0.360735 5.4572 
1.18511 6.06485 -0.365122 5.51703 
1.18511 6.10351 -0.350124 5.51703 
1.19166 6.1263 -0.340322 5.57685 
1.23565 6.13543 -0.334647 5.60447 
1.23565 6.13543 -0.334647 5.60447 
1.26719 6.15706 -0.327376 5.66421 
1.26719 6.15706 -0.327376 5.66421 
1.27322 6.1761 -0.318653 5.72081 
1.27322 6.14306 -0.324415 5.72081 
1.27322 6.14306 -0.331498 5.72081 
1.37156 6.15227 -0.316229 5.80693 
1.37156 6.15227 -0.316229 5.80693 
1.39254 6.15227 -0.319214 5.80693 
1.4124 6.16332 -0.319214 5.85647 
1.4483 6.18972 -0.277275 5.90623 
1.4483 6.18972 -0.277275 5.90623 
1.48464 6.1725 -0.264989 5.90197 
1.50227 6.20223 -0.258863 5.97622 
1.48589 6.07026 -0.325466 5.87901 
1.48589 6.07026 -0.325466 5.87901 
1.36799 5.75823 -0.38745 5.455 
1.40345 5.76686 -0.348652 5.54449 
1.39774 5.79627 -0.348652 5.54449 
1.39774 5.79627 -0.347098 5.53437 
1.43884 5.79716 -0.316761 5.58474 
1.3829 5.85756 -0.332512 5.55143 
1.41977 5.8928 -0.302742 5.59954 
1.43154 5.8928 -0.289954 5.59954 
1.43154 5.91433 -0.289954 5.62027 
1.46605 5.94954 -0.264171 5.67143 
1.50076 5.9725 -0.246965 5.72468 
1.50076 5.9725 -0.261058 5.72468 
1.51152 5.99671 -0.255067 5.78874 
1.51152 5.99671 -0.255067 5.78874 
1.51152 5.99671 -0.255067 5.79552 
1.57563 6.03198 -0.232761 5.8852 
1.55249 6.04221 -0.251478 5.88819 
1.56567 6.05332 -0.252232 5.88819 
1.61161 6.07048 -0.232722 5.98414 
1.58747 6.07923 -0.25334 5.9875 
1.58747 6.07923 -0.25334 6.01965 
1.67557 6.07993 -0.224828 6.07814 
1.6935 6.07571 -0.222056 6.10732 
1.6935 6.07571 -0.222056 6.10732 
1.73252 6.07281 -0.219126 6.10847 
1.74821 6.07631 -0.216911 6.1626 
1.74821 6.07631 -0.216911 6.19107 
1.78189 6.07538 -0.214492 6.24243 
1.37129 6.2294 -0.360878 5.98658 
1.23322 6.15518 -0.360067 5.96122 
1.23322 6.14439 -0.368837 5.68764 
1.2098 6.15714 -0.32171 5.67667 
1.30962 6.11559 -0.32171 5.70907 
1.30962 6.11559 -0.32171 5.70907 
1.43339 6.06822 -0.248145 5.74843 
1.43339 6.06822 -0.248145 5.74843 
1.49169 6.03817 -0.217537 5.76717 
1.49169 6.03817 -0.217537 5.76717 
1.54025 6.00806 -0.190035 5.74251 
1.57054 5.98286 -0.178127 5.75358 
1.57054 5.98286 -0.201769 5.76602 
1.6442 5.90819 -0.161766 5.80529 
1.59374 5.92944 -0.188528 5.80529 
1.6291 5.89296 -0.185465 5.80529 
1.61401 5.87698 -0.243667 5.78516 
1.64161 5.87698 -0.243667 5.83418 
1.64161 5.87698 -0.212012 5.83418 
1.74527 5.85286 -0.179609 5.88436 
1.76358 5.79678 -0.182469 5.90674 
1.76358 5.79678 -0.218671 5.90674 
1.91948 5.63733 -0.15577 5.98645 
1.91948 5.63733 -0.194416 5.98645 
1.98341 5.56924 -0.164531 6.03946 
2.00862 5.54496 -0.204901 6.03728 
1.93977 5.58798 -0.204901 6.06553 
2.07098 5.47894 -0.180958 6.12054 
1.99101 5.53731 -0.220415 6.11622 
2.02002 5.53731 -0.222805 6.11622 
1.13107 6.2107 -0.437774 5.89861 
1.08936 6.80067 -0.370111 6.22292 
1.16976 6.80067 -0.370111 6.16546 
1.10929 6.80067 -0.370111 6.15962 
1.18011 6.71209 -0.300593 6.15226 
1.36349 6.6846 -0.300593 6.17315 
1.41482 6.51261 -0.212364 6.16352 
1.41482 6.51261 -0.212364 6.16352 
1.35437 6.51261 -0.228323 6.12542 
1.46904 6.45427 -0.19424 6.11174 
1.46904 6.45427 -0.19424 6.11174 
1.41098 6.29008 -0.215862 6.07538 
1.72544 6.04244 -0.129659 6.13146 
1.85658 5.84708 -0.115296 6.12955 
1.91093 5.76472 -0.112038 6.1318 
1.8246 5.81156 -0.14828 6.1318 
2.04095 5.56179 -0.111151 6.13944 
2.08244 5.4937 -0.112801 6.14451 
2.08244 5.4937 -0.112801 6.11911 
2.18905 5.5553 -0.152287 6.15725 
2.2209 5.26787 -0.121841 6.16354 
2.11226 5.34489 -0.163111 6.13951 
2.11226 5.34489 -0.163111 6.13951 
2.40688 4.96871 -0.135628 6.19121 
2.44569 4.90634 -0.14034 6.20175 
2.32045 5.01034 -0.14034 6.20175 
2.55884 4.72784 -0.184369 6.19013 
2.4134 4.72784 -0.189134 6.19013 
2.63997 4.60588 -0.189779 6.21317 
2.63997 4.75215 -0.189779 6.22469 
0.935233 6.26754 -0.386604 5.79776 
0.872363 7.26783 -0.282672 6.55419 
0.987421 7.101 -0.23163 6.49193 
0.987421 7.101 -0.23163 6.49193 
0.862251 7.21442 -0.240934 6.4345 
1.24451 6.71147 -0.171098 6.42551 
1.12661 6.80362 -0.18132 6.3601 
1.23824 6.62848 -0.161227 6.3329 
1.5333 6.24887 -0.113864 6.34191 
1.38984 6.37032 -0.129815 6.27586 
1.38984 6.37032 -0.129815 6.27586 
1.48972 6.43613 -0.129815 6.27586 
1.67163 5.88384 -0.102576 6.20501 
1.67163 5.88384 -0.102576 6.20501 
1.75664 5.7277 -0.103758 6.18416 
2.16667 5.12686 -0.0892341 6.1993 
2.16667 5.12686 -0.0892341 6.1993 
2.01308 4.77913 -0.116199 6.18046 
2.36184 4.67301 -0.100616 6.17105 
2.47977 4.54778 -0.132222 6.12025 
2.47977 4.54778 -0.132222 6.12025 
2.6049 4.27332 -0.123966 6.1577 
2.31005 4.48419 -0.145053 6.10739 
2.33275 4.48419 -0.154642 6.10739 
2.6146 3.80256 -0.152973 6.16425 
2.6146 3.80256 -0.152973 6.16425 
2.44857 3.55089 -0.147972 6.16503 
2.44857 3.55089 -0.147972 6.16503 
2.44857 3.55089 -0.147972 6.16503 
2.01623 3.84402 -0.146308 6.1097 
0.255088 6.12507 -0.0569751 5.56046 
-0.138817 7.34326 -0.0108688 5.35094 
-0.138817 7.50107 -0.0108688 5.35094 
-0.324012 7.50107 -0.0579471 6.18804 
0.138691 6.8291 -0.0579471 6.18224 
0.338795 6.45793 -0.0749714 6.10503 
0.149839 6.65218 -0.0749714 6.0997 
0.631177 5.968 -0.0974873 6.14549 
0.723434 5.80283 -0.0912617 6.11939 
0.723434 5.80283 -0.0728846 6.11939 
0.998401 6.01657 -0.0782744 6.07557 
1.08485 5.19892 -0.0666889 6.04829 
1.08485 5.19892 -0.0666889 6.04829 
0.873936 4.65548 -0.0448241 5.96231 
1.5092 4.4843 -0.102762 6.01959 
1.5092 4.4843 -0.102762 6.01959 
1.44796 4.75919 -0.072124 5.93346 
1.92542 3.81816 -0.125058 6.00746 
1.92542 4.19051 -0.125058 6.00746 
2.09735 3.52481 -0.123133 5.98838 
2.09735 3.52481 -0.123133 5.98838 
2.1597 3.3834 -0.139912 5.98759 
2.1597 3.3834 -0.139912 5.98759 
2.1987 3.122 -0.221326 6.03821 
2.1987 3.122 -0.221326 6.03821 
2.13856 2.89857 -0.270034 6.07437 
1.62959 3.40519 -0.204494 5.97912 
1.64582 3.40519 -0.204971 5.9933 
1.64582 3.24561 -0.204971 5.9933 
1.87269 2.92371 -0.14611 5.9995 
-1.68742 7.61761 0.383756 5.04524 
-1.37006 8.13779 0.402399 6.07535 
-1.37006 8.13779 0.402399 6.07535 
-1.37006 8.13779 0.402399 6.07535 
-0.588519 6.79387 0.0821899 6.27059 
-0.588519 7.21522 0.0821899 6.27059 
-0.962131 7.21522 0.128042 6.14268 
-0.596996 6.35638 -0.00942688 6.0474 
-0.847824 6.64347 0.053943 5.93009 
-0.847824 6.64347 0.053943 5.93009 
-0.000889919 5.32851 -0.120452 6.03429 
0.119983 5.10446 -0.126973 6.0025 
0.119983 5.10446 -0.126973 6.0025 
0.590699 4.35048 -0.228277 6.02384 
0.737312 4.1076 -0.100316 5.86107 
0.737312 4.1076 -0.100316 5.86107 
1.1699 3.44501 -0.316534 6.02022 
0.824272 3.60688 -0.162825 5.84999 
0.824272 3.60688 -0.162825 5.84999 
1.04924 3.60688 -0.181386 5.86095 
1.44146 2.98166 -0.259116 5.89489 
0.669564 4.03502 -0.259116 5.59269 
0.669564 4.03502 0.020257 5.59269 
0.529649 4.09709 0.062668 5.15187 
0.212129 4.49669 0.165401 5.15187 
0.924485 3.43935 -0.116666 5.58545 
0.99063 3.29919 0.0365867 5.42465 
0.99063 3.29919 0.0365867 5.48936 
1.26668 2.84317 -0.299734 5.70621 
1.27626 2.79964 -0.126313 5.54196 
-3.86036 8.8853 0.88263 4.26 
-4.14202 9.12062 0.873877 4.19707 
-4.14202 9.12062 0.873877 4.19707 
-2.312 6.102 0.173631 4.71163 
-2.10405 6.20801 -0.00939991 5.08999 
-1.8556 5.76228 0.0703309 4.98542 
-2.14927 6.10155 0.0703309 5.11019 
-1.33602 4.87732 -0.495766 5.39487 
-1.69054 5.34315 -0.321493 5.22093 
-1.69054 5.34315 -0.426189 5.22093 
-0.643221 3.82242 -0.750806 5.5598 
-1.00339 4.35054 -0.515455 5.36113 
-0.703988 3.97038 -0.515455 5.42195 
-0.469914 3.67361 -0.915708 5.71251 
-0.469914 3.67361 -0.618892 5.71251 
0.516298 2.39901 -0.965864 5.78069 
0.516298 2.39901 -0.965864 5.78069 
0.902508 2.02709 -0.960878 5.84052 
0.464747 2.74091 -0.619584 5.59498 
0.64232 2.58032 -0.637755 5.59498 
1.2947 2.46764 -0.629294 5.68335 
0.840143 2.44031 -0.628414 5.71223 
0.840143 2.44031 -0.628414 5.71223 
1.5221 1.60621 -0.96366 6.05174 
1.42066 1.71155 -0.582925 5.78718 
0.80501 2.46342 -0.607845 5.86469 
1.40102 1.65328 -0.92529 6.16176 
1.40102 1.65328 -0.92529 6.16176 
0.899263 2.42466 -0.786348 5.86656 
1.44804 1.70466 -0.685644 6.154 
-3.25668 8.52323 2.11316 4.32922 
-4.21095 9.15392 1.46226 4.55448 
-4.21095 9.15392 1.46226 4.55448 
-3.69853 7.75064 1.16829 4.94127 
-4.16521 8.18691 0.856249 5.12729 
-4.04319 7.82983 0.573528 5.29998 
-4.04319 7.82983 0.573528 5.29998 
-4.18019 7.7803 0.437488 5.92827 
-3.63361 6.85131 -0.101685 5.70817 
-3.56379 6.65543 -0.249059 5.79708 
-3.96812 6.91785 0.714301 5.05847 
-3.73534 6.91785 0.155892 5.47228 
-3.56383 6.61459 0.155892 5.79143 
-3.42315 6.39145 -0.0180432 5.79143 
-3.04399 5.74728 -0.508337 5.91206 
-3.24674 6.13708 -0.124093 5.6072 
-3.06571 5.93815 0.186441 5.6072 
-3.06571 5.93815 0.186441 5.6072 
-2.66146 5.73073 0.18616 5.68618 
-2.66146 5.73073 0.18616 5.42263 
-2.66146 5.73073 0.18616 5.42263 
-2.57788 5.63478 0.531615 5.18354 
-2.57788 5.63478 0.531615 5.4682 
-2.57788 5.63478 0.531615 5.4682 
-2.57788 5.63478 0.531615 5.4682 
-2.34395 5.6607 0.531615 4.98045 
-2.29327 5.42175 0.571385 5.25613 
-2.40895 5.79314 0.610396 5.25613 
-2.44443 5.53721 0.28271 5.54446 
-2.45776 5.65365 0.329304 5.54446 
-3.17661 7.3354 2.29492 5.53283 
-0.39218 7.48465 2.29379 4.51167 
-0.828359 4.52184 1.17804 4.30702 
-1.37266 4.92832 1.41798 4.51241 
-1.37266 4.92832 1.37126 4.66864 
-1.37266 4.92832 1.37126 4.66864 
-2.44554 5.60284 1.02618 5.04371 
-2.44554 5.60284 1.02618 5.04371 
-2.78016 5.81006 0.949422 5.10668 
-2.78016 6.03636 0.949422 5.10668 
-3.59368 6.28597 0.534007 5.50738 
-3.63478 6.45776 0.829911 5.26351 
-3.63478 6.68556 0.786597 5.33575 
-4.781 7.40818 0.649743 5.53483 
-5.24514 7.91408 0.82287 5.26843 
-5.14033 7.91408 0.82287 5.26843 
-6.24742 8.9813 1.08573 5.35903 
-6.61321 9.36795 1.40552 5.08641 
-6.61321 9.36795 1.40552 5.08641 
-7.45996 10.2511 1.49035 5.15559 
-7.16962 10.1036 1.79203 4.87789 
-7.56039 10.4818 1.87585 4.83634 
-8.49983 11.3017 1.83571 4.94473 
-8.09181 11.0189 2.10725 4.67529 
-8.82001 11.0189 2.10725 4.51718 
-10.3911 13.4887 2.49504 4.40201 
-9.73865 12.9292 2.48415 4.11962 
-9.73865 13.596 2.48415 3.91125 
-11.8153 15.1236 2.33548 3.76436 
-11.0429 15.1236 2.17202 3.76436 
-5.97261 9.59859 0.370878 1.14522 
-1.4456 5.41893 0.257944 1.01735 
-1.4456 6.04148 -0.624373 1.76085 
-3.17979 7.53223 -0.176225 1.68661 
-1.911 6.24729 0.0959542 1.65259 
-2.36001 6.89428 0.39214 1.64777 
-4.0191 9.0655 0.705321 1.63584 
-3.27258 8.19725 0.614775 1.63261 
-4.08867 8.19725 0.614775 1.63261 
-5.95964 9.16982 0.604067 1.63202 
-5.2183 10.4947 0.545527 1.64694 
-5.94958 11.3519 0.545527 1.65602 
-5.2631 10.4487 0.381039 1.72881 
-5.92032 11.1935 0.266782 1.78722 
-6.27418 11.9561 0.204707 1.84444 
-6.6122 12.6348 0.454959 1.84444 
-6.6122 12.6348 0.454959 1.84444 
-8.68629 15.8641 0.580046 1.677 
-7.47524 14.309 0.324578 1.73663 
-7.47524 15.0401 0.237548 1.71824 
-9.39323 17.3822 0.324426 1.64719 
-9.47368 17.5703 0.0177781 1.69719 
-8.54936 17.5703 0.0177781 1.69719 
-10.2708 16.2152 -0.0949016 1.54231 
-10.3373 19.4632 0.158782 1.49788 
-10.3373 17.8402 0.158782 1.49788 
-10.8263 21.054 0.182326 1.3588 
-10.7985 21.2905 0.136476 1.32743 
-9.65374 21.2905 0.136476 1.32743 
-7.86659 19.4548 -1.17288 1.41099 
-2.9068 8.31741 -2.4082 1.2405 
-3.09855 9.70218 -1.97799 1.84639 
-1.61036 7.51564 -2.21116 1.83343 
-1.65789 7.93969 -2.21116 1.72608 
-2.9206 11.4128 -1.12396 1.45775 
-2.85552 11.9892 -0.927917 1.41424 
-2.85552 11.9892 -0.927917 1.41424 
-1.89464 10.1421 -1.42285 1.49934 
-1.89464 10.1421 -1.42285 1.49934 
3.85142 -1.7208 -3.91224 1.73031 
3.85142 -1.7208 -3.91224 1.73031 
3.85142 -1.7208 -3.91224 1.73031 
3.85142 -1.7208 -3.91224 1.73031 
1.7848 -0.919519 -1.58986 1.29046 
-1.31925 6.16406 0.0417882 1.43662 
-0.0103523 2.61282 0.0417882 1.43662 
-3.47068 12.399 0.539031 1.00179 
-0.622544 4.91202 0.539031 1.00179 
-1.93615 14.0061 2.07516 0.795091 
-2.61571 17.2441 1.87023 0.894067 
-2.61571 17.2441 0.539427 1.22369 
-3.74665 20.3202 1.33134 1.10266 
-3.91957 21.1251 1.01355 1.31029 
-3.91957 21.1251 1.01355 1.31029 
-5.19745 24.0091 -0.272389 1.44359 
-5.30429 24.9543 0.83486 1.5918 
-4.48436 22.2004 -0.489955 2.0358 
-4.48436 22.2004 -0.383826 2.09349 
-6.82993 28.2647 0.662141 1.8201 
-6.82993 28.2647 0.662141 1.8201 
-0.699556 9.03674 -7.18769 3.46329 
-0.699556 9.03674 -7.18769 3.46329 
-6.60757 16.0283 -5.23538 1.72415 
-4.5248 12.9316 -4.43392 1.56522 
-4.5248 12.9316 -4.43392 1.56522 
-1.00233 5.59189 -2.82885 0.852887 
0.720936 2.32204 -3.12436 1.0522 
1.53686 -0.0478271 -3.12436 1.0522 
3.9957 -5.24504 -1.20551 0.584803 
3.9957 -5.24504 -1.20551 0.584803 
4.16928 -5.5188 -1.58224 0.826302 
3.80102 -5.5188 -0.0379295 0.310949 
3.80102 -5.19478 -0.0379295 0.310949 
3.06963 -3.02111 1.67724 -0.0545128 
3.06963 -3.02111 1.67724 -0.0545128 
0.44299 3.61678 2.42769 -0.216235 
0.44299 1.69043 2.42769 -0.216235 
0.19673 4.43334 2.36581 0.0402728 
0.19673 4.43334 2.36581 0.0402728 
0.345365 3.3806 2.15662 -0.013939 
0.345365 3.3806 2.15662 -0.013939 
-0.638681 0.454113 -4.14484 2.77229 
-0.149841 2.06332 -4.14484 1.92353 
-0.149841 3.03118 -4.14484 1.92353 
0.391971 2.07593 -4.14484 1.76176 
0.391971 2.07593 -4.14484 1.59322 
1.13437 0.51457 -4.14484 0.86911 
1.21005 -0.0781654 -4.14484 0.92244 
1.00698 -1.38983 -4.14484 1.51784 
0.755088 -0.112974 1.42056 0.783214 
-0.296463 -2.06409 -2.7239 2.95423 
-13.6386 7.23623 -4.1622 -11.8623 
-10.8126 3.50903 -3.68387 -8.49602 
-7.50774 0.21715 -1.74282 -5.362 
-4.98332 -4.56449 -3.06087 0.68816 
-2.39579 -4.42512 -2.70666 1.53718 
-2.39579 -4.42512 -2.70666 1.53718 
-1.08164 -1.13658 -2.70666 1.53718 
1.66055 -1.2527 2.6648 1.8489 
1.66055 -1.18733 2.6648 1.8489 
2.71656 -0.172083 0.260839 2.18267 
2.53923 -0.406394 1.10654 2.18267 
2.93274 0.0977001 3.0952 0.701459 
3.02953 -0.0547489 1.32358 1.52289 
3.02953 -0.0547489 1.32358 1.1458 
3.38542 -0.267916 3.37226 -0.0682308 
3.24749 -0.73516 3.01811 0.265338 
3.24749 -0.73516 3.01811 0.265338 
3.24749 -0.73516 3.01811 0.265338 
3.24749 -0.73516 3.01811 0.265338 
2.12045 -0.193169 3.01811 1.80955 
1.45453 0.251166 4.25716 -3.2104 
0.845018 -0.11369 2.2083 -0.136594 
0.264634 0.0418493 2.2083 0.866653 
0.264634 0.0418493 0.383281 0.866653 
1.26504 -1.00438 2.62885 -0.433914 
1.26504 -1.00438 2.62885 -0.433914 
1.29729 -1.81067 2.45798 -0.290188 
1.51997 -1.2667 1.03212 0.818904 
0.325894 -1.2667 1.03212 0.818904 
0.324076 -0.130773 0.804184 0.517377 
0.324076 -0.130773 0.804184 0.517377 
1.63332 -1.57134 2.48 5.58388 
1.57854 -1.21392 2.83915 3.60583 
0.486441 0.0455674 0.76965 2.79772 
0.705324 0.0455674 1.1193 2.79772 
1.9683 -0.801886 3.4072 -1.43306 
1.63067 -0.550927 1.94335 9.35321 
1.63067 -0.550927 1.94335 9.35321 
1.5878 -0.402723 4.78015 9.9553 
1.53407 -0.298017 5.53534 11.0762 
1.53407 -0.298017 5.53534 11.0762 
1.53544 -0.409372 6.64134 10.1263 
0.352136 -0.409372 6.64134 11.6183 
1.67806 -0.536371 7.59933 10.7243 
1.67806 -0.536371 7.59933 10.7243 
1.79806 -0.480345 8.21004 11.46 
1.79806 0.373392 8.21004 12.9953 
1.78989 -0.439866 5.96953 13.2358 
1.78989 -0.439866 6.38494 13.2358 
0.456437 0.425157 6.38494 13.5679 
1.7903 -0.407081 6.848 13.9136 
1.7068 -0.428385 9.7425 13.6188 
1.7068 -0.428385 9.7425 13.6188 
1.67692 -0.372033 9.44295 14.3248 
1.67692 -0.372033 9.44295 14.3248 
1.78581 -0.260181 9.46253 14.9316 
0.289727 0.436416 6.37669 16.4683 
0.464593 0.285849 6.76386 16.5885 
2.06438 -0.442671 9.98697 15.7285 
-1.68962 0.798591 2.81156 19.3805 
-1.68962 0.798591 2.81156 19.3805 
1.42783 -0.98963 8.53474 17.349 
1.42783 -0.98963 8.53474 17.349 
1.88062 -0.41753 10.5882 17.4792 
1.88062 -0.41753 10.5882 17.4792 
2.01613 0.155799 11.941 17.6327 
0.435074 0.155799 11.941 17.6327 
-0.635838 0.496753 5.88891 18.9632 
-1.0349 0.079927 6.98953 21.0458 
-1.0349 0.0786304 5.04425 21.0458 
-0.0478499 -0.147163 7.35936 19.5209 
1.81266 -0.439312 11.4106 20.5603 
0.283627 0.0849095 11.4106 20.6335 
1.93136 -0.0191467 8.94936 20.4899 
0.364012 -0.0191467 8.94936 20.4899 
1.9485 0.271404 13.6407 18.6227 
0.281698 0.271404 13.6407 20.0707 
1.82992 0.130069 12.4388 18.3529 
0.159014 0.130069 12.4388 18.3529 
0.252828 0.0367148 7.67875 19.3889 
0.424249 -0.0877805 7.80048 19.1051 
0.566312 -0.142816 8.03045 18.8338 
0.644391 -0.138769 8.03045 18.564 
0.674953 -0.106019 7.98387 18.7254 
0.226683 -0.451057 8.39554 18.7254 
0.226683 -0.451057 8.39554 18.7254 
-2.00212 -0.639535 4.89838 20.7692 
-2.00212 -0.639535 4.89838 20.7692 
-2.90511 -0.681188 3.52267 22.6738 
-3.5163 -0.56357 -0.132716 23.7551 
-3.5163 -0.56357 -0.132716 23.7551 
-0.343818 -2.14992 10.0749 17.7896 
-1.8736 -0.0955987 3.94877 19.8846 
-2.35019 -0.515338 1.49787 20.2614 
-0.758482 -0.916853 6.74734 20.2382 
-0.953802 -0.916853 6.74734 20.2382 
-0.38916 -1.99662 14.2361 20.4361 
-1.09495 -1.99662 10.2106 21.493 
-0.798648 -1.97345 15.9167 21.3431 
-1.14518 -1.87524 14.9849 21.7516 
-1.14518 -1.87524 14.9849 21.7516 
-0.440221 0.507349 0.0876906 23.422 
-0.440221 0.507349 0.0876906 23.422 
1.48695 1.04385 7.39826 16.3403 
1.4946 1.04385 7.39826 16.3403 
1.25434 -0.304722 14.2417 15.733 
1.25434 -0.304722 14.2417 15.1242 
0.997761 -2.75277 20.2997 13.6099 
0.997761 -2.75277 20.2997 13.6099 
-0.33583 -2.62177 13.0634 12.1759 
-0.860666 -2.41903 14.9212 11.4952 
-1.4988 -1.0945 14.9212 11.4952 
-1.17516 -2.4625 11.8939 9.43392 
-1.51412 -2.49898 10.7583 8.70737 
-1.51412 -2.49898 3.75199 8.32395 
-2.04148 -2.72426 9.80657 6.7609 
-2.17079 -1.22158 3.04901 6.41295 
-2.17749 -1.39912 3.04901 5.29491 
-2.23715 -2.94279 9.41017 3.7435 
-2.02345 0.227095 -3.51677 2.55304 
-1.49234 1.03604 -3.51677 1.80373 
-1.49234 1.03604 -7.62636 1.80373 
-1.49234 1.03604 -7.62636 1.80373 
-1.19 -1.65876 3.26343 -2.16592 
-1.19 -1.65876 -2.2174 0.0870623 
-1.068 0.602967 -4.66923 1.81271 
-1.09557 -0.322533 -2.11651 1.81271 
-1.09557 -0.322533 -2.11651 1.81271 
-1.09557 -0.322533 -2.11651 1.81271 
-1.91977 -3.1851 7.69224 2.2648 
-2.2988 -2.74076 7.24361 2.43796 
-2.58253 -2.15945 6.39595 2.80952 
-2.65456 -2.15945 5.27446 2.8344 
-2.92655 -3.13778 9.61544 2.62379 
-2.25443 -0.717714 9.61544 2.62379 
-1.84084 -1.91173 0.539182 1.80385 
-1.84084 -1.91173 -0.305493 0.843499 
-0.671159 -1.26228 -0.340173 0.412321 
-0.0197704 0.670578 -0.340173 0.412321 
0.765743 0.42634 -0.716404 -1.02167 
1.26448 0.42634 -0.716404 -1.14031 
1.26448 1.82049 -5.63751 -1.14031 
1.86139 1.30169 -6.54957 -1.66845 
1.86139 2.48593 -6.54957 -1.66845 
1.68757 -0.265231 1.80574 0.116958 
1.68757 -0.265231 1.80574 0.116958 
1.13772 -0.245009 2.32272 1.14616 
1.13772 -0.245009 2.32272 1.14616 
0.728785 -0.285601 2.43874 1.39611 
1.09134 2.00978 -6.17649 -1.06218 
1.09134 2.00978 -6.17649 -1.06218 
1.47918 2.51752 -8.91378 -2.15747 
1.47918 2.51752 -8.91378 -2.15747 
0.352839 -2.07605 9.63585 -4.97138 
0.0965916 -0.100109 2.43905 -1.96232 
-0.152083 0.441366 0.380469 2.02192 
-0.152083 0.441366 0.380469 2.02192 
-0.152083 0.441366 0.380469 2.02192 
-0.434787 2.31546 -10.5424 1.42138 
-0.434787 2.31546 -10.5424 1.42138 
1.1158 1.24439 -4.90864 -1.56281 
1.23934 1.24439 -4.90864 -1.56281 
0.813627 -0.108227 0.917857 2.3204 
0.813627 0.608693 -1.45737 0.790008 
0.779219 0.608693 -1.45737 0.790008 
0.0824804 -0.109021 3.47193 3.93402 
0.0824804 -0.109021 3.47193 3.93402 
1.26592 0.644271 -7.91243 -0.92894 
1.26592 0.644271 -7.91243 -0.92894 
1.26592 0.644271 -7.91243 -0.92894 
0.121236 -0.179602 -2.39142 -1.15478 
0.121236 -0.569865 -2.39142 -1.15478 
-0.804188 -1.93185 14.8389 12.4594 
-1.35311 -1.71084 14.3333 8.81998 
-1.35311 -0.976439 14.3333 8.81998 
-2.07129 -1.08985 10.3218 7.22639 
-2.08719 -1.03994 8.72063 6.16257 
-1.58501 -0.743194 4.64582 2.14658 
-1.58501 -0.758341 4.64582 2.14658 
-1.29989 -0.73038 2.94669 1.81733 
-1.57605 -0.945317 15.1198 -10.1936 
-1.57605 -0.553964 15.1198 -10.1936 
-1.05395 -0.539848 6.43021 4.57053 
-1.00643 -0.545477 3.04864 5.79628 
-1.00643 -0.545477 3.04864 5.79628 
-2.02874 -0.335531 -1.32041 7.51717 
-1.25847 -0.309898 -1.32041 5.4478 
-1.29869 -0.227399 -4.93171 0.36306 
-1.2884 -0.11214 -4.93171 4.39967 
-1.2884 -0.11214 -4.93171 4.39967 
-1.99029 -0.0883611 -4.6468 7.03583 
-1.0471 0.0637567 -4.83711 1.28186 
-1.0471 0.0637567 -3.62899 1.38571 
-1.73286 0.0227739 -2.49028 4.59038 
-0.714155 0.0791806 -2.49028 3.31404 
3.32012 -0.671357 3.33705 5.17451 
3.32012 -0.118651 3.33705 5.17451 
2.18106 1.14057 8.77234 0.0852937 
1.5442 1.24285 8.06355 4.65018 
1.82877 1.24285 6.39116 4.65018 
0.0686259 1.18362 5.42749 2.27608 
1.01814 0.708932 5.42749 2.27045 
0.49504 0.486268 2.1907 3.3543 
0.543772 0.410885 2.06781 2.83638 
1.15903 0.216323 0.958131 -0.404543 
1.15903 0.216323 0.203954 -0.404543 
1.15903 0.216323 0.203954 -0.404543 
-0.898093 0.92061 -2.02035 5.54978 
-1.01342 0.717235 -2.83757 3.12761 
0.415118 -0.0526554 -1.22495 -3.13818 
-0.23308 0.510906 -27.4932 -0.887797 
-0.23308 0.510906 -27.4932 -0.887797 
-0.368292 1.16029 -17.5077 -3.60278 
-0.368292 1.16029 -17.5077 -3.60278 
-0.688366 1.36627 -9.20795 -3.29522 
-0.688366 0.840544 -4.9586 -3.29522 
0.579711 1.23514 -4.9586 -6.03741 
-1.43408 0.922548 -3.701 -3.52371 
0.102309 0.171959 -0.82167 -2.27194 
-1.65946 0.548429 0.020781 -0.895388 
-0.398601 -0.0262956 0.509077 0.762477 
-0.398601 -0.0262956 0.509077 0.762477 
-0.398601 0.0419722 0.509077 -2.51899 
-0.656887 0.0419722 2.54362 -2.51899 
-0.824914 -0.36661 0.641971 0.351036 
0.74699 -0.807073 3.05039 -4.02794 
0.74699 -0.807073 3.05039 -4.02794 
-1.63684 0.0591174 -0.223747 1.64349 
-1.847 0.0972446 -1.10707 2.03724 
-1.82679 -0.0485514 -1.21393 1.6025 
-1.72071 -0.206627 -1.21393 0.951388 
-3.35517 0.134966 -3.45326 4.22524 
-3.35517 -0.638479 0.0403029 4.22524 
-2.67391 -0.134577 0.0250416 -1.74706 
-2.67391 -0.693797 0.0250416 -1.74706 
-0.921183 -0.193782 -4.56707 -1.49172 
-0.921183 -0.193782 -0.985302 -1.49172 
-0.921183 -0.193782 -0.985302 -1.49172 
-1.66574 0.362735 -0.985302 -5.54946 
-1.66574 0.362735 -0.985302 -5.54946 
-1.66574 0.362735 -0.985302 -5.54946 
0.41129 -0.660967 -0.985302 -5.54946 
-2.54962 0.763189 -3.93983 4.87346 
-2.54962 0.481567 -3.93983 4.87346 
-4.33999 0.385041 -5.81403 7.05119 
-1.40608 -0.725332 -0.595299 -1.35123 
-1.40608 -0.841646 -0.595299 -1.35123 
-3.47961 -0.285686 -5.80658 3.11484 
-0.763019 -0.765586 -1.23665 -3.04923 
-0.763019 -0.765586 -1.23665 -3.04923 
-0.677812 0.0824016 -1.21108 -2.50186 
-2.97724 0.0824016 -6.11098 3.26067 
-2.97724 0.0824016 -6.11098 3.26067 
-2.51167 -0.0731677 -6.11098 3.26067 
0.849967 -0.0731677 -6.11098 3.26067 
0.849967 -0.0731677 -6.11098 3.26067 
-2.98372 0.633928 -5.52047 3.26067 
-2.98372 0.286711 -5.52047 3.26067 
-2.8649 0.286711 -12.0785 3.26067 
1.36875 -0.468507 -1.1075 -5.86516 
3.71042 -0.404012 3.27477 -5.86516 
3.71042 -0.404012 3.27477 -8.14095 
-2.20061 0.652868 -4.39821 7.12642 
-2.20061 0.652868 -4.39821 7.12642 
-2.34809 0.182699 -4.3146 5.36838 
-2.34809 0.182699 1.80364 5.36838 
-2.39581 -0.530819 -5.04514 3.76545 
0.523932 -0.809456 0.724542 -3.88875 
0.326925 -0.663098 0.724542 -2.54161 
0.0804702 -0.48387 -0.735174 -0.570985 
-0.193551 -0.358068 -12.277 0.602477 
-0.332588 -0.162296 -10.7776 -0.888119 
-3.09374 0.0659198 -14.2925 3.17803 
-3.09374 0.0659198 -14.2925 3.17803 
-1.22782 0.0331639 -4.96459 -0.283041 
1.01483 0.101393 -5.74172 -0.850538 
3.66061 0.101393 -5.74172 -0.850538 
4.05938 0.674641 -3.55606 -1.40554 
5.69925 0.907484 2.40782 -6.27072 
6.09395 1.22127 2.04448 -6.58442 
6.21884 1.42363 0.804215 -5.52931 
6.17539 1.51297 0.804215 -4.43383 
6.17539 1.51297 -0.439867 -4.43383 
6.28499 1.20883 -3.777 -1.92251 
6.28499 1.20883 -3.777 -1.92251 
5.75157 1.26414 1.01547 -1.92251 
4.12466 1.22228 1.01547 -4.26764 
3.59702 0.963689 -7.90251 2.66112 
2.59697 0.679888 -33.6141 17.0904 
2.59697 0.679888 -33.6141 17.0904 
2.19759 0.984633 -36.4892 8.50465 
2.19759 0.984633 -36.4892 8.50465 
1.21804 1.60355 -31.8459 -10.383 
1.21804 1.60355 -31.8459 -10.383 
2.08566 1.68235 -32.765 -7.90359 
2.77843 1.74826 -27.815 -10.1989 
3.86716 1.84739 -28.7456 -10.1989 
3.57679 2.00697 -35.1011 -5.4265 
5.47597 2.20222 -19.4724 -3.71433 
4.8192 2.07591 -19.4724 -5.47438 
3.60859 1.83202 -19.4724 -13.3382 
4.07859 1.83202 -19.4724 -13.3382 
3.51972 1.97272 -19.4724 -6.47621 
-19.5125 3.84772 -36.6922 -12.7726 
-19.5125 3.84772 -36.6922 -12.7726 
-36.5207 0.560859 -36.6922 -9.65956 
-33.9479 -3.20578 -36.6922 -11.4943 
-31.3776 -5.45144 -36.6922 -10.9783 
-29.5275 -5.99569 -36.6922 -8.68781 
-28.631 -5.99569 -36.6922 -8.68781 
-27.7832 -4.3414 -36.6922 -10.8084 
-26.7911 -3.23134 -36.6922 -14.1836 
-26.7911 -3.23134 -36.6922 -14.1836 
-25.3177 -1.09001 -24.5352 -18.0326 
-22.3282 -1.09001 -24.5352 -27.8871 
-22.3282 -1.09001 -19.6772 -27.8871 
-22.3282 -1.43856 -21.2037 -17.1365 
-11.2621 33.6269 -1.69865 -0.16778 
-11.2621 33.0867 -1.44622 1.68157 
-9.85123 33.0867 -1.44622 0.41094 
-6.04316 33.7967 -1.44622 0.41094 
-3.40546 34.3111 5.14161 0.866663 
-1.65456 34.9003 0.375173 2.77453 
-0.644847 35.6263 0.95735 2.77453 
1.38657 35.9657 -2.9492 1.61161 
1.38657 35.9657 -2.9492 1.61161 
4.40697 36.431 -1.19292 -1.07462 
4.40697 36.431 -1.19292 -1.07462 
4.40697 36.431 -1.19292 -1.07462 
8.57066 36.1999 -0.933614 -1.39731 
8.57066 35.9718 2.92199 -1.79885 
10.6331 35.4027 -2.25297 0.0817421 
10.6331 35.4027 -2.25297 -0.270303 
10.587 34.2099 -3.51226 0.209278 
13.2838 33.5193 -3.40471 -1.03429 
13.0061 32.8219 0.310178 -2.03179 
13.0061 31.8991 -0.372549 -1.77438 
15.8174 30.8219 -4.51826 -1.72587 
16.5107 29.8122 -1.5905 -1.45428 
15.8697 29.8122 -1.5905 -1.45428 
17.6137 27.5156 -6.00825 -2.11038 
18.1088 26.3533 -2.88077 -2.15199 
17.2732 25.18 -3.44744 -2.10825 
17.2732 25.18 -3.44744 -2.10825 
19.2218 22.4495 -9.22339 -8.0736 
19.2218 21.3848 -7.83573 -7.36096 
17.6027 20.3204 -9.14896 -6.2334 
17.011 19.3182 -10.0715 -5.88337 
17.6238 18.2767 -10.65 -6.39789 
17.6238 17.4682 -11.1653 -7.10878 
15.5105 16.4597 -14.2694 -8.94133 
12.9976 16.4597 -14.2694 -8.94133 
13.4456 14.7521 -15.2795 -9.45635 
13.4456 14.7521 -15.2795 -9.45635 
11.4827 13.2678 -16.1199 -9.75729 
9.12905 12.6933 -13.8066 -8.58602 
8.46038 11.952 -13.8066 -8.58602 
9.30255 11.143 -15.6103 -11.4415 
9.30255 11.143 -15.6103 -11.4415 
4.73885 9.20289 -13.7745 -8.47229 
4.73885 9.20289 -11.4882 -6.65727 
4.62047 8.39618 -11.0658 -7.27626 
4.62047 8.39618 -11.0658 -7.27626 
6.88756 6.86424 -14.8536 -10.4909 
4.65288 6.43219 -12.9077 -7.13159 
4.07039 5.84324 -12.4309 -7.11899 
3.58714 5.24799 -11.3358 -7.93297 
3.58714 5.24799 -11.3358 -7.93297 
2.74559 4.0035 -9.95535 -7.18716 
2.35326 4.0035 -9.95535 -7.18716 
3.32683 2.70058 -10.217 -8.35796 
3.32683 2.70058 -10.217 -8.35796 
2.32212 1.56189 -8.68534 -6.73964 
1.77052 1.03389 -7.89122 -5.73431 
1.77052 1.03389 -7.89122 -2.04415 
0.874843 -0.126786 -5.33463 -5.61207 
-0.877406 -0.641337 -3.07283 -1.56601 
-1.13248 -1.17015 -1.56406 -1.7858 
-1.27621 -1.55012 -0.211309 -1.68637 
-1.38086 -1.55012 -0.211309 -1.11141 
-4.40789 -1.74775 0.835774 -0.417825 
-4.40789 -1.79243 0.835774 -0.417825 
-2.91752 -2.30438 10.1929 0.218932 
-2.91752 -2.30438 10.1929 0.218932 
-1.18473 -2.25904 7.62137 -2.22996 
-1.18473 -2.25904 6.56206 -2.22996 
-0.970783 -1.64899 5.16016 -0.239958 
-0.933057 -1.3561 5.20199 3.91856 
-0.933057 -1.3561 5.25708 3.91856 
-1.98212 -1.09734 5.18508 2.33088 
-0.311483 -1.06238 3.82107 -3.29732 
-0.297806 -0.946915 3.14836 2.43975 
-1.40722 -0.735883 3.14836 1.98818 
-0.0839458 -0.714573 1.8948 -2.92326 
-0.0839458 -0.714573 1.8948 -2.92326 
0.0517325 -0.566388 1.05194 -2.80666 
0.0517325 -0.566388 1.05194 -2.80666 
-0.587456 -0.496011 3.73152 -3.1595 
-0.587456 -0.496011 3.97175 -3.1595 
-2.13366 -0.681291 3.97175 1.18216 
-1.22965 -0.644106 1.47227 -3.53061 
-1.22965 -0.618352 1.47227 -3.53061 
-0.868953 -0.562014 1.43612 2.19953 
-0.576412 -0.475052 1.15758 -1.05122 
-0.576412 -0.361357 1.15758 -1.27137 
0.643835 -0.265714 -0.394386 -5.57804 
-0.374676 -0.10491 -1.23684 1.01808 
-0.378725 -0.10491 -1.09226 0.2123 
0.484255 -0.0525624 -1.00283 -5.77281 
-0.420266 -0.00554334 -1.00283 -5.77281 
-1.02416 -0.119917 -0.244797 0.509937 
-1.31808 -0.211556 -0.244797 0.509937 
-0.985892 -0.33486 2.37121 0.509937 
-0.985892 -0.403847 2.39832 0.509937 
0.289604 -0.396277 1.46711 -6.12735 
-0.541904 -0.27384 0.205093 0.986008 
0.130019 -0.187686 -0.260303 -3.52012 
-2.67514 -0.187686 3.71727 -3.52012 
2.54566 4.44231 5.52808 4.72693 
4.36438 3.21425 6.15932 2.75916 
5.46647 3.21425 5.93584 2.75916 
5.46647 3.21425 5.93584 2.75916 
4.11951 -0.0373517 5.04504 -2.83939 
2.41128 -0.0373517 3.80011 3.54936 
1.50603 -0.253611 1.89594 2.84571 
0.80626 -0.253611 1.89594 2.84571 
0.80626 -0.253611 1.93762 0.409335 
0.282097 -0.115405 1.67564 0.232271 
0.282097 -0.115405 1.67564 0.232271 
0.0761824 -0.391214 1.35324 -3.36807 
-0.102609 -0.4245 0.572535 -1.47948 
-0.102609 -0.4245 0.572535 -1.47948 
-0.445829 -0.365131 0.657177 -1.32113 
-0.598959 -0.21569 0.658302 -1.14997 
-1.21714 -0.201742 0.546778 3.56856 
-1.21714 -0.238406 1.13156 2.22888 
-0.730281 -0.265488 1.67153 -2.75184 
-1.22835 -0.297457 1.27684 2.15144 
-1.22835 -0.331769 1.27684 1.94922 
-0.812967 -0.343268 1.6601 -2.39353 
-1.21487 -0.366065 1.18437 2.46873 
-1.13487 -0.375342 1.32322 2.07991 
-1.01767 -0.376116 1.59638 1.27113 
-0.909769 -0.365106 1.71884 0.667528 
-0.909769 -0.365106 1.71884 0.667528 
-0.425928 -0.298515 1.45616 -3.16541 
-0.425928 -0.279005 1.45616 -3.16541 
-0.572716 -0.235596 0.746315 -0.806621 
-0.572716 -0.245376 0.540925 3.29657 
-0.933896 -0.274322 1.45941 4.84035 
-0.933896 -0.274322 1.45941 4.84035 
-0.773364 -0.281355 2.22836 2.79901 
-0.773364 -0.281355 2.22836 2.79901 
-0.160202 -0.213856 2.06176 -4.48948 
-0.528902 -0.213856 2.06176 -4.48948 
-0.513877 -0.190332 0.438124 1.72799 
-0.457552 -0.190332 0.438124 1.72799 
-0.457552 -0.190332 0.438124 1.72799 
-0.273322 -0.142705 1.07796 -1.27814 
-0.273322 -0.159496 1.07796 -1.27814 
-0.30436 -0.135541 0.972601 -0.409898 
-0.323454 -0.133709 0.730708 2.86394 
-0.467089 -0.133709 0.730708 2.86394 
-0.251782 -0.129065 1.35127 -1.04416 
-0.263843 -0.15441 0.972619 2.2031 
-0.41325 -0.139793 1.0088 1.89479 
-0.286597 -0.11878 1.23036 -0.634111 
-0.420236 -0.145886 0.872729 2.40486 
-0.419405 -0.152002 0.965701 2.40057 
-0.396379 -0.157394 1.15862 2.01681 
-0.396379 -0.157394 1.15862 2.01681 
-0.355048 -0.165073 1.43483 -0.765288 
-0.355048 -0.165073 0.93266 2.06155 
-0.355048 -0.165073 0.93266 2.06155 
-0.412424 -0.183073 0.93266 2.06155 
-0.115624 -0.0976883 1.78472 0.612856 
-0.0974203 -0.107563 1.78472 -2.13015 
-0.0974203 -0.107563 1.83772 -2.13015 
-0.22689 -0.0917203 0.637917 -0.943712 
-0.304558 -0.147118 -0.0188681 2.0446 
-0.315875 -0.107112 0.581342 1.10472 
-0.211143 -0.107112 0.581342 1.10472 
-0.141233 -0.0699947 0.921032 -0.930859 
-0.181346 -0.0699947 0.921032 1.26289 
-0.140438 -0.0836165 0.595939 -0.242529 
-0.150725 -0.0583797 0.368711 0.278665 
-0.150725 -0.0835899 0.368711 0.278665 
-0.183018 -0.0640784 0.408357 2.24877 
-0.183018 -0.0640784 0.408357 1.09021 
-0.153947 -0.0636061 0.763607 0.821017 
-0.153947 -0.0829652 0.644092 0.821017 
-0.131218 -0.0602358 0.885803 0.55517 
0.0392507 -0.0565372 0.767189 1.92053 
0.0514988 -0.0557516 0.712028 1.85457 
0.0514988 -0.0557516 0.712028 1.85457 
0.00791132 -0.046166 -0.0683427 0.803399 
0.00791132 -0.0538726 -0.0683427 1.30227 
0.00531903 -0.0357233 0.000662494 0.634916 
0.0310362 -0.0336281 0.0325348 0.634916 
-0.0170414 -0.00220349 0.317564 -0.553326 
-0.0385605 -0.00220349 0.317564 -0.553326 
-0.0910859 -0.00267763 0.189546 -1.23694 
-0.0690063 -0.0390591 -0.212345 -0.0347847 
-0.0690063 -0.0449039 -0.212345 0.0459909 
-0.00818492 -0.0460659 -0.386898 0.792868 
0.0366445 -0.0182023 -0.14972 1.08278 
0.0771982 -0.0182023 -0.14972 1.11781 
0.0477329 0.025141 0.256514 0.0712053 
0.0477329 0.025141 0.256514 0.0712053 
0.00557687 -0.00494957 0.1271 0.75788 
0.0435939 -0.00494957 -0.0270399 0.75788 
0.0435939 -0.0291252 -0.0270399 0.518311 
0.0176391 -0.0242019 0.064511 -0.167131 
0.0176391 -0.0242019 0.064511 -0.167131 
-0.0592024 -0.0102079 0.116388 -0.0335633 
-0.0592024 13.0973 0.116388 0.0444381 
-9.22385 16.8242 0.107258 0.483875 
-9.20316 18.0033 0.107258 0.483875 
-9.41542 18.8509 0.304806 -0.200797 
-9.82091 19.6841 0.245738 -0.158306 
-9.82091 19.6841 0.245738 -0.158306 
-10.2809 20.5046 0.113986 0.0395736 
-11.4389 22.0725 0.270637 -0.324143 
-11.4389 22.7718 0.171256 -0.324143 
-12.5203 23.44 0.316272 -0.450906 
-12.9419 24.0617 0.408319 -0.472108 
-12.9419 24.0617 0.408319 -0.472108 
-13.8299 25.135 0.35332 -0.203437 
-14.2474 25.5158 0.210816 -0.0726187 
-14.5299 25.7694 -0.0153313 0.0484165 
-14.5299 25.7694 -0.0153313 0.0649051 
-15.1069 25.9984 -0.177609 0.0201359 
-15.2843 25.9548 -0.209663 -0.0505911 
-15.2843 25.9548 -0.230788 -0.0505911 
-15.6396 25.7358 -0.243085 -0.194922 
-15.6396 25.5255 -0.243085 -0.194922 
-15.6713 25.5255 -0.248031 -0.251103 
-15.784 24.9308 -0.205663 -0.195618 
-15.784 24.9308 -0.205663 -0.195618 
-15.6457 24.1021 -0.284196 -0.221959 
-15.5021 23.6112 -0.284196 -0.288556 
-15.4695 23.084 -0.128697 -0.165566 
-15.4695 22.4899 -0.128697 -0.165566 
-15.1136 21.8668 -0.0635526 -0.21117 
-14.8936 21.1987 -0.0371817 -0.236072 
-14.8936 21.1987 -0.0371817 -0.236072 
-14.6132 19.7681 0.00461983 -0.245584 
-14.0621 18.9947 0.0153058 -0.238041 
-13.7025 18.2021 -0.00470688 -0.319661 
-13.36 17.3908 0.0151478 -0.297884 
-12.9958 16.5562 0.0426791 -0.275163 
-12.6137 15.7028 0.0774685 -0.259152 
-12.6137 15.7028 0.0774685 -0.259152 
-11.8415 13.957 0.194159 -0.160826 
-11.8415 13.957 0.194159 -0.160826 
-11.386 12.1747 0.272086 -0.169362 
-10.9925 11.2747 0.27051 -0.25423 
-10.9925 10.3783 0.27051 -0.312074 
-10.9925 10.3783 0.264343 -0.312074 
-6.58356 11.055 3.59416 -0.80065 
-6.01451 10.8139 3.1739 -0.377547 
-5.45285 10.6456 2.77441 0.0295941 
-4.60756 9.73524 1.3457 0.637799 
-4.60756 9.73524 1.3457 0.637799 
-4.08569 9.28119 0.998244 0.636887 
-4.08569 9.28119 0.998244 0.5327 
-3.09048 8.17253 0.300375 0.391482 
-2.54577 7.64683 0.180519 0.229646 
-2.02183 7.12482 0.180519 0.229646 
-1.56307 7.12482 0.00884541 0.030676 
-0.989021 6.06924 -0.248756 -0.244725 
-0.495051 5.5882 -0.34031 -0.248175 
-0.495051 5.5882 -0.34031 -0.248175 
-0.0819231 4.57106 -0.496159 -0.115558 
0.385897 4.57106 -0.526473 -0.117814 
0.812518 4.10074 -0.54127 -0.117814 
1.61894 3.194 -0.54127 -0.117814 
1.77887 -0.0507167 -0.521834 -0.0752287 
1.53317 -0.412601 -0.521834 0.0862904 
1.25111 -0.558815 -0.2149 0.0811591 
1.25111 -0.612533 -0.2149 0.308159 
1.25111 -0.612533 -0.2149 0.308159 
0.448027 -0.608137 0.0024295 0.238018 
0.345909 -0.600167 0.0653015 0.238018 
0.345909 -0.600167 0.0653015 0.163463 
0.345909 -0.600167 0.0653015 0.163463 
0.189861 -0.581489 0.107549 0.36089 
0.189861 -0.581489 0.107549 0.36089 
