0 0 0 0 
0.451706 1.80204 -0.0506563 1.69741 
0.450395 1.79225 -0.0520572 1.68798 
0.610428 1.40077 0.109728 1.30806 
0.610428 1.4008 0.109728 1.30806 
0.59933 1.40241 0.114503 1.28582 
0.59933 1.40241 0.114503 1.28582 
0.589181 1.40112 0.116435 1.26628 
0.576143 1.40347 0.116457 1.24874 
0.546123 1.4072 0.106511 1.22227 
0.529782 1.41068 0.0963123 1.21479 
0.512795 1.41347 0.0840021 1.21272 
0.495715 1.42153 0.0699978 1.21634 
0.478445 1.42662 0.053067 1.22128 
0.461709 1.42662 0.053067 1.23118 
0.445713 1.44785 0.0179956 1.24365 
0.445713 1.45649 0.0179956 1.24365 
0.414286 1.4687 -0.0173626 1.27407 
0.399528 1.4687 -0.0343961 1.29101 
0.327749 1.57186 -0.113492 1.39198 
0.327749 1.57186 -0.122185 1.39198 
0.318515 1.58863 -0.122185 1.40782 
0.310644 1.60811 -0.129563 1.42337 
0.303508 1.63107 -0.133473 1.44408 
0.297114 1.65196 -0.137703 1.46137 
0.291468 1.67299 -0.137703 1.4783 
0.286886 1.6971 -0.140864 1.49728 
0.282726 1.718 -0.144346 1.51094 
0.282726 1.718 -0.144346 1.52674 
0.276482 1.75935 -0.144418 1.54217 
0.274256 1.77932 -0.142907 1.55963 
0.274256 1.77932 -0.14196 1.55963 
0.293626 1.96023 -0.105231 1.71736 
0.327054 1.91259 -0.105231 1.71736 
0.331569 1.91807 -0.101527 1.72485 
0.331569 1.91807 -0.101527 1.72485 
0.342782 1.9263 -0.0984774 1.75155 
0.348444 1.94459 -0.0921399 1.76262 
0.354294 1.95078 -0.0900258 1.7703 
0.354294 1.95078 -0.0900258 1.7703 
0.366614 1.96144 -0.0840541 1.79489 
0.372859 1.96567 -0.0816332 1.80495 
0.378979 1.96567 -0.0816332 1.81154 
0.38584 1.97393 -0.0767265 1.82565 
0.392523 1.9772 -0.0743803 1.83552 
0.392523 1.9752 -0.0727999 1.84111 
0.406208 1.98221 -0.069841 1.85441 
0.413034 1.98373 -0.0676036 1.86325 
0.419663 1.98373 -0.0676036 1.86325 
0.426948 1.98537 -0.0632695 1.87996 
0.433658 1.98066 -0.0619084 1.88363 
0.433658 1.98032 -0.0599297 1.8909 
0.448132 1.98476 -0.0578842 1.89776 
0.454814 1.98476 -0.0578842 1.90459 
0.461768 1.98317 -0.0530035 1.91582 
0.461768 1.97621 -0.0530035 1.9173 
0.475528 1.98015 -0.0490575 1.92774 
0.475528 1.98015 -0.0490575 1.92774 
0.488768 1.97242 -0.047932 1.93799 
0.495176 1.97255 -0.0434667 1.94247 
0.495176 1.96385 -0.0425381 1.94247 
0.50793 1.96619 -0.0400894 1.95034 
0.567287 1.83084 -0.0368496 1.90459 
0.567287 1.83084 -0.0368496 1.90459 
0.580209 1.72638 -0.0415613 1.84449 
0.580209 1.72638 -0.0415613 1.84449 
0.580209 1.72638 -0.0415613 1.83955 
0.583133 1.74339 -0.0403601 1.85009 
0.583773 1.74254 -0.0401436 1.84984 
0.583773 1.74254 -0.0401436 1.84984 
0.582648 1.7363 -0.0413466 1.84374 
0.582648 1.7363 -0.0413466 1.84374 
0.581329 1.73087 -0.0425722 1.83821 
0.581329 1.73087 -0.0425722 1.83821 
0.578508 1.74841 -0.0413312 1.84922 
0.578508 1.7439 -0.0413312 1.84922 
0.578508 1.75405 -0.0421201 1.84907 
0.578508 1.75405 -0.0421201 1.84907 
0.56828 1.75385 -0.044051 1.84303 
0.565361 1.7648 -0.0446816 1.84263 
0.565361 1.76172 -0.0451889 1.84229 
0.558242 1.77307 -0.045798 1.84178 
0.554231 1.77307 -0.045798 1.84178 
0.554231 1.783 -0.0460031 1.84668 
0.554231 1.78058 -0.0476295 1.84002 
0.554231 1.77843 -0.0493262 1.83334 
0.550381 1.77843 -0.0510413 1.82659 
0.550381 1.77645 -0.0510413 1.82659 
0.527362 1.78989 -0.0503954 1.83731 
0.517766 1.80322 -0.0508291 1.83507 
0.517766 1.80322 -0.0508291 1.83507 
0.512859 1.80125 -0.0518847 1.83237 
0.412649 1.79162 -0.0793986 1.69273 
0.393693 1.74415 -0.0841282 1.67495 
0.388163 1.74415 -0.0841282 1.67495 
0.383435 1.7652 -0.0841572 1.62847 
0.377957 1.7652 -0.0849806 1.61957 
0.356366 1.77516 -0.0883625 1.59439 
0.350791 1.7723 -0.0883625 1.59201 
0.346275 1.78748 -0.0869923 1.59797 
0.346275 1.78748 -0.0869923 1.59797 
0.336092 1.80078 -0.0886396 1.59683 
0.336092 1.80752 -0.0879019 1.59681 
0.326367 1.80593 -0.0901817 1.59041 
0.326367 1.80593 -0.0906663 1.59041 
0.321881 1.82798 -0.089626 1.59912 
0.314367 1.8345 -0.0901077 1.60041 
0.314367 1.8345 -0.0923552 1.60041 
0.306861 1.84736 -0.0915599 1.60372 
0.302866 1.84502 -0.0938385 1.59878 
0.302866 1.84502 -0.0938385 1.59878 
0.296676 1.85709 -0.0952606 1.60333 
0.293809 1.86271 -0.096032 1.60569 
0.291479 1.86826 -0.096488 1.60837 
0.289715 1.87357 -0.0967066 1.61128 
0.288191 1.87868 -0.0968861 1.61428 
0.28691 1.88353 -0.0970113 1.61738 
0.285867 1.88815 -0.0971052 1.62052 
0.28507 1.89251 -0.0971384 1.62374 
0.28507 1.89251 -0.0971384 1.61984 
0.28518 1.90899 -0.0971035 1.63032 
0.284057 1.90395 -0.0969858 1.63352 
0.288415 1.82766 -0.113885 1.59417 
0.277189 1.81192 -0.11604 1.55971 
0.277189 1.81192 -0.11604 1.55704 
0.29043 1.79218 -0.113616 1.55768 
0.292095 1.78658 -0.114138 1.55513 
0.297814 1.79761 -0.109385 1.56766 
0.299631 1.79208 -0.109651 1.56543 
0.30139 1.78681 -0.110059 1.56358 
0.308948 1.80611 -0.103252 1.58407 
0.308948 1.80087 -0.103701 1.58407 
0.316631 1.81213 -0.0994421 1.5961 
0.316631 1.81213 -0.0994421 1.5961 
0.326518 1.80713 -0.100108 1.60944 
0.326518 1.81706 -0.0947774 1.60944 
0.328324 1.8223 -0.0904262 1.62343 
0.341355 1.82496 -0.0883004 1.63056 
0.341355 1.82496 -0.0883004 1.63056 
0.351045 1.83034 -0.0844545 1.64528 
0.351045 1.83034 -0.0844545 1.64528 
0.352763 1.83575 -0.0807913 1.66022 
0.352763 1.82635 -0.0820781 1.66022 
0.352763 1.82635 -0.083465 1.66022 
0.383134 1.82768 -0.0782819 1.68351 
0.383134 1.82768 -0.0782819 1.68351 
0.389401 1.82768 -0.0795957 1.68351 
0.39564 1.83081 -0.0795957 1.69887 
0.40665 1.83845 -0.0670336 1.71418 
0.40665 1.83845 -0.0670336 1.71418 
0.418715 1.83385 -0.062387 1.71386 
0.424601 1.84284 -0.0601295 1.73647 
0.430592 1.80195 -0.0825628 1.72108 
0.430592 1.80195 -0.0825628 1.72108 
0.397118 1.70383 -0.101398 1.59899 
0.410387 1.70132 -0.089359 1.62096 
0.409813 1.70722 -0.089359 1.62096 
0.409813 1.70722 -0.0902986 1.61933 
0.423154 1.70499 -0.0818056 1.63375 
0.416229 1.70612 -0.086985 1.62594 
0.428387 1.71404 -0.0784466 1.64011 
0.433509 1.71404 -0.0745537 1.64011 
0.433509 1.71816 -0.0745537 1.64642 
0.445311 1.72644 -0.0662385 1.66067 
0.459354 1.73 -0.0578769 1.67397 
0.459354 1.73 -0.0597636 1.67397 
0.469316 1.7339 -0.0528628 1.68738 
0.469316 1.7339 -0.0528628 1.68738 
0.469316 1.7339 -0.0528628 1.68695 
0.491421 1.74066 -0.0413287 1.71092 
0.487294 1.7419 -0.0445171 1.71071 
0.492945 1.74447 -0.0421734 1.71071 
0.508176 1.7485 -0.0343087 1.73518 
0.503455 1.74997 -0.0382006 1.73536 
0.503455 1.74997 -0.0382006 1.74381 
0.532636 1.74971 -0.0262513 1.76041 
0.540561 1.74599 -0.0237314 1.76886 
0.540561 1.74599 -0.0237314 1.76886 
0.555673 1.74468 -0.0194898 1.76911 
0.562926 1.74432 -0.0174199 1.78572 
0.562926 1.74432 -0.0174199 1.79408 
0.57667 1.74342 -0.014032 1.81028 
0.463685 1.78179 -0.0800828 1.77569 
0.421701 1.76049 -0.0821735 1.771 
0.421701 1.75757 -0.0876984 1.6945 
0.415001 1.7603 -0.0755614 1.69006 
0.443277 1.74845 -0.0755614 1.70164 
0.443277 1.74845 -0.0755614 1.70164 
0.481563 1.73257 -0.0552322 1.71601 
0.481563 1.73257 -0.0552322 1.71601 
0.501741 1.72391 -0.0435534 1.72219 
0.501741 1.72391 -0.0435534 1.72219 
0.520813 1.71522 -0.0325183 1.71667 
0.533201 1.70695 -0.026691 1.72199 
0.533201 1.70695 -0.0300165 1.72495 
0.560065 1.68598 -0.0155642 1.73631 
0.550372 1.6894 -0.0195963 1.73631 
0.563147 1.67919 -0.0150251 1.73631 
0.564925 1.67263 -0.0249291 1.72466 
0.57647 1.67263 -0.0249291 1.73688 
0.57647 1.67263 -0.0124936 1.73688 
0.610195 1.66313 -5.33415e-05 1.74958 
0.620534 1.63698 0.00274277 1.7539 
0.620534 1.63698 -0.00385873 1.7539 
0.672164 1.5896 0.0176252 1.77211 
0.672164 1.5896 0.0102819 1.77211 
0.701375 1.56018 0.0223749 1.78292 
0.715206 1.54648 0.014314 1.78009 
0.700314 1.55392 0.014314 1.7861 
0.741575 1.51966 0.0269276 1.80064 
0.725425 1.52854 0.0181088 1.79821 
0.7374 1.52854 0.0192413 1.79821 
0.497497 1.66821 -0.0758667 1.76203 
0.483528 1.839 -0.0645885 1.8628 
0.501703 1.839 -0.0645885 1.85494 
0.484651 1.839 -0.0645885 1.85628 
0.502906 1.8212 -0.0538068 1.85714 
0.555726 1.81676 -0.0538068 1.86655 
0.573109 1.76908 -0.0292909 1.86676 
0.573109 1.76908 -0.0292909 1.86676 
0.556028 1.76908 -0.0328746 1.85801 
0.591031 1.75158 -0.0198994 1.85762 
0.591031 1.75158 -0.0198994 1.85762 
0.573873 1.71416 -0.0241178 1.84845 
0.664582 1.65149 0.0027226 1.86591 
0.711767 1.59198 0.0135884 1.86599 
0.734648 1.56307 0.0185641 1.86629 
0.714765 1.5748 0.0123568 1.86629 
0.77945 1.50433 0.0267923 1.86684 
0.800306 1.47651 0.0304316 1.86742 
0.800306 1.47651 0.0304316 1.85875 
0.840886 1.48965 0.0230124 1.86873 
0.859973 1.39504 0.0387484 1.86958 
0.835912 1.41033 0.0303014 1.86127 
0.835912 1.41033 0.0303014 1.86127 
0.932937 1.28956 0.0431117 1.87444 
0.956772 1.25535 0.0442776 1.8766 
0.929164 1.27497 0.0442776 1.8766 
1.0028 1.18786 0.0354982 1.87094 
0.97305 1.18786 0.0356625 1.87094 
1.04477 1.12664 0.0363464 1.87568 
1.04477 1.15196 0.0363464 1.87811 
0.606025 1.49779 -0.0552386 1.77657 
0.583981 1.78913 -0.03283 2.00233 
0.610916 1.75227 -0.0273058 1.99981 
0.610916 1.75227 -0.0273058 1.99981 
0.576632 1.78445 -0.0312149 1.98682 
0.688022 1.64352 -0.0132324 1.99267 
0.653868 1.6743 -0.0168905 1.97825 
0.680974 1.63531 -0.0117178 1.97471 
0.766997 1.52897 0.00180353 1.98167 
0.732003 1.5595 -0.00200014 1.96608 
0.732003 1.5595 -0.00200014 1.96608 
0.758116 1.58768 -0.00200014 1.96608 
0.811872 1.43609 0.0103762 1.95195 
0.811872 1.43609 0.0103762 1.95195 
0.845728 1.38223 0.0117176 1.94817 
0.981254 1.1925 0.0203916 1.954 
0.981254 1.1925 0.0203916 1.954 
0.943114 1.08771 0.0150509 1.94728 
1.04523 1.03863 0.0217648 1.94415 
1.10334 0.990294 0.0164292 1.92825 
1.10334 0.990294 0.0164292 1.92825 
1.15997 0.893055 0.0217222 1.93581 
1.1104 0.933425 0.0156823 1.92033 
1.14067 0.933425 0.012354 1.92033 
1.24857 0.711699 0.0111908 1.93511 
1.24857 0.711699 0.0111908 1.93511 
1.28465 0.600787 0.00585576 1.93459 
1.28465 0.600787 0.00585576 1.93459 
1.28465 0.600787 0.00585576 1.93459 
1.21359 0.652382 0.00171226 1.91915 
0.627002 1.14501 -0.00984542 1.7619 
0.511169 1.52055 0.0066494 1.69952 
0.511169 1.58108 0.0066494 1.69952 
0.454265 1.58108 -0.00222298 1.94155 
0.583003 1.39959 -0.00222298 1.95898 
0.650842 1.28328 -0.00810089 1.94125 
0.593655 1.34392 -0.00810089 1.94132 
0.722884 1.16118 -0.0191657 1.95905 
0.75705 1.10254 -0.022238 1.95759 
0.75705 1.10254 -0.0217031 1.95759 
0.828184 1.16334 -0.0272908 1.95342 
0.863092 0.92256 -0.0290581 1.95093 
0.863092 0.92256 -0.0290581 1.95093 
0.805183 0.765346 -0.027137 1.92964 
0.999023 0.691319 -0.0530561 1.95313 
0.999023 0.691319 -0.0530561 1.95313 
0.984687 0.757639 -0.0495366 1.93091 
1.13155 0.470798 -0.0725426 1.95382 
1.13155 0.54427 -0.0725426 1.95382 
1.21044 0.33709 -0.0826666 1.95291 
1.21044 0.33709 -0.0826666 1.95291 
1.27845 0.221119 -0.0922272 1.95237 
1.27845 0.221119 -0.0922272 1.95237 
1.35486 0.0794295 -0.119165 1.96323 
1.35486 0.0794295 -0.119165 1.96323 
1.41468 -0.0493501 -0.143825 1.97396 
1.32079 0.0527052 -0.134924 1.95087 
1.34458 0.0527052 -0.144457 1.95582 
1.34458 -0.00671003 -0.144457 1.95582 
1.41795 -0.121371 -0.164807 1.96388 
0.308262 1.22493 0.0146909 1.66712 
0.39018 1.42026 0.0308725 1.97651 
0.39018 1.42026 0.0308725 1.97651 
0.39018 1.42026 0.0308725 1.97651 
0.60629 1.0729 -0.0459005 2.03308 
0.60629 1.17139 -0.0459005 2.03308 
0.520574 1.17139 -0.0376054 2.00818 
0.584155 0.992356 -0.0934911 2.00774 
0.50619 1.08024 -0.082509 1.97996 
0.50619 1.08024 -0.082509 1.97996 
0.735236 0.716148 -0.149236 2.02468 
0.783019 0.628795 -0.164889 2.02774 
0.783019 0.628795 -0.164889 2.02774 
0.902199 0.417824 -0.216893 2.04646 
0.960103 0.316866 -0.197543 2.01249 
0.960103 0.316866 -0.197543 2.01249 
1.07854 0.113007 -0.286141 2.06973 
0.997466 0.115794 -0.261734 2.0333 
0.997466 0.115794 -0.261734 2.0333 
1.05685 0.115794 -0.28011 2.03938 
1.2194 -0.154361 -0.329629 2.0552 
1.03933 0.0788364 -0.329629 1.97928 
1.03933 0.0788364 -0.270462 1.97928 
1.023 0.0505799 -0.27332 1.8393 
0.93203 0.168826 -0.243004 1.8393 
1.13431 -0.131089 -0.328504 1.96626 
1.18298 -0.213297 -0.295424 1.92832 
1.18298 -0.213297 -0.295424 1.94276 
1.28026 -0.376712 -0.402413 2.0068 
1.32258 -0.447874 -0.366542 1.96821 
-0.186523 1.48624 0.0465385 1.5132 
-0.281237 1.59233 0.0642622 1.48602 
-0.281237 1.59233 0.0642622 1.48602 
0.234088 0.757083 -0.112546 1.6268 
0.331104 0.762669 -0.168244 1.74615 
0.386317 0.651053 -0.149974 1.7176 
0.291758 0.756138 -0.149974 1.74999 
0.500981 0.424606 -0.329588 1.84005 
0.406546 0.533304 -0.304913 1.80762 
0.406546 0.533304 -0.352571 1.80762 
0.677185 0.0949646 -0.470304 1.92139 
0.584608 0.208784 -0.436841 1.88483 
0.64791 0.101702 -0.436841 1.90899 
0.709458 -0.00152284 -0.606403 2.00618 
0.709458 -0.00152284 -0.562258 2.00618 
0.982444 -0.415944 -0.693341 2.06084 
0.982444 -0.415944 -0.693341 2.06084 
1.10233 -0.595613 -0.763761 2.10996 
1.00795 -0.457923 -0.704929 2.06181 
1.06477 -0.537034 -0.733886 2.06181 
1.26793 -0.61088 -0.759268 2.10408 
1.16822 -0.676955 -0.783004 2.12288 
1.16822 -0.676955 -0.783004 2.12288 
1.39935 -1.00007 -0.929794 2.24128 
1.42775 -1.03911 -0.854704 2.18612 
1.30943 -0.869056 -0.881284 2.21019 
1.47813 -1.11392 -1.00465 2.30939 
1.47813 -1.11392 -1.00465 2.30939 
1.36056 -0.937889 -1.03482 2.24958 
1.54647 -1.20125 -1.04547 2.3608 
0.175475 0.90237 -0.0289715 1.69509 
-0.0748451 1.34994 0.0871814 1.61326 
-0.0748451 1.34994 0.0871814 1.61326 
0.0611238 1.00975 0.040038 1.71098 
-0.060082 1.13851 -0.0408949 1.76602 
-0.0552671 1.07672 -0.121483 1.82026 
-0.0552671 1.07672 -0.121483 1.82026 
-0.154971 1.12779 -0.169294 2.01127 
-0.0219548 0.877655 -0.35322 1.97513 
-0.00956643 0.812913 -0.424121 2.02175 
-0.269199 0.99458 -0.239845 1.85881 
-0.235462 0.99458 -0.411813 1.98513 
-0.204202 0.914441 -0.411813 2.10707 
-0.182147 0.854608 -0.523223 2.10707 
-0.097571 0.675112 -0.689777 2.18089 
-0.175597 0.78022 -0.623869 2.12547 
-0.165006 0.739828 -0.597357 2.12547 
-0.165006 0.739828 -0.597357 2.12547 
-0.175606 0.714502 -0.701072 2.23706 
-0.175606 0.714502 -0.701072 2.17313 
-0.175606 0.714502 -0.701072 2.17313 
-0.156834 0.67339 -0.618638 2.10932 
-0.156834 0.67339 -0.618638 2.25071 
-0.156834 0.67339 -0.618638 2.25071 
-0.156834 0.67339 -0.618638 2.25071 
-0.156444 0.677187 -0.618638 2.1113 
-0.180596 0.63572 -0.707258 2.22084 
-0.232627 0.735156 -0.734866 2.22084 
-0.254348 0.671033 -0.85709 2.32156 
-0.2744 0.707765 -0.861015 2.32156 
-0.550061 1.33047 -0.187771 2.32873 
0.257923 1.40686 -0.113874 1.93578 
0.204895 0.537133 -0.330343 1.87135 
0.0494357 0.695125 -0.260304 1.89878 
0.0494357 0.695125 -0.273815 1.91578 
0.0494357 0.695125 -0.273815 1.91578 
-0.263692 0.936813 -0.325028 1.9747 
-0.263692 0.936813 -0.325028 1.9747 
-0.370125 1.01259 -0.344284 1.99413 
-0.370125 1.09009 -0.344284 1.99413 
-0.630004 1.17327 -0.462971 2.10787 
-0.667744 1.23803 -0.394868 2.05162 
-0.667744 1.31285 -0.410968 2.07045 
-1.04191 1.5366 -0.461511 2.13555 
-1.23089 1.72231 -0.433778 2.07648 
-1.25088 1.72231 -0.433778 2.07648 
-1.59809 2.08582 -0.377066 2.11556 
-1.77279 2.255 -0.301364 2.05349 
-1.77279 2.255 -0.301364 2.05349 
-2.10678 2.58846 -0.285221 2.08642 
-2.0974 2.61453 -0.208208 2.02152 
-2.25259 2.76615 -0.178546 2.01021 
-2.58073 3.06165 -0.18573 2.04591 
-2.55063 3.06645 -0.110135 1.97962 
-2.80792 3.06645 -0.110135 1.93383 
-3.34137 3.91849 0.0605957 1.90673 
-3.28085 3.89038 0.117514 1.83823 
-3.28085 4.14834 0.117514 1.78785 
-4.01455 4.68231 0.235302 1.75676 
-3.92559 4.68231 0.265567 1.75676 
-3.03595 3.93891 0.252649 0.980569 
-1.75509 2.77566 0.234514 0.918071 
-1.75509 2.93131 -0.0153958 1.0935 
-2.33926 3.50725 0.0367955 1.05271 
-2.15403 3.32939 0.042565 1.0022 
-2.32103 3.57431 0.0888601 0.954837 
-2.82027 4.24884 0.172218 0.909214 
-2.64014 4.06573 0.170566 0.871376 
-2.81328 4.06573 0.170566 0.871376 
-3.3324 4.31961 0.203585 0.835 
-3.15692 4.79167 0.258455 0.772285 
-3.32986 5.03516 0.258455 0.74535 
-3.14409 4.88761 0.300377 0.683714 
-3.31508 5.11661 0.278303 0.670786 
-3.45733 5.40914 0.257835 0.660379 
-3.60826 5.68906 0.342849 0.660379 
-3.60826 5.68906 0.342849 0.660379 
-4.24759 6.73313 0.443421 0.557453 
-4.0382 6.47181 0.407004 0.554228 
-4.0382 6.72438 0.420603 0.535725 
-4.61914 7.47777 0.483894 0.502311 
-4.73759 7.6814 0.435027 0.502644 
-4.51963 7.6814 0.435027 0.502644 
-5.0147 7.39062 0.437029 0.443968 
-5.14161 8.5455 0.588398 0.418423 
-5.14161 8.21424 0.588398 0.418423 
-5.36313 9.21191 0.67347 0.367908 
-5.47369 9.47865 0.708835 0.345239 
-5.2144 9.47865 0.708835 0.345239 
-4.78954 9.10196 0.457918 0.36141 
-3.51606 6.61272 0.208638 0.333479 
-3.62218 7.07866 0.294291 0.518044 
-3.31293 6.60146 0.207605 0.518914 
-3.36145 6.78094 0.207605 0.492019 
-3.77416 7.86572 0.498502 0.411629 
-3.81768 8.15879 0.587085 0.376204 
-3.81768 8.15879 0.587085 0.376204 
-3.51131 7.66216 0.488532 0.383325 
-3.51131 7.66216 0.488532 0.383325 
-1.4194 4.23811 -0.219863 0.38965 
-1.4194 4.23811 -0.219863 0.38965 
-1.4194 4.23811 -0.219863 0.38965 
-1.4194 4.23811 -0.219863 0.38965 
-1.38853 4.07439 0.222738 0.253376 
-1.9749 5.75628 0.711064 0.282245 
-1.77251 5.23764 0.711064 0.282245 
-2.89908 8.48698 0.903086 0.129334 
-2.59495 7.69478 0.903086 0.129334 
-3.0149 9.18341 1.52409 -0.00982027 
-3.1287 9.68029 1.66193 -0.0369985 
-3.1287 9.68029 1.49944 0.00488718 
-3.379 10.5711 1.87706 -0.0768292 
-3.45915 11.0042 1.95988 -0.0852317 
-3.45915 11.0042 1.95988 -0.0852317 
-3.73997 12.0566 1.75225 -0.144267 
-3.82585 12.5925 2.27611 -0.167296 
-3.58726 11.9929 2.03466 -0.0909399 
-3.58726 11.9929 2.12153 -0.107048 
-4.22432 14.0431 2.51734 -0.216193 
-4.22432 14.0431 2.51734 -0.216193 
-2.59461 9.54659 0.553814 0.333202 
-2.59461 9.54659 0.553814 0.333202 
-4.38975 11.5757 0.74012 -0.0518832 
-4.00995 10.9902 0.826114 -0.0983111 
-4.00995 10.9902 0.826114 -0.0983111 
-2.95655 8.81789 0.999651 -0.222089 
-2.39657 7.7889 0.827384 -0.171606 
-2.13061 7.05565 0.827384 -0.171606 
-1.12661 5.04198 1.17149 -0.344897 
-1.12661 5.04198 1.17149 -0.344897 
-0.678398 4.21355 1.02113 -0.288421 
-0.339193 4.21355 1.41933 -0.449359 
-0.339193 3.43575 1.41933 -0.449359 
0.285662 2.4221 1.97825 -0.660688 
0.285662 2.4221 1.97825 -0.660688 
0.0629746 3.37916 2.373 -0.79847 
0.0629746 3.08244 2.373 -0.79847 
-0.0958589 4.15333 2.68986 -0.89596 
-0.0958589 4.15333 2.68986 -0.89596 
-0.233775 4.69426 2.94181 -0.98274 
-0.233775 4.69426 2.94181 -0.98274 
-0.19599 3.1145 1.28759 -0.279226 
-0.252483 3.49704 1.28759 -0.50812 
-0.252483 3.96494 1.28759 -0.50812 
-0.246116 4.04787 1.28759 -0.558702 
-0.246116 4.04787 1.28759 -0.6186 
-0.124424 4.02577 1.28759 -0.849508 
-0.0507971 3.91204 1.28759 -0.89589 
-0.0259735 3.50651 1.28759 -0.765767 
0.0149517 3.69871 3.14041 -0.986379 
-0.00665951 2.37779 1.96829 -0.437331 
-3.84453 4.7753 1.47618 -4.7158 
-3.72146 4.5751 1.63853 -4.57712 
-3.4866 4.4752 2.19736 -4.53798 
-3.24894 3.43663 1.66302 -3.66579 
-2.78893 3.03091 1.45939 -3.28903 
-2.78893 3.03091 1.45939 -3.28903 
-2.36263 2.06444 1.45939 -3.28903 
-1.41902 1.65983 2.1255 -2.1373 
-1.41902 1.48771 2.1255 -2.1373 
-0.440613 1.47516 1.98208 -1.88918 
-0.342878 1.33146 2.62614 -1.88918 
-0.0877095 1.38976 3.3022 -2.02827 
0.094131 1.29719 3.00666 -1.79445 
0.094131 1.29719 3.00666 -1.81499 
0.508526 1.1729 3.83141 -2.08421 
0.680093 0.802748 3.9913 -2.08174 
0.680093 0.802748 3.9913 -2.08174 
0.680093 0.802748 3.9913 -2.08174 
0.680093 0.802748 3.9913 -2.08174 
1.11327 0.275759 3.9913 -1.43194 
1.03732 0.268855 3.74299 -1.93234 
1.10071 0.129803 3.79761 -1.80865 
0.997996 0.112335 3.79761 -1.60597 
0.997996 0.112335 3.43422 -1.60597 
1.31757 -0.190244 4.14797 -1.93675 
1.31757 -0.190244 4.14797 -1.93675 
1.4321 -0.722125 4.30601 -1.99357 
1.83419 -0.839906 4.49742 -2.0446 
1.65469 -0.839906 4.49742 -2.0446 
1.71471 -0.842171 4.67458 -2.1044 
1.71471 -0.842171 4.67458 -2.1044 
2.08191 -1.25559 5.14147 -0.427322 
2.14702 -1.33351 5.25308 -0.578393 
1.9469 -1.18649 4.76737 -0.477386 
2.04745 -1.18649 4.90102 -0.477386 
2.44244 -1.53976 5.63849 -1.25415 
2.50991 -1.58954 5.67415 -0.905906 
2.50991 -1.58954 5.67415 -0.905906 
2.63584 -1.67394 5.96242 -0.741012 
2.69096 -1.70924 6.12087 -0.371446 
2.69096 -1.70924 6.12087 -0.371446 
2.78673 -1.7775 6.40547 -0.567208 
2.5256 -1.7775 6.40547 -0.190145 
2.92668 -1.82374 6.77208 -0.416038 
2.92668 -1.82374 6.77208 -0.416038 
3.08548 -1.84381 7.16152 -0.236863 
3.08548 -1.6541 7.16152 0.147214 
3.21583 -1.8585 6.79461 0.23632 
3.21583 -1.8585 6.94974 0.23632 
2.91651 -1.66593 6.94974 0.326593 
3.32512 -1.86897 7.12353 0.420887 
3.41137 -1.87937 8.11053 0.322547 
3.41137 -1.87937 8.11053 0.322547 
3.52142 -1.85193 8.40228 0.495732 
3.52142 -1.85193 8.40228 0.495732 
3.65294 -1.79575 8.7143 0.651297 
3.30765 -1.61238 8.04509 1.04572 
3.36696 -1.59616 8.19459 1.11923 
3.8257 -1.74061 9.12883 0.884209 
2.7821 -1.2553 7.1149 2.02318 
2.7821 -1.2553 7.1149 2.02318 
3.37362 -1.48335 8.0415 1.63764 
3.37362 -1.48335 8.0415 1.63764 
3.569 -1.43321 8.58748 1.69791 
3.569 -1.43321 8.58748 1.69791 
3.76013 -1.30493 9.18364 1.73406 
3.40715 -1.30493 9.18364 1.73406 
3.14246 -1.01282 8.08493 2.10894 
2.91115 -0.999823 8.32525 2.80673 
2.91115 -0.911235 7.68372 2.80673 
3.13048 -0.901872 8.25463 2.45676 
3.6681 -0.975265 9.43175 2.78609 
3.32054 -0.875997 9.43175 2.78492 
3.83251 -0.887088 8.98384 2.77489 
3.4718 -0.887088 8.98384 2.77489 
3.96184 -0.748832 10.6516 2.24652 
3.58546 -0.748832 10.6516 2.59109 
4.0618 -0.646512 11.1012 2.12875 
3.67358 -0.646512 11.1012 2.12875 
3.71573 -0.551546 10.397 2.41079 
3.76041 -0.523838 10.5413 2.34624 
3.80408 -0.498219 10.7072 2.28193 
3.84439 -0.473297 10.7072 2.21602 
3.88083 -0.449041 10.9604 2.28974 
3.78352 -0.536203 11.2321 2.28974 
3.78352 -0.536203 11.2321 2.28974 
3.162 -0.67328 10.8082 2.94439 
3.162 -0.67328 10.8082 2.94439 
2.56154 -0.853264 10.6056 3.68917 
1.9569 -0.735434 8.78534 4.23337 
1.9569 -0.735434 8.78534 4.23337 
2.31102 -1.07603 10.5143 2.84246 
1.82064 -0.816492 8.88757 3.35868 
1.59232 -0.887279 8.09599 3.5859 
1.42461 -1.07783 8.58793 4.194 
1.27248 -1.07783 8.58793 4.194 
1.37465 -1.49287 10.7915 4.21012 
1.21101 -1.49287 10.016 4.41086 
1.30175 -1.74981 12.0523 4.42491 
1.25615 -1.85907 12.5466 4.52991 
1.25615 -1.85907 12.5466 4.52991 
0.497957 -1.04898 7.2445 5.5786 
0.497957 -1.04898 7.2445 5.5786 
0.503719 -0.4083 4.40475 5.35534 
0.49781 -0.4083 4.40475 5.35534 
0.595427 -0.677926 7.01048 5.11356 
0.595427 -0.677926 7.01048 4.84723 
0.687596 -1.49096 9.6327 4.35993 
0.687596 -1.49096 9.6327 4.35993 
0.65782 -1.87166 8.9521 3.85201 
0.628995 -2.0303 11.9152 3.60674 
0.521458 -1.84999 11.9152 3.60674 
0.579386 -2.3143 12.9375 3.09211 
0.482229 -2.48433 13.4408 2.89436 
0.482229 -2.48433 12.2017 2.8435 
0.235304 -2.82733 14.3271 2.49409 
0.15724 -2.57683 12.9995 2.43074 
0.0575042 -2.72014 12.9995 2.21026 
-0.0675793 -3.24988 15.3556 1.83321 
-0.153769 -2.65957 12.4799 1.6414 
-0.16517 -2.38357 12.4799 1.52646 
-0.16517 -2.38357 11.1078 1.52646 
-0.16517 -2.38357 11.1078 1.52646 
-0.401423 -3.28771 13.8524 -2.10454 
-0.401423 -3.28771 12.4643 -1.86576 
-0.511436 -2.83649 11.571 -0.905736 
-0.632704 -3.03826 11.9391 -0.905736 
-0.632704 -3.03826 11.9391 -0.905736 
-0.632704 -3.03826 11.9391 -0.905736 
-1.02287 -3.92163 14.356 -0.168293 
-1.13851 -4.05718 14.6051 0.0532651 
-1.24897 -4.16311 14.8782 0.322806 
-1.34657 -4.16311 15.057 0.538427 
-1.54201 -4.80084 16.7414 0.727495 
-1.44886 -4.34458 16.7414 0.727495 
-1.4746 -4.76387 15.0244 0.950006 
-1.4746 -4.76387 14.8509 0.950804 
-1.35954 -4.70904 14.8115 1.04448 
-1.22654 -4.23756 14.8115 1.04448 
-1.08642 -4.20378 14.506 0.967483 
-0.948483 -4.20378 14.506 0.937154 
-0.948483 -3.76015 12.9887 0.937154 
-0.693907 -3.77418 11.7111 0.909622 
-0.693907 -3.35611 11.7111 0.909622 
-0.68261 -3.78866 13.2459 1.43031 
-0.68261 -3.78866 13.2459 1.43031 
-0.658285 -3.7365 13.1709 1.78354 
-0.658285 -3.7365 13.1709 1.78354 
-0.656877 -3.69428 13.1063 2.08487 
-0.492774 -2.95489 10.5286 1.65965 
-0.492774 -2.95489 10.5286 1.65965 
-0.403556 -2.62331 9.32624 1.43524 
-0.403556 -2.62331 9.32624 1.43524 
-0.667601 -3.74532 14.363 -0.238956 
-0.613483 -3.3757 13.0064 -0.195179 
-0.639979 -3.28759 12.8238 0.507964 
-0.639979 -3.28759 12.8238 0.507964 
-0.639979 -3.28759 12.8238 0.507964 
-0.741969 -2.2191 8.59973 1.33564 
-0.741969 -2.2191 8.59973 1.33564 
-0.363821 -2.0225 7.98026 2.01313 
-0.308657 -2.0225 7.98026 2.01313 
-0.411414 -2.14452 8.73738 3.03751 
-0.411414 -1.92611 7.88638 2.7573 
-0.356998 -1.92611 7.88638 2.7573 
-0.475996 -2.06601 9.06741 4.03464 
-0.475996 -2.06601 9.06741 4.03464 
0.0317708 -0.585732 3.37705 1.39234 
0.0317708 -0.585732 3.37705 1.39234 
0.0317708 -0.585732 3.37705 1.39234 
-0.0502486 -0.334264 0.719225 0.395426 
-0.0502486 -0.463182 0.719225 0.395426 
-0.255582 -0.906876 5.71495 4.69368 
-0.34773 -0.983708 6.24698 4.58469 
-0.34773 -0.905336 6.24698 4.58469 
-0.580295 -0.996859 6.69057 5.59565 
-0.676883 -1.00532 6.91909 5.94695 
-0.645973 -0.929722 6.33817 5.38889 
-0.645973 -0.938509 6.33817 5.38889 
-0.777911 -0.944778 6.53991 5.83107 
-0.944803 -1.03169 10.2791 2.53692 
-0.944803 -0.94678 10.2791 2.53692 
-0.921806 -0.947879 10.1649 4.17969 
-0.960093 -0.949519 9.79985 4.54337 
-0.960093 -0.949519 9.79985 4.54337 
-1.37185 -0.90095 8.76855 5.93157 
-1.26606 -0.865545 8.76855 6.15543 
-1.37529 -0.829799 6.65451 5.50876 
-1.47357 -0.79344 6.65451 7.11058 
-1.47357 -0.79344 6.65451 7.11058 
-1.86548 -0.767706 5.71156 8.8117 
-1.70744 -0.695905 5.09041 7.9418 
-1.70744 -0.695905 4.93875 8.46202 
-2.05558 -0.674256 4.85097 9.76246 
-1.87087 -0.61247 4.85097 8.96897 
-2.0523 -0.530699 4.2173 10.2189 
-2.0523 -0.474389 4.2173 10.2189 
-2.10079 -0.310707 4.02047 9.21294 
-2.15727 -0.218279 3.90795 10.5528 
-1.9175 -0.218279 3.68967 10.5528 
-2.316 -0.0654636 3.70029 9.92528 
-2.06685 -0.0533831 3.70029 9.88016 
-2.14989 -0.0100894 3.25059 10.2548 
-2.21076 0.0310998 3.05256 10.3211 
-2.03491 0.0669611 2.78539 9.49838 
-2.03491 0.0669611 2.59261 9.49838 
-2.03491 0.0669611 2.59261 9.49838 
-2.56988 0.302317 1.74319 11.166 
-2.65588 0.356455 1.1986 10.9969 
-2.44724 0.349031 1.05065 9.69246 
-2.59296 0.447418 -6.77003 9.54264 
-2.59296 0.447418 -6.77003 9.54264 
-2.71803 0.564212 -6.75823 9.2359 
-2.71803 0.564212 -6.75823 9.2359 
-2.90764 0.688703 -6.54452 9.07731 
-2.90764 0.637499 -5.99972 9.07731 
-2.61056 0.805026 -5.99972 8.07289 
-3.29174 0.842032 -6.36791 8.22225 
-2.96692 0.755321 -5.7674 8.32573 
-3.50352 0.89493 -5.60078 8.45784 
-3.26395 0.82308 -5.47647 8.72912 
-3.26395 0.82308 -5.47647 8.72912 
-3.26395 0.84556 -5.47647 7.83034 
-3.35863 0.84556 -4.88898 7.83034 
-3.65767 0.887417 -5.53819 9.21848 
-3.28408 0.779634 -4.92362 8.21296 
-3.28408 0.779634 -4.92362 8.21296 
-3.94417 0.940937 -5.67881 9.51219 
-4.07691 0.966022 -5.92546 9.6651 
-4.19212 0.980853 -6.06519 9.77393 
-4.2926 0.990111 -6.06519 9.85174 
-4.89042 1.12247 -6.99629 11.0161 
-4.89042 0.990543 -6.30488 11.0161 
-5.00605 1.11997 -6.39542 9.89345 
-5.00605 0.992018 -6.39542 9.89345 
-4.74914 1.02116 -7.73583 10.1478 
-4.74914 1.02116 -7.00398 10.1478 
-4.74914 1.02116 -7.00398 10.1478 
-4.97747 1.07094 -7.00398 9.03122 
-4.97747 1.07094 -7.00398 9.03122 
-4.97747 1.07094 -7.00398 9.03122 
-4.57597 0.859109 -7.00398 9.03122 
-5.45312 1.14796 -7.95567 11.1962 
-5.45312 1.15708 -7.95567 11.1962 
-6.15121 1.2606 -9.11085 12.5428 
-5.58286 1.1064 -8.21065 11.2196 
-5.58286 1.0767 -8.21065 11.2196 
-6.41306 1.16983 -10.0134 12.7267 
-5.81108 1.03766 -9.06669 11.3988 
-5.81108 1.03766 -9.06669 11.3988 
-5.86841 1.13752 -9.17393 11.4695 
-6.58189 1.13752 -10.628 12.9126 
-6.58189 1.13752 -10.628 12.9126 
-6.60936 1.12348 -10.628 12.9126 
-5.96233 1.12348 -10.628 12.9126 
-5.96233 1.12348 -10.628 12.9126 
-6.87013 1.04639 -10.926 12.9126 
-6.87013 1.0168 -10.926 12.9126 
-6.94691 1.0168 -13.1475 12.9126 
-6.29265 0.859859 -12.2666 12.4281 
-5.5977 0.77674 -11.0157 12.4281 
-5.5977 0.77674 -11.0157 11.1164 
-7.11921 0.938044 -12.823 14.4143 
-7.11921 0.938044 -12.823 14.4143 
-7.23939 0.878345 -13.2666 14.7183 
-7.23939 0.878345 -11.9243 14.7183 
-7.41219 0.728971 -13.9296 15.0901 
-6.68639 0.638753 -12.6403 13.5004 
-6.76273 0.588113 -12.6403 13.7023 
-6.83983 0.547164 -13.0124 13.9513 
-6.91781 0.51165 -16.3709 14.1891 
-6.98928 0.485818 -16.5317 14.3046 
-7.84633 0.486599 -18.2337 16.0495 
-7.84633 0.486599 -18.2337 16.0495 
-7.59136 0.445713 -16.5538 16.0816 
-7.04709 0.441053 -17.6516 16.2719 
-6.28069 0.441053 -17.6516 16.2719 
-6.01095 0.462244 -17.2169 15.6245 
-5.30731 0.450594 -15.5208 13.9958 
-4.87779 0.47957 -15.2852 13.0666 
-4.48886 0.50843 -15.1678 12.2741 
-4.13877 0.534327 -15.1678 11.5742 
-4.13877 0.534327 -15.0997 11.5742 
-3.07001 0.548068 -15.1048 9.88901 
-3.07001 0.548068 -15.1048 9.88901 
-2.86532 0.563456 -13.6549 9.88901 
-2.99745 0.567472 -13.6549 8.86828 
-2.89255 0.541598 -15.8055 9.75045 
-2.74311 0.491276 -17.379 10.6053 
-2.74311 0.491276 -17.379 10.6053 
-2.69234 0.486089 -18.2406 10.5321 
-2.69234 0.486089 -18.2406 10.5321 
-2.86869 0.506332 -20.5582 10.5087 
-2.86869 0.506332 -20.5582 10.5087 
-2.68514 0.510511 -21.2319 9.97702 
-2.49625 0.506297 -19.9718 8.80079 
-2.15652 0.511236 -20.2759 8.80079 
-2.14737 0.510206 -22.26 9.03218 
-1.01037 0.567552 -17.3391 5.58648 
-0.743004 0.567493 -17.3391 4.92238 
-0.877699 0.547509 -17.3391 2.38527 
-0.687815 0.547509 -17.3391 2.38527 
-0.813847 0.541466 -17.3391 3.05566 
-1.91816 0.630873 -23.3704 2.31834 
-1.91816 0.630873 -23.3704 2.31834 
-3.73326 0.535387 -23.2142 3.13755 
-4.20104 0.317792 -23.4722 2.5326 
-4.5287 0.0865981 -23.8023 2.50485 
-4.76377 -0.109896 -24.1523 3.03502 
-5.04894 -0.109896 -24.6871 3.03502 
-5.21919 -0.308917 -25.1838 2.8553 
-5.38131 -0.349267 -25.7398 2.17017 
-5.38131 -0.349267 -25.7398 2.17017 
-5.62171 -0.354343 -25.0416 1.77221 
-5.91695 -0.354343 -25.0416 -0.17643 
-5.91695 -0.354343 -23.249 -0.17643 
-5.91695 -0.381251 -22.9665 -0.498821 
-4.61575 1.92743 -15.5849 -0.546406 
-4.61575 2.57897 -15.3258 -0.172361 
-4.42937 2.57897 -15.3258 -0.177663 
-3.57577 3.74756 -15.3258 -0.177663 
-3.09721 4.28068 -13.2599 0.3797 
-2.63745 4.78422 -14.3386 0.942299 
-2.20999 5.26563 -14.1192 0.942299 
-1.54194 5.68736 -15.1542 1.49816 
-1.54194 5.68736 -15.1542 1.49816 
-0.571607 6.4683 -14.3956 1.20933 
-0.571607 6.4683 -14.3956 1.20933 
-0.571607 6.4683 -14.3956 1.20933 
0.969954 7.38004 -13.5465 0.969052 
0.969954 7.63905 -12.2063 0.830198 
1.69149 7.81586 -13.1452 0.88344 
1.69149 7.81586 -13.1452 0.791612 
1.80987 8.11717 -12.8796 0.817691 
2.88819 8.22093 -12.733 0.703752 
2.95809 8.31659 -11.5323 0.567696 
2.95809 8.35706 -11.3145 0.331933 
4.10537 8.34492 -12.0588 -0.0353691 
4.47522 8.3284 -10.9833 -0.0623218 
4.4708 8.3284 -10.9833 -0.0623218 
5.15597 8.20978 -11.6704 -0.586427 
5.47017 8.11436 -10.6562 -0.590689 
5.41012 8.01573 -10.5887 -0.739594 
5.41012 8.01573 -10.5887 -0.739594 
6.30595 7.68237 -11.4886 -1.46608 
6.30595 7.52842 -10.6565 -1.50688 
6.40734 7.3445 -10.6077 -1.81305 
6.5947 7.15283 -10.5768 -2.11681 
7.13953 6.93406 -10.5549 -2.42798 
7.13953 6.75268 -10.5464 -2.73477 
7.30543 6.52372 -11.292 -3.40945 
6.93852 6.52372 -11.292 -3.40945 
7.34458 6.10088 -11.3375 -3.92157 
7.34458 6.10088 -11.3375 -3.92157 
7.28375 5.67909 -11.415 -4.35858 
6.82531 5.4921 -10.7171 -4.16846 
6.76656 5.28468 -10.7171 -4.16846 
7.10663 5.05925 -11.101 -5.4492 
7.10663 5.05925 -11.101 -5.4492 
6.0403 4.47812 -10.3694 -5.36951 
6.0403 4.47812 -9.70443 -5.02781 
5.96631 4.26763 -9.61638 -5.27104 
5.96631 4.26763 -9.61638 -5.27104 
6.62463 3.81717 -10.6327 -6.79091 
6.11368 3.63761 -9.98884 -6.30079 
6.00833 3.44103 -9.90916 -6.41454 
5.89025 3.24919 -9.69058 -6.69536 
5.89025 3.24919 -9.69058 -6.69536 
5.65405 2.86768 -9.25947 -7.131 
5.53694 2.86768 -9.25947 -7.131 
5.81049 2.47544 -9.29292 -8.1641 
5.81049 2.47544 -9.29292 -8.1641 
5.56266 2.10678 -8.87453 -8.29952 
5.43498 1.92651 -8.65855 -8.32818 
5.43498 1.92651 -8.65855 -7.569 
5.15874 1.57019 -8.09426 -8.51181 
4.64744 1.40561 -7.41557 -7.71614 
4.50711 1.23391 -7.05626 -7.86025 
4.37802 1.07115 -6.69785 -7.98169 
4.25841 1.07115 -6.69785 -8.06671 
2.76508 0.564735 -6.35154 -8.12408 
2.76508 0.469673 -6.35154 -8.12408 
2.75286 0.18227 -3.13135 -6.31401 
2.75286 0.18227 -3.13135 -6.31401 
3.12029 0.0953144 -3.29102 -7.40709 
3.12029 0.0953144 -2.86636 -7.40709 
3.06649 -0.00110298 -2.94526 -7.8059 
3.04125 -0.032594 -2.55826 -6.93086 
3.04125 -0.032594 -2.4067 -6.93086 
2.70262 -0.0511257 -2.27315 -7.19583 
3.01341 -0.0771032 -2.42014 -8.77839 
3.00816 -0.123154 -2.14745 -7.81825 
2.68539 -0.125905 -2.14745 -7.9876 
3.00849 -0.141526 -2.30311 -9.25903 
3.00849 -0.141526 -2.30311 -9.25903 
2.98877 -0.1492 -2.23598 -9.61062 
2.98877 -0.1492 -2.23598 -9.61062 
2.6392 -0.147007 -1.47846 -8.5487 
2.6392 -0.147007 -1.2884 -8.5487 
2.0812 -0.159835 -1.2884 -7.67366 
2.12057 -0.161281 -1.27897 -9.20886 
2.12057 -0.16382 -1.27897 -9.20886 
2.14891 -0.163997 -1.27468 -8.21762 
2.18052 -0.161217 -1.28359 -9.08242 
2.18052 -0.155191 -1.28359 -9.3316 
2.48735 -0.147665 -1.48231 -10.8323 
2.23786 -0.133642 -1.40519 -9.70923 
2.22112 -0.133642 -1.39965 -9.98457 
2.4352 -0.121187 -1.48595 -11.6138 
2.19182 -0.0996182 -1.48595 -11.6138 
1.95029 -0.0812125 -1.25779 -9.89603 
1.73963 -0.0816937 -1.25779 -9.89603 
1.75889 -0.0850626 -0.952652 -9.89603 
1.75889 -0.0885598 -0.901436 -9.89603 
2.0329 -0.0887984 -0.993383 -11.2893 
1.82309 -0.0850398 -0.932499 -10.115 
1.99976 -0.0752913 -0.9905 -11.5854 
1.69172 -0.0752913 -0.715541 -11.5854 
1.88457 0.252949 -0.523164 -10.292 
2.02457 0.285193 -0.359966 -10.4458 
2.31277 0.285193 -0.237095 -10.4458 
2.31277 0.285193 -0.237095 -10.4458 
2.39839 0.212616 -0.163314 -12.0843 
2.21004 0.212616 -0.187873 -10.7941 
2.18446 0.182608 -0.151061 -10.8718 
2.14845 0.182608 -0.151061 -10.8718 
2.14845 0.182608 -0.140402 -11.0794 
2.14616 0.137811 -0.11953 -11.0937 
2.14616 0.137811 -0.11953 -11.0937 
2.00741 0.102409 -0.0857759 -12.2629 
1.94254 0.0865413 -0.106694 -12.168 
1.94254 0.0865413 -0.106694 -12.168 
1.81488 0.0712874 -0.114951 -12.0501 
1.75482 0.0636064 -0.11239 -12.0066 
1.55727 0.0533652 -0.0915863 -10.7628 
1.55727 0.04632 -0.0651048 -10.7823 
1.56043 0.0453806 -0.0253205 -11.8659 
1.38234 0.0332076 -0.000533206 -10.6655 
1.38234 0.0266332 -0.000533206 -10.5877 
1.36476 0.0263819 0.0675165 -11.6162 
1.20628 0.0143494 0.0799913 -10.4304 
1.16105 0.00892663 0.10448 -10.3742 
1.12359 0.00416082 0.136931 -10.3533 
1.09185 0.000361932 0.166031 -10.3445 
1.09185 0.000361932 0.166031 -10.3445 
1.1334 0.00254051 0.196858 -11.3422 
1.1334 -0.00422658 0.196858 -11.3422 
1.02986 0.00305709 0.200777 -10.9327 
1.02986 -0.00361414 0.192033 -9.80366 
0.772511 -0.0109067 0.249226 -8.66358 
0.772511 -0.0109067 0.249226 -8.66358 
0.750079 -0.0112724 0.311066 -8.6641 
0.750079 -0.0112724 0.311066 -8.6641 
0.856499 0.00352521 0.401391 -10.5071 
0.760108 0.00352521 0.401391 -10.5071 
0.741772 0.000672723 0.3264 -9.20402 
0.720961 0.000672723 0.3264 -9.20402 
0.720961 0.000672723 0.3264 -9.20402 
0.701245 0.0110803 0.38769 -9.61099 
0.701245 0.00570784 0.38769 -9.61099 
0.643165 0.0140867 0.401765 -9.24035 
0.617476 0.0153937 0.379495 -8.28877 
0.548771 0.0153937 0.379495 -8.28877 
0.577342 0.0179755 0.444292 -8.84488 
0.559025 0.0119209 0.421124 -7.94483 
0.496595 0.0135675 0.430323 -7.85636 
0.505477 0.0211108 0.47714 -8.36881 
0.447894 0.014959 0.449122 -7.50996 
0.419982 0.0151518 0.463414 -7.30607 
0.395603 0.0152035 0.483725 -7.13862 
0.395603 0.0152035 0.483725 -7.13862 
0.336697 0.0150986 0.553493 -7.48075 
0.336697 0.0150986 0.516887 -6.71259 
0.336697 0.0150986 0.516887 -6.71259 
0.295769 0.00875343 0.516887 -6.71259 
0.30578 0.0242368 0.553221 -5.96172 
0.296536 0.0191876 0.553221 -6.55865 
0.296536 0.0191876 0.60682 -6.55865 
0.258173 0.0256432 0.61065 -6.60013 
0.226271 0.013539 0.541453 -5.90484 
0.19845 0.020243 0.540542 -5.60255 
0.194803 0.020243 0.540542 -5.60255 
0.192397 0.0272265 0.58668 -5.95432 
0.170198 0.0272265 0.58668 -5.35376 
0.169252 0.0224372 0.571368 -5.69702 
0.157811 0.0300392 0.556601 -5.5559 
0.157811 0.0247293 0.556601 -5.5559 
0.119173 0.0295303 0.542046 -4.97047 
0.119173 0.0295303 0.542046 -5.08374 
0.0892975 0.0292321 0.552901 -4.71939 
0.0892975 0.0241389 0.518294 -4.71939 
0.0654637 0.02918 0.565628 -4.42949 
0.0289182 0.00582136 0.411961 -1.81149 
0.0279993 0.00394299 0.392829 -1.60947 
0.0279993 0.00394299 0.392829 -1.60947 
0.0174921 0.0101773 0.373454 -1.79474 
0.0174921 0.00774845 0.373454 -1.59446 
0.00693449 0.00986834 0.339784 -1.63455 
0.00773568 0.00822117 0.311922 -1.63455 
-0.0106807 0.0147186 0.361585 -1.74428 
-0.0193231 0.0147186 0.361585 -1.74428 
-0.0373635 0.02157 0.398923 -2.03612 
-0.0353331 0.0178369 0.349346 -1.83161 
-0.0353331 0.0182736 0.349346 -1.84795 
-0.0474158 0.0166037 0.28955 -1.67934 
-0.041307 0.0132228 0.236217 -1.4996 
-0.0348137 0.0132228 0.236217 -1.3407 
-0.0459637 0.0184501 0.272289 -1.40232 
-0.0459637 0.0184501 0.272289 -1.40232 
-0.061562 0.0197498 0.286579 -1.20536 
-0.0542134 0.0197498 0.257359 -1.20536 
-0.0542134 0.01673 0.257359 -1.19652 
-0.0675653 0.0152061 0.266836 -1.3193 
-0.0675653 0.0152061 0.266836 -1.3193 
-0.0946136 0.0220478 0.317792 -1.29853 
-0.0946136 0.667155 0.317792 -1.28588 
-0.707439 1.12184 0.298258 -1.15171 
-0.902271 1.50981 0.298258 -1.15171 
-1.09295 1.8767 0.361527 -1.2155 
-1.26838 2.2306 0.358694 -1.15917 
-1.26838 2.2306 0.358694 -1.15917 
-1.42791 2.57237 0.327299 -1.05296 
-1.7935 3.23099 0.35634 -1.03101 
-1.7935 3.54012 0.327374 -1.03101 
-2.1367 3.8421 0.357933 -0.970389 
-2.3005 4.13061 0.363128 -0.944716 
-2.3005 4.13061 0.363128 -0.944716 
-2.61943 4.66987 0.356985 -0.814877 
-2.77378 4.91677 0.346763 -0.750087 
-2.90099 5.14442 0.310886 -0.680946 
-2.90099 5.14442 0.310886 -0.627044 
-3.18267 5.54691 0.284602 -0.580413 
-3.3085 5.71863 0.272743 -0.540229 
-3.3085 5.71863 0.261652 -0.540229 
-3.55439 6.0083 0.25142 -0.47545 
-3.55439 6.12523 0.25142 -0.47545 
-3.64098 6.12523 0.242131 -0.449032 
-3.83271 6.30477 0.238059 -0.368014 
-3.83271 6.30477 0.238059 -0.368014 
-3.95905 6.40993 0.173526 -0.30404 
-4.0021 6.43602 0.173526 -0.286537 
-4.07715 6.4478 0.200113 -0.219674 
-4.07715 6.43994 0.200113 -0.219674 
-4.14558 6.41781 0.190823 -0.166494 
-4.16663 6.37901 0.187698 -0.144192 
-4.16663 6.37901 0.187698 -0.144192 
-4.16606 6.25701 0.180158 -0.101854 
-4.17244 6.17386 0.173828 -0.0796921 
-4.14657 6.0772 0.15816 -0.082775 
-4.12269 5.96845 0.153962 -0.0634514 
-4.09122 5.84755 0.150996 -0.0451897 
-4.05243 5.71525 0.14934 -0.0282826 
-4.05243 5.71525 0.14934 -0.0282826 
-3.96395 5.41967 0.160057 0.0247174 
-3.96395 5.41967 0.160057 0.0247174 
-3.89561 5.08656 0.164107 0.0486886 
-3.84072 4.90745 0.156646 0.0360306 
-3.84072 4.72141 0.156646 0.023669 
-3.84072 4.72141 0.149564 0.023669 
-3.33464 4.48403 0.370647 -0.0117813 
-3.19335 4.36187 0.41597 0.0045109 
-3.04695 4.24768 0.443932 0.0219731 
-2.75605 4.00272 0.426548 0.0713395 
-2.75605 4.00272 0.426548 0.0713395 
-2.61415 3.87848 0.410204 0.0884191 
-2.61415 3.87848 0.410204 0.0989168 
-2.31715 3.61639 0.3526 0.0967942 
-2.17102 3.48282 0.329171 0.0896695 
-2.01886 3.34763 0.329171 0.0896695 
-1.86993 3.34763 0.296328 0.0567507 
-1.7145 3.07168 0.228693 -0.0284011 
-1.56426 2.93449 0.197705 -0.0534085 
-1.56426 2.93449 0.197705 -0.0534085 
-1.42081 2.65587 0.164354 -0.0484957 
-1.2723 2.65587 0.135323 -0.0867682 
-1.13135 2.51745 0.109635 -0.0867682 
-0.852008 2.24329 0.109635 -0.0867682 
-0.348495 1.47758 0.0658495 -0.110137 
-0.285666 1.33044 0.0658495 -0.0358881 
-0.243412 1.19756 0.0125164 -0.0308568 
-0.243412 0.968553 0.0125164 0.0389064 
-0.243412 0.968553 0.0125164 0.0389064 
-0.145232 0.869421 0.0200539 0.0398277 
-0.133566 0.696413 0.0328857 0.0398277 
-0.133566 0.696413 0.0328857 0.0386994 
-0.133566 0.696413 0.0328857 0.0386994 
-0.11786 0.55323 0.0444734 0.177591 
-0.11786 0.55323 0.0444734 0.177591 
