-nan 0 2.11084e-312 3.16202e-322 
1.93115 6.26076 -0.13287 6.02539 
2.53573 6.25804 0.117235 11.8556 
2.53573 11.5007 0.117235 11.8556 
2.53573 11.5007 0.117235 11.8556 
2.53573 11.5007 0.117235 11.8556 
2.83371 10.9942 0.432997 11.2776 
2.86375 10.902 0.43903 11.2776 
2.86375 10.902 0.43903 11.2776 
2.91728 10.7598 0.475437 11.1642 
3.05806 10.4025 0.58034 10.8683 
3.4052 9.03294 0.751152 9.79144 
3.4052 9.03294 0.751152 9.79144 
3.44671 8.79043 0.754522 9.61178 
3.49044 8.34314 0.759964 9.43478 
3.5364 8.34314 0.753952 9.31201 
3.5999 8.0988 0.729082 9.13494 
3.5999 7.64363 0.729082 8.82637 
3.61827 7.64363 0.729082 8.82637 
3.6552 7.42068 0.653115 8.82637 
3.62915 6.40629 0.501323 7.89552 
2.8145 5.69724 0.27582 7.1601 
2.72535 5.45377 0.194968 6.8834 
2.50929 5.25228 0.12243 6.64169 
2.50929 5.25228 0.12243 6.64169 
2.46359 5.17862 0.0811998 6.49962 
2.40365 5.17862 0.0811998 6.40918 
2.30574 4.9006 -0.0275993 6.13594 
2.30574 4.9006 -0.0275993 6.13594 
2.2665 4.9006 -0.0275993 6.05409 
2.21183 4.71787 -0.134963 5.86703 
2.21183 4.71787 -0.134963 5.86703 
2.21183 4.71787 -0.173778 5.73717 
2.16546 4.64322 -0.231972 5.73717 
2.12363 4.64322 -0.231972 5.73717 
2.07269 4.64322 -0.289502 5.6379 
2.01821 4.64322 -0.289502 5.6379 
2.01821 4.64322 -0.289502 5.6379 
1.88865 4.37458 -0.322747 5.28801 
1.77592 4.32541 -0.394909 5.05422 
1.77592 4.32541 -0.394909 5.05422 
1.77592 4.32541 -0.394909 5.05422 
1.68748 4.34047 -0.423826 4.98098 
1.68748 4.34047 -0.423826 4.98098 
1.58278 4.32485 -0.458685 4.86041 
1.58278 4.29465 -0.481596 4.76302 
1.48 4.32384 -0.488928 4.74998 
1.41492 4.30052 -0.508776 4.65652 
1.41492 4.30052 -0.508776 4.65652 
1.31571 4.3219 -0.531516 4.56107 
1.31571 4.3219 -0.531516 4.56107 
1.22919 4.39096 -0.548807 4.4738 
1.16446 4.38716 -0.553399 4.42973 
1.1347 4.45128 -0.548085 4.443 
1.06867 4.45584 -0.559321 4.36461 
1.0183 4.45584 -0.563786 4.36461 
1.0183 4.50072 -0.563786 4.34136 
0.897702 4.57056 -0.57556 4.24693 
0.86499 4.57056 -0.57556 4.27593 
0.834039 4.7481 -0.554622 4.30075 
0.765243 4.77493 -0.560921 4.23373 
0.714198 4.83897 -0.570286 4.17466 
0.664073 4.90263 -0.558085 4.20613 
0.664073 4.96895 -0.558085 4.20613 
0.664073 5.03771 -0.548537 4.20613 
0.531056 5.10654 -0.532301 4.1198 
0.489379 5.17522 -0.52839 4.17719 
0.410792 5.3131 -0.529646 4.17804 
0.410792 5.3131 -0.529646 4.17804 
0.410792 5.3131 -0.529646 4.17804 
0.360153 5.48771 -0.529646 4.24408 
0.360153 5.51445 -0.514156 4.18918 
0.297535 5.61954 -0.476022 4.2648 
0.245433 5.64545 -0.476022 4.21911 
0.245433 5.75515 -0.464826 4.31289 
0.228 5.81845 -0.46806 4.29806 
0.180567 5.84112 -0.464207 4.29806 
0.16164 5.90487 -0.456392 4.3238 
0.145829 5.96459 -0.447662 4.3491 
0.105013 5.98091 -0.451217 4.30958 
0.120086 6.07968 -0.451217 4.40572 
0.112002 6.18104 -0.41916 4.45414 
0.104813 6.18104 -0.409376 4.45414 
0.0717201 6.18774 -0.412202 4.41637 
0.0695858 6.23677 -0.403952 4.45229 
0.106346 6.23677 -0.391471 4.48952 
0.120943 6.40909 -0.35203 4.63363 
0.120943 6.40909 -0.35203 4.63363 
0.138903 6.40356 -0.331996 4.63363 
0.138903 6.48586 -0.331996 4.63363 
0.138903 6.48586 -0.331996 4.63363 
0.199883 6.59193 -0.293638 4.59469 
0.185473 6.56846 -0.290256 4.81009 
0.185473 6.56846 -0.290256 4.81009 
0.26853 6.66662 -0.254455 4.9875 
0.27427 6.62356 -0.267899 4.86797 
0.27427 6.62356 -0.267899 4.86797 
0.27427 6.62356 -0.267899 4.86797 
0.305184 6.57829 -0.249071 5.03569 
0.353012 6.53253 -0.246431 4.98401 
0.353012 6.53824 -0.238563 5.03643 
0.389831 6.53824 -0.238563 5.03643 
0.508503 6.59235 -0.201245 5.22067 
0.509981 6.54017 -0.20347 5.17515 
0.509981 6.54243 -0.20347 5.23874 
0.650453 6.59353 -0.167349 5.39427 
0.650453 6.59353 -0.167349 5.39427 
0.700953 6.47708 -0.146725 5.45476 
0.700953 6.47708 -0.146725 5.45476 
0.700953 6.47708 -0.146725 5.45476 
0.845214 6.57525 -0.121246 5.6128 
0.946081 6.54998 -0.0929428 5.70322 
0.994704 6.54998 -0.0929428 5.70322 
0.994704 6.54023 -0.0881294 5.76258 
1.053 6.52851 -0.0851974 5.77243 
1.10945 6.38467 -0.0786608 5.78532 
1.10945 6.38467 -0.0861771 5.78532 
1.27379 6.41351 -0.0500267 6.01659 
1.2737 6.41351 -0.0500267 6.01659 
1.2737 6.41351 -0.0500267 5.95432 
1.43364 6.38496 -0.0500267 6.17498 
1.43364 6.36914 -0.0500267 6.17498 
1.43364 6.36914 -0.0500267 6.17498 
1.59377 6.32076 -0.0164007 6.29297 
1.59377 6.32076 -0.0164007 6.29297 
1.58538 6.25267 -0.0141024 6.29297 
1.70573 6.29182 -0.00456954 6.35265 
1.76054 6.27551 -0.00456954 6.53404 
1.81406 6.25981 0.0363335 6.58254 
1.86649 6.24483 0.0442614 6.63741 
1.86649 6.24483 0.0442614 6.63741 
1.91769 6.2299 0.0316401 6.56879 
2.01412 6.20044 0.0461449 6.67045 
2.01412 6.20044 0.0461449 6.67045 
2.01412 6.13353 0.0461449 6.72703 
2.03878 6.12182 0.0547807 6.72703 
2.29883 6.19437 0.122443 7.1482 
2.27266 6.19437 0.122443 7.1482 
2.39746 6.16588 0.137927 7.11604 
2.36584 6.16588 0.120397 7.11604 
2.45173 6.07653 0.137739 7.25425 
2.45173 6.01486 0.124885 7.15915 
2.41563 6.01486 0.124885 7.15915 
2.45388 6.00589 0.124885 7.20807 
2.45388 6.04384 0.124885 7.20807 
2.57904 6.04384 0.124885 7.24508 
2.65665 6.0086 0.183942 7.52341 
2.65665 5.95183 0.168154 7.41723 
2.65665 5.89724 0.168154 7.31783 
2.60468 5.89724 0.147278 7.31783 
2.81991 5.98148 0.193625 7.67599 
2.8504 5.97683 0.215578 7.67599 
2.87969 5.97683 0.200918 7.5586 
2.90573 5.97683 0.219063 7.75097 
2.94255 5.97683 0.230954 7.7803 
2.97818 5.97077 0.23828 7.81673 
2.97818 5.97077 0.23828 7.81673 
3.14622 5.93597 0.244704 7.85134 
3.02529 5.91493 0.266222 7.90017 
2.99838 5.90052 0.26817 7.93667 
2.99838 5.88806 0.26817 7.93667 
2.9662 5.88806 0.278302 7.95938 
2.57212 5.74614 0.25963 7.56112 
2.65872 5.74587 0.244412 7.43812 
2.57531 5.71814 0.250311 7.45649 
2.49903 5.69086 0.234608 7.30246 
2.71402 5.7171 0.255323 7.33536 
2.60913 5.7171 0.24319 7.36495 
2.60913 5.69343 0.24319 7.36495 
2.63147 5.69278 0.237256 7.39627 
2.76704 5.69278 0.260854 7.58848 
2.77115 5.72479 0.260854 7.58848 
2.77401 5.72994 0.272221 7.60378 
2.62979 5.71331 0.253375 7.44969 
2.64885 5.71331 0.247952 7.47534 
2.64885 5.71331 0.247952 7.47534 
2.9574 5.71255 0.292678 7.86037 
2.78371 5.71255 0.291434 7.65979 
2.74239 5.69027 0.290723 7.69137 
2.74239 5.68286 0.290723 7.69137 
2.74239 5.67111 0.275697 7.50865 
2.7285 5.67111 0.275697 7.70784 
2.7285 5.6738 0.295687 7.70784 
1.89307 5.64443 0.150619 6.63241 
1.73172 5.64443 0.128763 6.44564 
1.74292 5.64443 0.117793 6.46897 
1.74774 5.62688 0.11566 6.47902 
1.91772 5.59596 0.114502 6.48736 
1.74679 5.61357 0.110158 6.49813 
1.74679 5.61357 0.110158 6.49813 
1.43206 5.61357 0.0570621 6.14671 
1.43206 5.61357 0.0570621 6.14671 
0.947986 5.61357 -0.0255201 5.62929 
0.947986 5.61357 -0.0255201 5.62929 
-1.40706 5.78064 -0.850009 2.72429 
-1.65121 5.79142 -0.823005 3.50826 
-1.58696 5.75655 -0.789854 3.5221 
-1.58696 5.75655 -0.789854 3.5221 
-1.69285 5.78412 -0.789854 3.38481 
-1.5923 5.75293 -0.733655 3.47599 
-1.5923 5.75293 -0.733655 3.75868 
-1.22456 5.68445 -0.645096 3.82341 
-1.22456 5.68445 -0.645096 3.82341 
-1.13209 5.67861 -0.574416 3.87738 
-1.01321 5.63355 -0.540563 3.9604 
-1.01321 5.63355 -0.540563 3.9604 
-0.8904 5.58731 -0.522628 3.83748 
-0.549277 5.46586 -0.431318 4.14611 
-0.444346 5.44046 -0.431318 4.42812 
-0.54788 5.47969 -0.404619 4.29445 
-0.54788 5.47969 -0.365664 4.60451 
-0.192817 5.34281 -0.365664 4.60451 
0.0227793 5.29532 -0.289091 4.76621 
0.135848 5.26607 -0.253671 4.85327 
0.258377 5.22376 -0.234858 4.85327 
-0.188418 5.41997 -0.188178 4.61227 
0.210585 5.22404 -0.15634 4.61227 
0.0625952 5.31912 -0.135177 4.50932 
0.586209 5.07221 -0.10047 4.89658 
0.432293 5.17015 -0.0849352 4.99693 
0.686096 5.10214 -0.0607195 5.21335 
0.686096 5.05773 -0.0607195 5.21335 
0.542856 5.14272 -0.0458216 5.21335 
0.927776 5.14272 -0.0458216 5.09195 
1.17372 4.93717 0.0278258 5.58531 
1.17372 4.86375 0.0278258 5.58531 
1.14847 4.90249 0.0125262 5.19908 
1.14847 4.90249 0.0263614 5.19908 
1.10918 4.89841 0.0527547 5.58725 
1.22698 4.89841 0.069721 5.67886 
1.22698 4.89841 0.069721 5.67886 
1.22698 4.89841 0.069721 5.67886 
1.45426 4.8107 0.10172 5.86459 
1.67961 4.71933 0.122284 6.06222 
1.67961 4.68394 0.122284 6.06222 
2.25859 4.56864 0.16879 6.20928 
2.01913 4.56864 0.178973 6.28998 
2.13537 4.56864 0.19124 6.36674 
2.22214 4.48028 0.20333 6.44169 
2.28625 4.46844 0.214031 6.51697 
1.26923 4.67535 0.206733 6.04577 
1.04769 5.38083 0.213237 5.93925 
1.04769 5.38083 0.213237 5.93925 
0.921568 5.4582 0.204827 6.09483 
0.921568 5.4582 0.204827 6.09483 
1.53707 4.97394 0.218304 6.18321 
1.53707 4.97394 0.218304 6.18321 
1.7865 4.75504 0.225239 6.28197 
1.7865 4.75504 0.220764 6.28197 
2.02043 4.55431 0.234018 6.37886 
1.7139 4.55431 0.234018 6.37886 
1.7139 4.79678 0.230726 6.24738 
0.983025 5.23328 0.198155 5.90132 
0.684536 5.45005 0.18035 5.78317 
0.684536 5.45005 0.18035 5.78317 
0.813003 5.31777 0.16235 5.66557 
0.813003 5.16586 0.16235 5.85236 
0.449378 5.36188 0.144712 5.5349 
0.449378 5.36188 0.144712 5.5349 
0.449378 5.36188 0.144712 5.5349 
0.177758 5.38903 0.115164 5.32722 
0.177758 5.38903 0.115164 5.32722 
0.177758 5.38903 0.115164 5.32722 
-0.60789 4.76468 0.119853 5.39347 
0.36517 5.01606 0.129885 5.24315 
0.522852 4.82747 0.141811 5.20917 
0.689089 4.6238 0.15108 5.20917 
0.996393 4.24206 0.163161 5.08331 
0.64508 4.50401 0.133893 5.08331 
0.64508 4.50401 0.133893 5.08331 
-1.07118 6.02644 -0.0549991 4.36901 
-0.387112 4.90655 0.0137497 4.55236 
-0.323055 4.81496 0.0220878 4.53786 
-0.185175 4.63996 0.0275633 4.53499 
-0.0353343 4.45291 0.0275633 4.53499 
-0.0353343 4.45291 0.0324898 4.53559 
0.343555 3.46242 0.125282 4.47753 
0.48456 3.46242 0.125282 4.4034 
0.675329 3.56119 0.10315 4.36811 
0.817535 3.37619 0.110064 4.34039 
0.899934 3.25428 0.105928 4.31984 
0.94794 3.16897 0.0928688 4.30587 
0.982714 3.09974 0.074628 4.30059 
1.01258 3.03605 0.074628 4.30372 
1.03698 2.97482 0.021864 4.31444 
1.12012 2.855 0.0124157 4.28284 
1.19614 2.74389 0.0023595 4.2504 
1.31645 2.55394 -0.0170454 4.18753 
1.31645 2.55394 -0.0170454 4.18753 
0.446906 3.24677 -0.145775 4.12077 
0.675254 2.98858 -0.10999 4.09862 
0.82831 2.81229 -0.10999 4.05424 
0.920772 2.69429 -0.0751976 4.03394 
0.920772 2.55928 -0.0778629 4.00333 
0.920772 2.55928 -0.169536 4.00333 
0.920772 3.09788 -0.169536 4.01512 
0.973844 3.09788 -0.169536 4.01512 
1.39097 2.29109 -0.0714619 4.09564 
1.39097 2.29109 -0.0946299 4.12377 
1.39703 2.25873 -0.11653 4.1697 
1.38156 2.25873 -0.11653 4.1697 
2.09623 1.562 -0.0489481 4.27542 
1.12509 2.21983 -0.163319 4.32333 
1.81876 1.4943 -0.0679982 4.38143 
1.81876 1.4943 -0.0679982 4.38143 
1.75652 1.32768 -0.0199413 4.40353 
0.836196 1.32768 -0.0199413 4.40353 
1.69487 1.18483 0.0380406 4.42461 
1.69487 1.18483 0.0380406 4.42461 
1.58672 1.08411 0.0959018 4.45584 
1.58672 1.08411 0.0959018 4.45584 
1.46702 1.02511 0.00818586 4.49481 
1.30531 1.08385 0.0720967 4.55834 
0.322159 1.76767 0.111216 4.57637 
1.22782 1.00313 0.055479 4.62711 
0.316073 1.00313 0.20145 4.62711 
0.316073 1.75862 0.20145 4.59896 
0.451978 1.69393 0.20145 4.59896 
0.709935 1.73908 0.330059 4.57929 
0.774262 1.78927 0.357045 4.57714 
0.832864 1.89907 0.401134 4.57707 
-0.00536462 2.65102 0.288255 4.66894 
-0.00536462 2.65102 0.288255 4.66894 
-0.00536462 2.65102 0.315513 4.6616 
2.04581 1.40088 0.557554 4.50941 
0.920361 2.36785 0.398443 4.50941 
1.7571 1.66844 0.524739 4.50985 
1.7571 1.66844 0.524739 4.62947 
0.641102 2.48571 0.262065 4.71452 
0.641102 2.48571 0.262065 4.71452 
1.52059 2.01775 0.499284 4.49287 
0.44101 2.91174 0.343457 4.61679 
0.432725 2.91603 0.343457 4.5987 
0.432725 2.91603 0.343457 4.5923 
1.07239 2.42339 0.443935 4.47163 
-0.0702887 3.32125 0.443935 4.5957 
-0.122932 3.35634 0.290926 4.5957 
0.608893 2.80745 0.408183 4.37572 
-0.555973 3.70108 0.244793 4.50144 
-0.555973 3.70108 0.244793 4.50144 
0.0790038 3.18471 0.250723 4.27631 
-1.10305 3.18471 0.250723 4.38986 
-0.327236 3.44808 0.346051 4.2087 
-0.327236 3.44808 0.346051 4.2087 
-0.751284 3.70042 0.203533 4.26726 
-0.751284 3.70042 0.203533 4.26726 
-1.29526 4.05302 0.314805 3.98682 
-1.29526 4.05302 0.314805 3.98682 
-1.82306 4.35975 0.301128 3.84925 
-1.82306 4.35975 0.151412 3.84925 
-2.34874 4.63836 0.292956 3.70338 
-2.34874 4.63836 0.292956 3.70338 
-2.86211 4.88074 0.285062 3.55447 
-4.00386 4.88074 0.285062 3.55447 
-3.41305 5.12647 0.279852 3.39281 
-4.53488 5.86209 0.131613 3.39281 
-4.19315 5.52198 0.156083 3.37038 
-5.25407 6.20387 0.161116 3.26261 
-5.82232 6.41364 0.212681 3.00855 
-6.77536 6.99754 0.0835187 3.0979 
-6.77536 6.99754 0.0835187 3.0979 
-6.60676 6.56584 0.321568 3.13715 
-6.60676 6.67008 0.321568 2.60152 
-6.94124 6.85861 0.294939 2.39631 
-7.18943 6.85861 0.313468 2.39631 
-7.18943 6.85861 0.313468 2.39631 
-7.55878 6.79688 0.480644 1.8964 
-7.55878 7.27962 0.301562 2.02206 
-8.7839 7.36785 0.185663 2.08151 
-8.7839 7.36785 0.185663 2.08151 
-9.48746 7.61474 0.331503 1.5884 
-9.81806 7.61474 0.325892 1.45593 
-10.4695 7.94412 0.197892 1.526 
-10.5984 7.64377 0.367707 1.356 
-10.5984 7.68605 0.367707 1.00227 
-10.5984 7.97194 0.367707 1.10313 
-11.6458 8.23981 0.255064 0.618407 
-11.6458 8.23981 0.255064 0.618407 
-13.1452 8.4628 0.183362 0.299079 
-13.1452 8.4628 0.183362 0.299079 
-13.4921 8.4628 0.183362 0.299079 
-14.0666 8.55624 0.0622721 0.36325 
-14.0666 8.55624 0.0622721 0.36325 
-14.2968 8.54268 0.233813 -0.441641 
-14.8008 8.45313 0.297839 -0.62651 
-14.8089 8.39481 0.0440389 -0.379586 
-15.4791 8.62533 0.0440389 -0.43682 
-16.4613 8.77079 0.042535 -0.500536 
-16.4613 8.87638 0.048691 -0.541298 
-15.5074 7.96404 0.156467 -0.566908 
-15.1068 7.72819 0.0586622 -0.357817 
-14.4477 7.11019 0.0586622 -0.357817 
-14.4477 7.11019 -0.0217408 -0.605654 
-12.9552 4.93991 0.172251 -0.0997665 
-10.3376 4.59093 0.445793 -0.350073 
-10.3438 3.63336 0.387703 0.00298309 
-9.55936 4.20341 0.387703 -0.50452 
-9.55936 4.20341 0.387703 -0.50452 
-9.55936 4.20341 0.387703 -0.50452 
-11.1961 5.45216 0.47496 -0.855597 
-9.1653 4.67844 0.199392 -0.0341466 
-10.5971 5.39697 0.242608 -0.467153 
-9.583 4.76924 0.163308 -0.239619 
-9.583 4.76924 0.163308 -0.239619 
-11.0944 5.91812 0.207837 -0.379262 
-11.0944 5.24535 0.216598 -0.40256 
-10.5194 5.24535 0.300048 -0.422137 
-11.155 6.94702 0.164869 -0.0510193 
-10.1299 6.27687 0.266741 -0.170799 
-10.1299 6.27687 0.266741 -0.170799 
-10.6052 6.90037 0.335069 -0.279277 
-10.6052 6.90037 0.335069 -0.664821 
-13.4274 9.85935 0.707172 -0.856865 
-13.4274 9.85935 0.707172 -0.856865 
-13.7018 10.4567 0.38899 -0.455732 
-13.7018 10.4567 0.38899 -0.455732 
-12.4334 9.50101 0.058799 -0.0146592 
-15.0584 12.4474 0.4269 0.00916549 
-13.6486 12.4474 0.4269 -0.033332 
-13.0275 11.755 -0.000893136 -0.0856471 
-13.6356 11.755 -0.000893136 -0.0856471 
-13.6356 11.755 -0.000893136 -0.0856471 
-12.2484 10.5864 -0.000893136 0.0968398 
-18.001 16.1669 0.805112 -0.932503 
-18.001 14.1959 0.367712 -0.932503 
-16.0858 14.5838 -0.0991598 0.0216035 
-16.7147 14.5838 -0.0991598 0.0216035 
-19.3116 17.1245 -0.380012 -0.265412 
-17.3381 15.3208 -0.523402 -0.140255 
-18.0109 15.7403 -0.656131 -0.194085 
-20.5426 17.7257 -0.743784 -0.401284 
-18.4582 17.7257 -0.71372 -0.346828 
-21.0817 17.7889 -0.749629 -0.521546 
-21.0817 15.7995 -0.691389 -0.521546 
-21.5777 17.7169 -0.696881 -0.578848 
-19.4491 17.7169 -0.610679 -0.469784 
-21.3567 18.2103 -0.791821 -0.38965 
-19.1814 15.9863 -0.640005 -0.38965 
-20.9666 16.3762 -0.64922 -0.340482 
-18.9216 16.4191 -0.611722 -0.358846 
-20.5416 18.7953 -0.583248 -0.382213 
-18.3071 16.3251 -0.553127 -0.409874 
-18.3314 16.4961 -0.539633 -0.426186 
-18.1622 16.4961 -0.525538 -0.433639 
-16.1827 14.1408 -0.371634 -0.449438 
-10.8035 7.32232 -0.0414462 -0.342528 
-9.18941 5.17688 0.0520063 -0.29434 
-11.4978 5.17688 0.0520063 -0.29434 
-11.4978 8.13487 -1.04758 -0.0201857 
-9.73104 5.83163 -0.439017 -0.19509 
-8.50353 4.00644 -0.0650972 -0.19509 
-10.9141 7.15241 -0.781568 0.106323 
-10.9141 7.15241 -0.781568 0.106323 
-11.433 7.54226 -0.84702 0.164165 
-11.433 7.54226 -0.227629 0.164165 
-12.1093 8.13591 -0.958706 0.255168 
-12.2757 8.3469 -0.998864 0.304661 
-12.2757 8.3469 -0.998864 1.81323 
-13.1823 9.74095 -3.85553 3.73443 
-11.0088 6.96742 -3.42242 3.73443 
-13.5532 10.7218 -4.65372 4.14923 
-13.5532 10.7218 -4.65372 3.47784 
-11.6526 8.67746 -4.33041 3.59389 
-11.7651 9.13217 -4.48069 3.59469 
-11.8239 9.51683 -4.55388 3.47523 
-11.8829 9.89399 -4.57111 3.47523 
-11.8829 9.89399 -4.57111 3.47523 
-12.4745 11.4473 -6.15419 4.01768 
-10.1843 8.97439 -3.8146 3.22027 
-9.2252 4.22357 -3.32275 1.87517 
-9.2252 8.38743 -3.32275 3.28413 
-9.14866 8.38743 -3.32993 3.28413 
-11.6251 12.2747 -4.6492 4.62778 
-11.6251 12.2747 -4.6492 4.62778 
-7.60566 7.10237 -2.28319 2.81927 
-7.60566 7.10237 -2.28319 2.81927 
-0.608239 -2.46478 1.2517 0.191921 
-1.09741 0.790426 2.20843 2.14586 
-1.09741 -1.76371 0.231329 0.708593 
0.905232 -1.76371 0.231329 0.708593 
0.905232 3.74079 0.231329 2.41523 
-2.44634 3.74079 -1.91836 2.41523 
-3.95068 5.79067 -4.2678 5.86255 
0.016155 -0.566382 -2.91625 4.77951 
0.37409 -0.937339 -3.29172 5.49887 
0.37409 -0.937339 -3.50665 5.49887 
0.236324 -0.276145 -3.03407 5.98748 
3.32166 -1.89218 1.69592 -0.212639 
3.32166 -1.89218 1.69592 -0.212639 
5.08981 -3.91152 1.15682 -0.400229 
7.74147 -3.28675 1.25274 0.677566 
7.74147 -0.733882 1.25274 0.27564 
7.74147 -0.733882 1.06485 0.27564 
5.78298 -0.484509 1.06485 -0.0671513 
7.16339 -1.41185 0.688823 0.492892 
7.21201 -1.41185 0.593614 0.461581 
4.2363 2.83082 0.217564 0.578542 
4.2363 2.98138 -0.757034 1.0361 
0.401267 4.55493 -1.40532 1.11491 
-1.23766 4.55493 -1.74599 1.11491 
-3.88202 6.44498 -2.69509 4.28262 
-2.24459 6.44498 -2.69509 4.28262 
-4.36621 3.55696 -1.26472 5.78732 
-4.36621 3.55696 -1.26472 5.00205 
-2.70771 -0.0449264 0.422085 5.00205 
-3.26897 0.639943 0.564407 5.48138 
-3.99918 0.64003 0.525135 6.29866 
-2.93038 0.64003 0.657413 6.5816 
-2.41707 -0.211975 0.111776 7.76915 
-1.32773 -1.7428 0.111776 7.76915 
-0.96752 -1.46443 1.19313 7.35953 
-0.763735 -1.46443 1.37233 7.61135 
-0.889677 0.488982 0.867036 8.75132 
0.0902523 -0.586466 1.95114 8.28547 
0.0902523 -0.586466 1.95114 8.28547 
0.0902523 -1.33104 2.82437 7.6022 
0.19688 0.266775 2.29287 8.91073 
0.708271 -0.105554 2.9272 9.50877 
0.708271 -0.105554 3.5313 10.1796 
1.46581 -0.595302 4.12412 10.8601 
1.6374 -0.544115 4.70859 11.5357 
1.6374 -0.544115 4.70859 11.5357 
1.76303 -0.287459 5.82767 12.8788 
1.78687 -0.198171 6.37346 13.5399 
1.79747 -0.146078 6.37346 13.5399 
1.85817 0.341424 7.10301 16.349 
1.83555 -0.352339 8.00341 15.3448 
1.83555 -0.352339 8.00341 15.3448 
2.69054 -0.827719 9.41399 17.6985 
2.69054 -0.827719 9.41399 16.8257 
2.57568 -0.555607 10.8227 18.6659 
2.57568 -0.555607 10.8227 18.6659 
2.35483 -0.3929 12.1047 19.6341 
1.79741 -0.424536 12.7761 18.7661 
1.69055 -0.464627 13.2937 19.3548 
2.00602 -0.463276 13.7853 21.1002 
2.00602 -0.512466 13.7853 21.1002 
2.37099 -1.31852 14.9922 20.5641 
0.725702 -0.917835 15.5837 20.8449 
0.725702 -0.917835 15.5837 20.1347 
0.725702 -0.92825 16.4572 20.1347 
1.69856 -0.92825 17.0603 21.8036 
2.29832 -1.72614 17.6572 23.0488 
-1.73509 -1.19387 17.9406 19.6769 
-1.73509 -1.19387 17.9406 19.6769 
-1.42536 -2.32464 17.0425 21.3891 
-1.42536 -2.32464 17.0425 21.3891 
-1.42536 -1.71849 17.0425 21.3891 
1.52168 -3.31513 17.944 22.4647 
0.355058 -3.31513 17.944 22.4647 
1.25467 -1.9282 18.5767 22.7841 
1.25467 -1.9282 18.5767 22.7841 
1.13547 -1.42388 19.0041 23.1798 
1.13547 -1.42388 19.0041 23.1798 
1.14911 -1.48367 19.3176 23.582 
0.133978 -0.559164 19.1452 23.0002 
0.133978 -0.758403 19.2741 23.2372 
0.133978 -0.758403 19.2741 23.2372 
-0.590683 -1.13974 19.0958 22.9359 
-2.07826 -2.57065 19.3431 22.5281 
-2.54581 -0.198322 17.8064 22.0051 
-2.54581 -0.198322 17.3897 22.0051 
-0.352073 -4.0598 17.8103 23.183 
-1.18487 -2.42055 17.4646 23.183 
-1.18487 -2.42055 17.4646 22.499 
-1.16623 -1.67813 17.2256 23.6336 
-1.03546 -1.56272 17.1351 23.1383 
-0.944358 -1.75146 17.0461 23.1383 
-0.944358 -1.75146 17.0461 23.1383 
-0.899458 -1.91892 16.992 23.2285 
-0.234168 -3.3544 17.2862 24.0191 
-0.51323 -2.53839 17.2024 24.1366 
-0.51323 -0.648391 17.2024 24.1366 
-0.468568 -2.30474 17.1051 24.1968 
-1.17403 -0.572398 16.7275 23.4453 
-0.955792 -0.853058 16.7275 23.4935 
-1.37836 0.204679 14.8212 23.4935 
-1.37836 0.204679 14.8212 23.4935 
-1.37836 0.613335 14.8212 22.7675 
0.759826 -6.00495 15.9337 21.7999 
-0.902014 -2.06104 15.5267 21.1179 
-1.632 0.165592 15.0473 21.096 
-0.983902 0.165592 15.0473 21.096 
-1.41015 -0.553415 14.952 20.8893 
-1.18765 -1.08621 14.8927 20.7882 
-1.18765 -1.08621 14.8927 20.7882 
-1.12157 -0.964835 15.1773 21.0813 
-1.28026 -0.663603 14.682 21.0813 
-1.28026 -0.663603 14.682 21.0813 
-1.38768 -0.759884 14.6203 19.9568 
-1.35653 -0.915143 14.57 19.7746 
-1.35653 -0.915143 14.57 19.7746 
-1.32661 -1.00941 14.5042 19.7746 
-1.30219 -1.03844 14.937 19.9984 
-1.30219 -2.33388 14.937 19.7884 
-1.33826 -1.74973 14.769 19.6238 
-1.44168 -1.20035 14.6436 19.4689 
-1.61656 -0.761692 14.5164 19.6192 
-1.80455 -0.761692 14.4047 19.9988 
-2.11835 -1.56866 14.8432 21.4909 
-2.11835 -0.155 14.8432 21.4909 
-1.10883 1.0237 13.0536 20.3178 
-0.61321 1.0237 13.0536 19.4808 
-0.61321 1.0237 13.0536 19.4808 
-0.249195 -0.392383 12.9058 20.0158 
-0.246116 -0.682138 12.8627 20.2281 
-0.246116 -0.682138 12.8627 19.2843 
0.0586335 -0.734815 12.1245 19.8751 
-0.194695 -0.664161 12.0523 20.0405 
-0.194695 -0.664161 12.0523 20.0405 
-0.194695 -0.664161 12.0523 20.0405 
-0.0129475 0.370404 11.5675 19.7418 
-0.0129475 0.686407 11.5675 19.7418 
0.525512 -0.556637 11.5048 18.6096 
0.35708 0.0789715 11.1265 18.8213 
0.224899 0.0789715 11.1265 18.8213 
-0.562259 -0.844296 11.4994 20.3924 
-0.562259 -0.844296 11.1849 19.0953 
-1.3596 -0.0763207 11.0796 19.3666 
-0.607107 -0.0763207 11.0547 19.3666 
-0.607107 0.295569 11.0547 19.4897 
-1.66282 -0.252711 11.3295 21.0485 
-0.696308 -0.0655365 11.3295 19.6055 
-0.697486 -0.208477 11.1484 19.7697 
-0.723315 -0.208477 11.1484 19.7697 
-0.74954 -0.208477 11.1484 19.7697 
-1.74269 -0.491231 11.1484 21.1596 
-1.74269 -0.491231 11.1597 21.1596 
-2.1445 0.0500674 11.1597 19.8254 
-0.894588 0.0500674 11.1597 19.8254 
-2.16561 0.0107405 11.2545 18.3866 
-2.16561 -0.207118 11.3146 20.065 
-0.837439 -0.22776 11.3639 21.4546 
-0.87869 -0.206035 11.4478 19.9303 
-0.914835 -0.206035 11.43 19.9303 
-1.16074 -0.266632 11.4216 18.3766 
-1.16074 -0.114508 11.4216 19.9932 
-1.16074 -0.114508 11.4216 19.9932 
-2.93793 0.500773 11.4253 21.5072 
-2.93793 0.500773 11.4253 21.5072 
-2.61747 0.163801 11.4878 21.4437 
-0.794542 0.163801 11.4878 21.4437 
-0.794542 -0.03046 11.6245 21.2659 
-0.529048 -0.609477 11.7997 19.3234 
-0.565164 -0.471072 11.7997 19.3668 
-0.565164 -0.471072 11.7892 19.3668 
-0.6763 -0.553835 11.8192 17.6755 
-0.730966 0.983853 10.6866 16.403 
-0.730966 0.048196 10.5437 16.403 
0.0421656 0.048196 10.5437 15.0612 
0.0421656 0.225837 10.1766 15.0612 
-2.72606 1.16453 9.57221 16.9965 
-2.72606 -0.291759 9.65755 16.9965 
-0.921047 -0.424856 9.46159 15.2558 
-1.15018 -0.424856 9.34697 15.256 
-3.12542 0.554124 9.1564 16.9748 
-1.02644 -0.71844 9.26947 15.0425 
-1.06875 -0.71844 9.26947 15.0425 
-1.06875 -0.71844 9.26947 15.0425 
-2.23028 0.832911 9.00791 15.1775 
-2.23028 0.851976 9.03353 15.1775 
-2.25821 -0.00834601 9.01694 14.8322 
-2.06969 -0.00834601 9.01694 14.7483 
-1.91956 -0.3009 9.03276 14.6413 
-1.82214 -0.435919 9.05938 14.5191 
-0.123203 -0.977032 9.0916 12.3921 
1.40567 -1.50458 9.14912 10.723 
2.55686 -1.66484 8.98659 9.10161 
-0.964698 1.22663 8.55554 11.0877 
1.54989 -0.23483 8.13538 9.17161 
1.54989 -1.76786 7.88459 7.67504 
0.464441 -0.720559 7.53445 6.24748 
0.464441 -0.720559 7.53445 8.30024 
-1.29403 0.574129 6.8925 8.20252 
-1.70136 0.5086 6.65122 8.31049 
-4.1624 1.75034 6.44079 8.42587 
-4.1624 1.75034 6.44079 8.42587 
-3.92791 0.473912 6.46231 10.0496 
-1.27969 -1.72614 6.5162 8.15585 
-1.27969 -1.72614 6.5162 8.15585 
-4.49281 0.77285 7.0615 9.53566 
-1.74594 -1.43793 7.0615 9.53566 
-4.32999 0.287244 7.40136 9.21086 
-4.32999 0.287244 7.40136 7.3979 
-4.13453 -0.0379082 7.64265 8.96803 
-1.36746 -2.0894 7.64265 8.96803 
-4.00365 -0.0960979 7.78642 8.80309 
-1.2367 -2.10914 7.6473 7.06367 
-1.2367 -2.10914 8.01752 6.82806 
-4.63494 -0.167729 9.23624 7.53887 
-4.63494 -0.167729 9.23624 7.53887 
-4.65739 -0.742975 9.23624 7.53887 
-1.79643 -2.69707 9.23624 7.53887 
-2.04943 -2.39894 9.23624 7.53887 
-2.65881 -1.56229 8.8359 6.21754 
-2.65881 -1.56229 7.57887 5.15095 
-2.65881 -1.56229 7.57887 5.15095 
-3.39011 -0.577244 7.57887 6.3678 
-3.41328 -1.91062 7.57887 6.45784 
-3.41328 -1.91062 7.57887 6.68741 
-3.41328 -1.91062 7.57887 6.68741 
-6.12872 -2.47582 7.09438 5.77311 
-2.37252 -4.04502 10.4317 8.56723 
0.225147 -4.46082 9.15118 8.56723 
0.225147 -4.46082 9.15118 7.3664 
0.225147 -4.46082 9.15118 7.3664 
-1.43765 -1.82479 9.74479 7.3664 
0.496759 -2.19382 10.4356 8.27595 
0.496759 -2.19382 10.4356 8.27595 
-0.434423 -1.65747 10.3037 7.53783 
-0.434423 -1.65747 10.3037 7.53783 
-4.68682 -1.65747 16.8789 8.80367 
-4.68682 -1.65747 16.8789 8.80367 
-4.12718 -1.8179 16.8436 10.7401 
-3.49687 -1.8179 16.5048 10.7401 
-5.11547 -1.9556 18.8627 12.5496 
-2.35801 -3.65061 16.2043 14.1408 
-2.12835 -3.38772 16.3834 14.1408 
-2.12835 -3.38772 16.3834 14.1408 
-3.27181 -2.25943 19.9159 14.7962 
-3.27181 -2.25943 19.9159 14.7962 
-0.95636 -2.77691 17.26 14.7962 
-2.0808 -2.30507 19.7608 14.7962 
0.0402213 -2.37714 17.0815 16.318 
0.0402213 -2.37714 17.0815 16.318 
0.0402213 -2.37714 17.0815 16.318 
-2.22189 -0.851269 20.6528 16.4291 
-0.304605 -0.851269 17.8325 16.5079 
-0.42971 -1.95007 18.127 16.5524 
-0.774941 -2.295 18.6769 16.6222 
-1.18296 -2.44422 15.9025 16.5243 
-1.49578 -2.44422 20.0407 16.5518 
-3.8724 -2.50313 23.4382 17.0934 
-1.96532 -2.80023 19.5814 17.5406 
-4.22388 -2.87141 22.5931 17.9928 
-4.22388 -2.87141 22.5931 17.9928 
-4.42625 -2.9492 22.0634 18.6516 
-4.42625 -2.9492 22.0634 18.6516 
-4.08035 -3.42434 22.4133 19.1045 
-2.11824 -3.19948 18.8467 19.258 
-2.11824 -3.19948 18.8467 19.258 
-3.82221 -3.41092 23.3212 19.2194 
-2.0059 -2.97403 23.3212 19.2194 
-3.75356 -2.87412 19.6991 19.2194 
-1.80141 -2.9904 19.6991 19.2194 
-1.81786 -2.89265 20.1795 19.4103 
-1.81786 -2.70928 20.3134 19.7139 
-3.69569 -3.12624 23.984 20.1113 
-3.69569 -3.12624 23.984 20.1113 
-3.60005 -3.73068 23.6913 21.0666 
-3.60005 -3.73068 19.4647 21.0666 
-3.63356 -3.7615 23.5677 21.7394 
-1.96249 -2.86181 19.7426 21.5413 
-2.00863 -2.86181 19.7426 21.5308 
-2.06945 -2.83826 20.1351 21.5389 
-2.06945 -2.83584 20.1351 21.5366 
-3.87573 -3.57626 24.5274 22.1473 
-2.18681 -2.7949 20.1173 22.1473 
-2.226 -2.90087 20.1092 21.7805 
-2.31713 -2.90087 20.1092 21.7805 
-2.44034 -3.32918 21.4539 21.3045 
-2.46986 -3.32918 21.4539 22.7149 
-2.59103 -3.30467 21.7728 21.7174 
-2.69135 -3.26628 21.7338 23.4019 
-2.81644 -3.25799 21.7664 23.3911 
-2.81644 -3.28201 21.7304 23.3911 
-4.71285 -4.35539 25.6562 24.8411 
-4.71285 -4.35539 25.6562 24.8411 
-4.92525 -4.5689 24.7049 26.0587 
-3.06296 -3.24779 20.4265 24.4593 
-3.14663 -3.44464 20.4271 25.086 
-3.24258 -3.63443 20.647 25.5041 
-3.24258 -3.63443 20.647 25.5041 
-3.34527 -5.11667 25.1622 28.3849 
-3.34527 -3.50913 25.1622 28.3849 
-3.42866 -3.51299 21.23 26.2035 
-3.39394 -3.62225 21.6018 25.965 
-3.39394 -3.73257 21.6552 25.965 
-3.10545 -3.85078 17.751 23.297 
-3.10545 -3.85078 17.751 23.297 
-0.704739 -5.53359 20.8365 28.6755 
0.455949 -5.53359 17.3064 25.0085 
0.805708 -4.10414 18.1574 27.7712 
0.805708 -1.72708 18.1574 27.7712 
1.87555 -3.18751 15.7999 26.1218 
1.87555 -3.18751 12.5935 26.1218 
2.63103 -2.77679 13.8373 23.6426 
2.63103 -2.77679 13.8373 23.6426 
2.69326 -0.451381 10.0306 14.7929 
3.79537 1.27955 3.90803 5.61224 
4.9435 1.27955 3.90803 -1.27613 
4.9435 1.1863 1.42262 -1.27613 
4.9435 1.1863 1.42262 -1.27613 
4.45457 1.63594 -5.26825 -12.4946 
4.45457 1.0995 -10.6515 -9.87458 
5.2256 0.487396 -10.6515 -6.5013 
5.2256 0.487396 -14.9489 -6.5013 
7.56662 1.51559 -17.8746 -11.9541 
8.53871 -1.08425 -17.6773 -8.10019 
8.53871 0.304106 -17.2046 -8.2811 
8.88381 -0.637994 -14.1011 -6.75935 
8.10304 -5.22071 -11.3946 -5.44691 
8.10304 -5.22071 -11.3946 -5.44691 
5.84602 -4.94534 -4.15268 -2.26067 
5.84602 -4.94534 -4.15268 -2.80537 
5.84602 -4.94534 -4.5654 -0.759408 
3.0759 -4.94534 -1.41192 -0.759408 
2.59576 -2.34591 1.45945 -0.821265 
2.59576 -2.34591 1.45945 -1.29697 
2.07728 0.0943903 0.130319 -1.29697 
2.25647 -0.119394 0.130319 -1.25148 
2.59916 -2.22562 -0.41931 -1.13776 
2.58172 -1.86195 -0.41931 -0.855605 
2.49407 -1.32676 -0.776832 -0.975349 
2.44977 -0.915912 -0.989049 -1.24581 
2.47127 -0.696 -1.16385 -1.44057 
2.67766 1.11204 -3.2668 -1.84265 
3.27747 1.95209 -4.26524 -2.40865 
3.69919 0.443156 -3.7734 -2.48745 
4.16149 -0.446044 -3.82233 -2.93719 
3.78551 1.18248 -4.54372 -2.87022 
3.78551 1.18248 -4.65621 -2.87022 
3.78551 1.18248 -4.69271 -2.87022 
4.16515 -1.03536 -3.73595 -3.2421 
4.16515 -1.03536 -3.73595 -3.2421 
3.41761 -1.5757 -3.22084 -2.90439 
3.98355 -1.5757 -3.22084 -2.90439 
3.74659 -1.4766 -3.30232 -2.17896 
2.59386 0.619871 -2.67893 -1.93757 
2.95287 0.235188 -2.67893 -1.93757 
2.95287 0.235188 -2.67893 -1.93757 
4.38532 -1.67336 -2.93539 -4.39527 
4.39603 -1.37352 -3.45524 -3.76202 
4.24163 -0.856022 -3.93128 -2.964 
4.05954 -0.401297 -4.08574 -2.69104 
4.91367 -1.57143 -4.00301 -2.79121 
3.50138 0.607781 -3.82944 -2.95916 
3.50138 0.607781 -3.82944 -2.95916 
4.69238 -0.934905 -4.12509 -4.24945 
3.35313 0.826926 -3.9409 -2.35521 
3.35313 0.826926 -3.9409 -2.35521 
5.37504 -0.63696 -4.98365 -4.86898 
2.49923 2.25177 -3.83145 -1.47742 
3.77601 0.0717367 -3.09752 -4.12706 
3.77601 0.800334 -2.53689 -4.12706 
4.46562 -1.05379 -3.38145 -4.13579 
2.95107 -1.05379 -3.38145 -2.00688 
4.44141 -0.993675 -3.53211 -3.83721 
4.44141 -0.993675 -3.53211 -3.83721 
3.47034 0.537645 -2.94568 -4.25399 
3.47034 0.537645 -2.94568 -4.25399 
3.47034 0.537645 -2.94568 -4.25399 
1.10238 1.32633 -0.641753 -2.29738 
1.10238 1.32633 -0.641753 -2.29738 
1.10238 1.32633 -0.641753 -2.29738 
4.75604 -1.66827 -2.41052 -5.98041 
3.08529 -0.341206 -2.0548 -2.34607 
3.08529 -0.341206 -2.0548 -2.34607 
3.29866 -0.224912 -2.56577 -2.68173 
3.56682 -0.00949167 -2.8204 -3.32104 
3.93334 0.243483 -3.31028 -3.83748 
4.21053 0.422529 -3.80364 -4.03148 
6.58197 -0.285294 -5.95204 -6.49372 
4.04587 -0.285294 -4.69573 -6.49372 
3.99221 1.14988 -4.64269 -3.39757 
4.04108 0.997541 -4.41113 -4.00317 
6.26693 -0.0254545 -5.97133 -6.74427 
6.26693 -0.0254545 -5.97133 -6.74427 
5.81963 0.307091 -5.99676 -5.99041 
3.0992 1.37265 -4.00533 -2.93007 
5.85766 0.708334 -3.93137 -3.63859 
3.08333 1.52116 -3.86021 -4.35881 
3.4477 1.01003 -3.93808 -4.63204 
3.4477 1.01003 -3.93808 -4.63204 
3.4477 1.01003 -3.93808 -4.63204 
3.58537 0.660882 -3.71246 -5.59401 
3.57223 0.580763 -3.74605 -5.34515 
3.57223 0.540425 -3.76831 -4.7332 
3.52819 0.540425 -3.76831 -4.7332 
3.52819 0.540425 -3.76831 -4.7332 
3.62524 0.747005 -3.49267 -4.61696 
3.75706 0.859761 -3.43813 -4.81357 
3.75706 0.859761 -3.43813 -4.81357 
3.77132 0.824736 -3.19969 -4.73131 
0.803839 1.22651 -3.19969 -4.73131 
0.803839 1.22651 -0.330252 -1.56531 
4.08929 0.373443 -2.58639 -5.78499 
4.01269 0.312112 -2.53327 -5.57164 
0.39665 0.534701 -2.47385 -1.23689 
0.39665 1.00396 0.531062 -1.23689 
0.39665 1.00396 0.531062 -1.23689 
0.974538 0.755783 0.658057 -2.57235 
8.01387 -0.130234 -5.53182 -10.5995 
8.01387 0.627051 -5.53182 -10.5995 
6.97921 0.606928 -5.99803 -7.99119 
2.92306 1.2948 -2.64189 -3.37301 
2.59574 1.21639 -1.93442 -3.72626 
5.68672 0.644879 -4.28066 -4.3827 
1.82364 0.644879 -0.152212 -5.32484 
5.21042 0.586316 -3.39111 -8.97618 
1.40293 0.586316 -0.249048 -3.79837 
1.40293 0.52748 -0.270095 -3.64973 
1.13328 0.775083 -0.124743 -4.10951 
1.13328 0.775083 -0.124743 -4.10951 
1.39935 0.296411 3.5097 -2.20848 
1.56446 0.296411 3.5097 -7.04361 
5.20644 -0.206428 -1.04413 -10.1483 
5.20644 0.23497 -1.04413 -10.1483 
4.60695 0.0966305 -4.38377 -7.66149 
0.628221 0.456217 -0.343414 -3.11455 
4.68871 0.387636 -0.343414 -3.11455 
0.622349 0.582205 0.338964 -4.66927 
-6.95577 -2.10276 9.88406 -1.99033 
-6.95577 -2.10276 10.9757 -1.99033 
-1.68924 -2.6078 4.43351 -4.58348 
-3.52688 -2.13377 5.92444 -1.88344 
-1.55898 -1.72499 3.96426 -1.88344 
3.9087 -1.32233 -1.53469 -3.14119 
3.9087 -1.32233 1.54942 -3.14119 
5.39489 -0.482682 -3.93645 -9.59772 
1.85852 0.00150142 8.2821 -4.58854 
-1.25073 -2.5505 14.4708 -0.623751 
-1.25073 -2.5505 6.30718 -2.87879 
-1.25073 -1.04673 2.43054 -4.71225 
-1.25073 -1.04673 -0.976007 -4.71225 
-0.952283 -1.04673 -0.976007 -5.5431 
-0.952283 1.32631 -6.71319 -10.9348 
-0.952283 1.32631 -3.12012 -10.9348 
-0.952283 1.32631 -3.12012 -10.9348 
5.21287 1.13454 0.589597 -10.9348 
5.67153 0.651979 -6.54536 -2.54369 
5.67153 0.585049 -3.27402 -6.82126 
5.67153 0.585049 -3.27402 -6.82126 
5.25127 0.83869 -2.4473 -6.42891 
8.00009 1.90559 -3.71985 -7.05138 
3.62429 1.94815 -2.92523 -5.48944 
3.62429 1.94815 -2.92523 -5.48944 
2.6187 1.16603 0.509024 -0.987366 
4.11817 0.857477 -1.76803 -9.92479 
4.11817 0.857477 -1.76803 -9.92479 
0.685392 0.499891 0.845215 -3.92572 
0.763185 0.366934 0.939392 -0.24301 
0.763185 0.366934 0.939392 -0.24301 
-0.402686 -0.119654 4.69752 0.574066 
-2.86379 -0.540091 6.97808 2.0964 
-2.9273 -0.802229 7.40956 2.00801 
-2.70593 -1.01194 7.43501 3.33376 
-2.70593 -1.13635 7.35829 1.23941 
-0.520783 -0.95125 4.81897 -0.308227 
-0.520783 -0.95125 6.55095 1.46349 
-1.43099 -1.0208 4.32303 -1.0287 
-1.43099 -1.0208 4.32303 -1.0287 
-3.40742 -1.08327 5.57317 0.568478 
-3.25344 -1.1828 5.57317 0.124416 
-3.03214 -1.19538 4.57675 -0.241083 
-4.11554 -1.30179 5.41607 1.27998 
-2.70645 -1.35218 3.93022 -0.681478 
-2.70645 -1.35218 3.93022 -0.681478 
-1.39137 -1.10131 4.02378 0.0188149 
-2.57991 -1.04429 3.05219 -0.62204 
-2.40734 -0.946132 2.77276 -0.457087 
-2.0352 -0.881596 2.66356 -0.0561921 
-2.0352 -0.881596 2.66356 -0.0561921 
-1.81894 -0.847659 3.79534 1.1633 
-1.61664 -0.809547 3.79534 -0.38791 
-1.41514 -0.754141 1.05557 -0.471608 
-1.21051 -0.690579 2.27184 -0.596542 
0.0877537 -0.518943 0.929131 -1.75102 
-1.04233 -0.489572 1.97483 -0.171566 
-0.90292 -0.450945 1.81951 -0.140719 
-0.755821 -0.505298 1.70085 -0.195839 
-1.65852 -0.588724 2.70493 -0.195839 
-1.65852 -0.588724 2.70493 -0.195839 
-2.52389 -1.35473 3.52167 0.777958 
-2.52389 -1.31473 3.52931 1.07876 
-1.63345 -1.1166 2.551 0.571831 
-1.81147 -1.00541 2.58854 0.571831 
-1.81147 -1.00541 2.58854 0.571831 
-1.81147 -1.00541 2.15339 0.571831 
-1.3289 -0.924297 2.15339 0.817813 
-1.42452 -0.764514 1.40249 0.805883 
-1.22378 -0.828424 1.40249 -0.210917 
-0.962754 -0.79065 1.27152 0.395422 
-0.784984 -0.606363 1.08494 0.237519 
-0.264623 -0.582873 0.344835 -0.000970109 
-0.264623 -0.552416 0.186348 -0.194475 
-0.264623 -0.576748 0.186348 -0.194475 
-0.264623 -0.672725 0.37061 0.048476 
-0.264623 -0.599237 0.157296 -0.242859 
-0.131855 -0.599237 0.110367 -0.277655 
1.8413 -0.619241 -1.58903 -0.277655 
1.8413 -0.619241 -1.58903 -1.80873 
2.57257 0.371088 -1.53371 -2.37285 
2.57257 0.371088 -2.97222 -2.37285 
2.57257 0.459891 -3.474 -2.74023 
3.78242 0.676298 -4.10616 -3.16319 
3.78242 0.676298 -4.10616 -3.16319 
3.96187 0.676298 -3.28531 -3.16319 
3.96187 1.00509 -5.37638 -2.35474 
5.01724 0.981027 -4.32029 -4.30996 
5.01724 0.981027 -4.32029 -4.30996 
