4.65067e-310 2.37664e-312 2.04741e-320 3.45846e-323 
0.562626 1.82625 -0.0369048 1.75893 
0.73792 1.82535 0.0357544 3.44938 
0.73792 3.34565 0.0357544 3.44938 
0.73792 3.34565 0.0357544 3.44938 
0.73792 3.34565 0.0357544 3.44938 
0.758147 3.32105 0.0568403 3.41436 
0.765178 3.30951 0.0629213 3.41436 
0.765178 3.30951 0.0629213 3.41436 
0.773351 3.29467 0.0699982 3.40153 
0.794009 3.25779 0.0872872 3.37066 
0.859679 3.05585 0.134262 3.20077 
0.859679 3.05585 0.134262 3.20077 
0.870939 3.01302 0.140586 3.16623 
0.884006 2.93278 0.148756 3.13051 
0.898906 2.93278 0.154883 3.10873 
0.92362 2.88419 0.164815 3.07083 
0.92362 2.79025 0.164815 3.00277 
0.933311 2.79025 0.164815 3.00277 
0.970028 2.74141 0.171895 3.00277 
0.977258 2.47794 0.167203 2.77038 
0.935157 2.22762 0.143679 2.56353 
0.924185 2.13599 0.131391 2.48372 
0.887463 2.05459 0.119589 2.41274 
0.887463 2.05459 0.119589 2.41274 
0.878455 2.02075 0.111576 2.37058 
0.86372 2.02075 0.111576 2.34255 
0.837104 1.90069 0.0907469 2.25923 
0.837104 1.90069 0.0907469 2.25923 
0.825348 1.90069 0.0907469 2.23203 
0.805426 1.80677 0.069088 2.17141 
0.805426 1.80677 0.069088 2.17141 
0.805426 1.80677 0.0593976 2.13101 
0.78476 1.7711 0.0453172 2.13101 
0.774444 1.7711 0.0453172 2.13101 
0.763604 1.7711 0.0296165 2.09806 
0.752307 1.7711 0.0296165 2.09806 
0.752307 1.7711 0.0296165 2.09806 
0.724706 1.60177 0.019776 1.97806 
0.699503 1.57501 -0.00329041 1.8936 
0.699503 1.57501 -0.00329041 1.8936 
0.699503 1.57501 -0.00329041 1.8936 
0.681015 1.55178 -0.0137825 1.85956 
0.681015 1.55178 -0.0137825 1.85956 
0.655642 1.52185 -0.0271905 1.81239 
0.655642 1.50076 -0.0360062 1.77839 
0.629663 1.49631 -0.0399006 1.76752 
0.612015 1.47738 -0.048291 1.73463 
0.612015 1.47738 -0.048291 1.73463 
0.58549 1.45836 -0.0597001 1.69326 
0.58549 1.45836 -0.0597001 1.69326 
0.563071 1.45171 -0.070121 1.65421 
0.54498 1.43837 -0.0748549 1.63543 
0.537432 1.44392 -0.0763505 1.63242 
0.519153 1.43282 -0.0829436 1.60359 
0.50619 1.43282 -0.0866296 1.60359 
0.50619 1.43213 -0.0866296 1.58915 
0.474333 1.42518 -0.0959217 1.54828 
0.466478 1.42518 -0.0959217 1.54924 
0.458584 1.4502 -0.0958524 1.55056 
0.439573 1.44596 -0.100928 1.52522 
0.425956 1.45197 -0.105896 1.50066 
0.412292 1.45889 -0.10503 1.50369 
0.412292 1.46744 -0.10503 1.50369 
0.412292 1.47741 -0.106264 1.50369 
0.374218 1.48812 -0.107723 1.46441 
0.361788 1.49951 -0.1083 1.47443 
0.337235 1.52414 -0.111671 1.46337 
0.337235 1.52414 -0.111671 1.46337 
0.337235 1.52414 -0.111671 1.46337 
0.31986 1.56148 -0.111671 1.47057 
0.31986 1.56486 -0.108686 1.45046 
0.297306 1.59037 -0.104379 1.46489 
0.279441 1.59441 -0.104379 1.44605 
0.279441 1.62248 -0.102659 1.46585 
0.268416 1.63875 -0.105172 1.44985 
0.2514 1.64333 -0.104212 1.44985 
0.242634 1.6599 -0.103062 1.45201 
0.234253 1.67645 -0.101797 1.45455 
0.218289 1.68111 -0.104021 1.43855 
0.218617 1.70948 -0.104021 1.46094 
0.211451 1.74184 -0.0973707 1.46833 
0.204688 1.74184 -0.0956682 1.46833 
0.190369 1.74588 -0.097493 1.45363 
0.185033 1.76209 -0.0955663 1.45949 
0.190614 1.76209 -0.0931819 1.46728 
0.184202 1.8237 -0.0841142 1.50512 
0.184202 1.8237 -0.0841142 1.50512 
0.179461 1.82604 -0.0789834 1.50512 
0.179461 1.85416 -0.0789834 1.50512 
0.179461 1.85416 -0.0789834 1.50512 
0.186214 1.89567 -0.0694568 1.4915 
0.176108 1.89583 -0.0704673 1.54797 
0.176108 1.89583 -0.0704673 1.54797 
0.189829 1.93649 -0.0597788 1.59532 
0.176071 1.94433 -0.0633632 1.55714 
0.176071 1.94433 -0.0633632 1.55714 
0.176071 1.94433 -0.0633632 1.55714 
0.1799 1.96464 -0.0530952 1.59701 
0.170833 1.95844 -0.054391 1.58466 
0.170833 1.96598 -0.0514958 1.59795 
0.176997 1.96598 -0.0514958 1.59795 
0.202351 1.99381 -0.0409392 1.65034 
0.198362 1.98547 -0.0423227 1.63827 
0.198362 1.99172 -0.0423227 1.65504 
0.231556 2.01238 -0.0306736 1.70009 
0.231556 2.01238 -0.0306736 1.70009 
0.239119 1.9964 -0.0252784 1.72073 
0.239119 1.9964 -0.0252784 1.72073 
0.239119 1.9964 -0.0252784 1.72073 
0.274603 2.03011 -0.0170218 1.76567 
0.297731 2.03574 -0.00999999 1.79733 
0.309897 2.03574 -0.00999999 1.79733 
0.309897 2.03801 -0.00677735 1.81399 
0.322952 2.04013 -0.00489185 1.82036 
0.336443 2.01325 -0.00149354 1.82643 
0.336443 2.01325 -0.00339432 1.82643 
0.382085 2.02957 0.00864937 1.89598 
0.381142 2.02957 0.00864937 1.89598 
0.381142 2.02957 0.00864937 1.88209 
0.426954 2.02909 0.00864937 1.95023 
0.426954 2.02839 0.00864937 1.95023 
0.426954 2.02839 0.00864937 1.95023 
0.474636 2.02451 0.0223928 1.9921 
0.474636 2.02451 0.0223928 1.9921 
0.473347 2.0074 0.0254126 1.9921 
0.509546 2.02083 0.0285728 2.01262 
0.526816 2.01866 0.0285728 2.06849 
0.543928 2.01633 0.0406514 2.08806 
0.560865 2.01385 0.0436868 2.10749 
0.560865 2.01385 0.0436868 2.10749 
0.577626 2.01123 0.0408571 2.091 
0.610426 2.00566 0.0464901 2.12838 
0.610426 2.00566 0.0464901 2.12838 
0.610426 1.98741 0.0464901 2.14679 
0.623424 1.9845 0.0516709 2.14679 
0.705098 2.00645 0.0701805 2.28499 
0.701112 2.00645 0.0701805 2.28499 
0.741102 1.99898 0.0762138 2.28519 
0.736334 1.99898 0.0727733 2.28519 
0.76999 1.97315 0.0783362 2.34144 
0.76999 1.95487 0.0749388 2.31973 
0.764052 1.95487 0.0749388 2.31973 
0.779845 1.95137 0.0749388 2.33733 
0.779845 1.96121 0.0749388 2.33733 
0.821022 1.96121 0.0749388 2.35416 
0.866615 1.94719 0.0947282 2.45527 
0.866615 1.92959 0.0909781 2.43042 
0.866615 1.91218 0.0909781 2.40544 
0.857237 1.91218 0.0869471 2.40544 
0.925464 1.93441 0.101953 2.52566 
0.940955 1.93061 0.104946 2.52566 
0.955904 1.93061 0.101173 2.4984 
0.970238 1.93061 0.109625 2.55754 
0.987819 1.93061 0.112242 2.57537 
1.00535 1.92693 0.11473 2.59322 
1.00535 1.92693 0.11473 2.59322 
1.06895 1.90721 0.117153 2.61047 
1.0521 1.89716 0.122262 2.64247 
1.06393 1.89215 0.124533 2.65795 
1.06393 1.88729 0.124533 2.65795 
1.07407 1.88729 0.127035 2.67246 
1.01836 1.83426 0.1206 2.59426 
1.03723 1.8254 0.118665 2.569 
1.01392 1.81243 0.120882 2.58161 
0.990863 1.79986 0.11663 2.54391 
1.05205 1.79713 0.126603 2.55673 
1.02789 1.79713 0.122194 2.57987 
1.02789 1.78582 0.122194 2.57987 
1.0391 1.78179 0.123597 2.5913 
1.08518 1.78179 0.131548 2.65245 
1.09474 1.78199 0.131548 2.65245 
1.10363 1.77917 0.134822 2.67144 
1.08266 1.76731 0.13114 2.63827 
1.09368 1.76731 0.131999 2.64892 
1.09368 1.76731 0.131999 2.64892 
1.18888 1.75917 0.145425 2.76709 
1.15682 1.75917 0.140895 2.72231 
1.17281 1.74512 0.142984 2.74069 
1.17281 1.73946 0.142984 2.74069 
1.17281 1.7322 0.137996 2.69502 
1.18603 1.7322 0.137996 2.75676 
1.18603 1.72919 0.14519 2.75676 
0.983891 1.6905 0.113822 2.48604 
0.944715 1.6905 0.107685 2.43632 
0.953466 1.6905 0.106992 2.44345 
0.961524 1.673 0.106504 2.44997 
1.01725 1.65418 0.106045 2.45614 
0.975717 1.65264 0.105453 2.46215 
0.975717 1.65264 0.105453 2.46215 
0.897936 1.65264 0.0918119 2.36609 
0.897936 1.65264 0.0918119 2.36609 
0.773211 1.65264 0.0706888 2.21858 
0.773211 1.65264 0.0706888 2.21858 
0.0833166 1.64306 -0.129764 1.25457 
0.000489284 1.64599 -0.121644 1.46367 
-0.00611034 1.63004 -0.128836 1.46382 
-0.00611034 1.63004 -0.128836 1.46382 
-0.0442835 1.63415 -0.128836 1.42514 
-0.0254727 1.62496 -0.139728 1.44617 
-0.0254727 1.62496 -0.139728 1.52573 
0.0689393 1.5956 -0.132467 1.54617 
0.0689393 1.5956 -0.132467 1.54617 
0.0754311 1.58564 -0.130744 1.55166 
0.101797 1.57292 -0.127636 1.57401 
0.101797 1.57292 -0.127636 1.57401 
0.132689 1.55567 -0.129 1.53722 
0.228223 1.51568 -0.112123 1.62098 
0.258939 1.49997 -0.112123 1.70401 
0.225772 1.50743 -0.111916 1.66715 
0.225772 1.50743 -0.102604 1.75118 
0.322372 1.46804 -0.102604 1.75118 
0.385316 1.43922 -0.091272 1.79831 
0.417031 1.42534 -0.0851795 1.82219 
0.452661 1.40699 -0.0835022 1.82219 
0.321499 1.44943 -0.0727142 1.74099 
0.437241 1.38953 -0.0630171 1.74099 
0.402989 1.40295 -0.0607871 1.70669 
0.558167 1.32239 -0.0492248 1.80993 
0.522766 1.33764 -0.0435823 1.83632 
0.601226 1.31643 -0.0327709 1.89037 
0.601226 1.29635 -0.0327709 1.89037 
0.565255 1.31266 -0.0310013 1.89037 
0.678037 1.31266 -0.0310013 1.8571 
0.76618 1.23563 -0.0105449 1.99643 
0.76618 1.20447 -0.0105449 1.99643 
0.781047 1.18631 -0.00633439 1.86959 
0.781047 1.18631 0.00122232 1.86959 
0.784738 1.15565 0.00595767 1.9819 
0.828058 1.15565 0.0104981 2.00869 
0.828058 1.15565 0.0104981 2.00869 
0.828058 1.15565 0.0104981 2.00869 
0.912286 1.10696 0.0195498 2.06238 
0.993759 1.06148 0.028165 2.11657 
0.993759 1.03651 0.028165 2.11657 
1.18407 0.966988 0.0376856 2.16498 
1.13452 0.966988 0.0420352 2.18813 
1.18187 0.966988 0.0463832 2.21113 
1.22693 0.904117 0.0506591 2.23399 
1.26953 0.876304 0.0548252 2.25678 
1.02166 0.916344 0.0595456 2.12029 
0.982065 1.08483 0.0653347 2.09975 
0.982065 1.08483 0.0653347 2.09975 
0.958447 1.10248 0.0704426 2.143 
0.958447 1.10248 0.0704426 2.143 
1.15637 0.948944 0.0767912 2.17397 
1.15637 0.948944 0.0767912 2.17397 
1.24976 0.869306 0.0824165 2.20478 
1.24976 0.869306 0.0809557 2.20478 
1.3394 0.792823 0.0876104 2.23518 
1.27035 0.792823 0.0876104 2.23518 
1.27035 0.842414 0.0860107 2.20097 
1.11111 0.935244 0.0832475 2.10895 
1.03705 0.987747 0.0805616 2.07441 
1.03705 0.987747 0.0805616 2.07441 
1.07655 0.951688 0.0776865 2.03993 
1.07655 0.899295 0.0776865 2.09344 
1.03584 0.917279 0.0835924 2.00402 
1.03584 0.917279 0.0835924 2.00402 
1.03584 0.917279 0.0835924 2.00402 
0.969135 0.92829 0.0798731 1.94495 
0.969135 0.92829 0.0798731 1.94495 
0.969135 0.92829 0.0798731 1.94495 
0.766526 0.733773 0.087 1.96455 
1.06154 0.792626 0.0835763 1.9284 
1.11892 0.725663 0.0888711 1.91358 
1.17583 0.658947 0.0939083 1.91358 
1.28651 0.528432 0.103162 1.8663 
1.19747 0.591721 0.0977575 1.8663 
1.19747 0.591721 0.0977575 1.8663 
0.717689 1.02844 0.0560045 1.63774 
0.913804 0.709744 0.0781952 1.68854 
0.961907 0.650796 0.0812388 1.6841 
1.01105 0.590595 0.0841165 1.68016 
1.06003 0.530571 0.0841165 1.68016 
1.06003 0.530571 0.0868681 1.67662 
1.18896 0.221788 0.118328 1.64917 
1.25048 0.221788 0.118328 1.62003 
1.31266 0.217112 0.118073 1.60233 
1.37221 0.142835 0.124904 1.58552 
1.4278 0.0728516 0.130907 1.56965 
1.47954 0.00702992 0.135989 1.55482 
1.5279 -0.0550494 0.140186 1.54116 
1.57322 -0.113804 0.140186 1.52875 
1.6156 -0.169472 0.145733 1.51767 
1.67316 -0.239804 0.153568 1.49431 
1.72997 -0.30914 0.161333 1.47042 
1.83447 -0.438134 0.174586 1.42585 
1.83447 -0.438134 0.174586 1.42585 
1.62285 -0.284798 0.147162 1.37475 
1.67561 -0.348849 0.154013 1.36051 
1.72608 -0.410103 0.154013 1.33819 
1.77345 -0.468067 0.166669 1.32146 
1.77345 -0.573733 0.176917 1.29084 
1.77345 -0.573733 0.158178 1.29084 
1.77345 -0.452989 0.158178 1.28177 
1.81758 -0.452989 0.158178 1.28177 
2.05492 -0.740564 0.196553 1.28123 
2.05492 -0.740564 0.201256 1.27555 
2.16526 -0.833292 0.205167 1.27515 
2.21353 -0.833292 0.205167 1.27515 
2.46878 -1.09504 0.237557 1.28145 
2.28887 -0.95193 0.213958 1.28047 
2.53214 -1.16813 0.242358 1.28801 
2.53214 -1.16813 0.242358 1.28801 
2.61287 -1.25793 0.254919 1.27596 
2.41726 -1.25793 0.254919 1.27596 
2.68391 -1.34348 0.269105 1.26378 
2.68391 -1.34348 0.269105 1.26378 
2.73978 -1.42054 0.283659 1.25475 
2.73978 -1.42054 0.283659 1.25475 
2.78255 -1.48859 0.260929 1.24869 
2.79624 -1.5166 0.276299 1.25551 
2.57468 -1.35146 0.284328 1.25413 
2.82929 -1.57646 0.26327 1.26175 
2.60675 -1.57646 0.303343 1.26175 
2.60675 -1.40549 0.303343 1.24607 
2.63483 -1.46251 0.303343 1.24607 
2.69318 -1.48522 0.337812 1.217 
2.72019 -1.50504 0.348723 1.20857 
2.76887 -1.53686 0.369301 1.19368 
2.54555 -1.34979 0.345681 1.20757 
2.54555 -1.34979 0.345681 1.20757 
2.54555 -1.34979 0.355134 1.20151 
3.09733 -1.76611 0.429931 1.15146 
2.86317 -1.56338 0.403165 1.15146 
3.13876 -1.76587 0.445603 1.12606 
3.13876 -1.76587 0.445603 1.14471 
2.91089 -1.56421 0.38963 1.16305 
2.91089 -1.56421 0.38963 1.16305 
3.19258 -1.75231 0.469836 1.08408 
2.94214 -1.54056 0.442969 1.10566 
2.9493 -1.53328 0.442969 1.09716 
2.9493 -1.53328 0.442969 1.08939 
3.20306 -1.70569 0.483795 1.04837 
2.93949 -1.48854 0.483795 1.07214 
2.93184 -1.46689 0.453416 1.07214 
3.1712 -1.63258 0.490782 1.00382 
2.89907 -1.41279 0.456134 1.0289 
2.89907 -1.41279 0.456134 1.0289 
3.1141 -1.55202 0.45903 0.962561 
2.8341 -1.55202 0.45903 0.988034 
3.06161 -1.49409 0.494713 0.936313 
3.06161 -1.49409 0.494713 0.936313 
2.99203 -1.42695 0.459312 0.949017 
2.99203 -1.42695 0.459312 0.949017 
2.88238 -1.32638 0.494802 0.865452 
2.88238 -1.32638 0.494802 0.865452 
2.76682 -1.22809 0.494098 0.824253 
2.76682 -1.22809 0.457506 0.824253 
2.64599 -1.13262 0.493254 0.782746 
2.64599 -1.13262 0.493254 0.782746 
2.52127 -1.04116 0.492207 0.740963 
2.22382 -1.04116 0.492207 0.740963 
2.37767 -0.942393 0.49132 0.69605 
2.07989 -0.73081 0.454547 0.69605 
2.15695 -0.79241 0.45549 0.691955 
1.86142 -0.585791 0.45604 0.662349 
1.65146 -0.453612 0.459295 0.601021 
1.36309 -0.257192 0.424283 0.624981 
1.36309 -0.257192 0.424283 0.624981 
1.35125 -0.333451 0.468225 0.646894 
1.35125 -0.276776 0.468225 0.50499 
1.25173 -0.169499 0.469992 0.441577 
1.15619 -0.169499 0.47304 0.441577 
1.15619 -0.169499 0.47304 0.441577 
0.973637 -0.0963361 0.518533 0.304899 
0.973637 0.0774772 0.482702 0.328491 
0.540498 0.162072 0.448442 0.350147 
0.540498 0.162072 0.448442 0.350147 
0.230706 0.390251 0.492736 0.208641 
0.0825111 0.390251 0.495115 0.169201 
-0.162376 0.538929 0.459926 0.190955 
-0.32736 0.517215 0.504074 0.149837 
-0.32736 0.575139 0.504074 0.0478221 
-0.32736 0.7098 0.504074 0.0701654 
-0.774455 0.98592 0.479785 -0.0650916 
-0.774455 0.98592 0.479785 -0.0650916 
-1.56851 1.18894 0.45375 -0.141327 
-1.56851 1.18894 0.45375 -0.141327 
-1.77045 1.18894 0.45375 -0.141327 
-2.14655 1.43043 0.418865 -0.121683 
-2.14655 1.43043 0.418865 -0.121683 
-2.32043 1.49841 0.467892 -0.352763 
-2.68603 1.61694 0.510349 -0.440464 
-2.80503 1.67603 0.466931 -0.410556 
-3.11424 1.81486 0.466931 -0.449276 
-3.68961 1.94466 0.465341 -0.486648 
-3.68961 2.06623 0.464168 -0.521635 
-4.34591 2.32062 0.331019 -0.455978 
-4.33957 2.3095 0.305643 -0.425301 
-4.61285 2.38106 0.305643 -0.425301 
-4.61285 2.38106 0.23968 -0.456992 
-4.6539 2.13419 0.176579 -0.257016 
-4.23085 2.06712 0.243226 -0.352334 
-4.37609 1.85665 0.260379 -0.29721 
-4.24013 2.07273 0.260379 -0.431481 
-4.24013 2.07273 0.260379 -0.431481 
-4.24013 2.07273 0.260379 -0.431481 
-4.85635 2.5165 0.328325 -0.626715 
-4.50711 2.43265 0.313923 -0.564195 
-4.94412 2.65037 0.315417 -0.65137 
-4.76159 2.54278 0.293848 -0.603313 
-4.76159 2.54278 0.293848 -0.603313 
-5.29811 2.9378 0.317187 -0.679204 
-5.29811 2.81817 0.327614 -0.713027 
-5.2693 2.81817 0.36378 -0.750644 
-5.59104 3.43413 0.368277 -0.719805 
-5.37219 3.29998 0.401734 -0.753916 
-5.37219 3.29998 0.401734 -0.753916 
-5.52625 3.49721 0.433435 -0.787575 
-5.52625 3.49721 0.433435 -0.91414 
-6.53561 4.51885 0.60924 -1.03115 
-6.53561 4.51885 0.60924 -1.03115 
-6.7733 4.84917 0.63557 -1.05265 
-6.7733 4.84917 0.63557 -1.05265 
-6.51105 4.6732 0.58252 -0.96537 
-7.46237 5.71909 0.730774 -0.959162 
-7.17209 5.71909 0.730774 -0.95738 
-7.09527 5.83619 0.670219 -0.89201 
-7.30331 5.83619 0.670219 -0.89201 
-7.30331 5.83619 0.670219 -0.89201 
-6.9953 5.60582 0.670219 -0.819985 
-8.69844 7.28428 0.897519 -1.07192 
-8.69844 7.00637 0.829352 -1.07192 
-8.50485 7.21533 0.755555 -0.907045 
-8.7454 7.21533 0.755555 -0.907045 
-9.59446 8.17613 0.693385 -0.946834 
-9.21317 7.86016 0.627761 -0.877106 
-9.44519 8.06045 0.557842 -0.846542 
-10.2675 8.75776 0.48569 -0.854982 
-9.85799 8.75776 0.435198 -0.798052 
-10.6634 9.07898 0.373134 -0.811929 
-10.6634 8.70244 0.332063 -0.811929 
-11.0238 9.35062 0.279418 -0.776503 
-10.5787 9.35062 0.247617 -0.726782 
-11.1758 9.7962 0.146708 -0.684053 
-10.7127 9.36547 0.125551 -0.684053 
-11.2679 9.57792 0.0678501 -0.592629 
-10.7953 9.76787 0.0162606 -0.553089 
-11.3316 10.5915 -0.0311151 -0.517064 
-10.8369 10.1037 -0.0743045 -0.484395 
-10.8585 10.4002 -0.114391 -0.454225 
-10.8705 10.4002 -0.151194 -0.426261 
-10.37 9.88238 -0.144557 -0.404755 
-8.87669 8.44874 -0.16574 -0.303196 
-8.38187 7.88775 -0.150301 -0.286031 
-9.02007 7.88775 -0.150301 -0.286031 
-9.02007 8.79638 -0.519976 -0.204591 
-8.64518 8.51506 -0.578907 0.125588 
-8.22596 8.06836 -0.615793 0.125588 
-8.88543 8.97845 -0.854138 0.266871 
-8.88543 8.97845 -0.854138 0.266871 
-9.03813 9.24601 -1.00922 0.388267 
-9.03813 9.24601 -0.925736 0.388267 
-9.219 9.55311 -1.18875 0.538865 
-9.32905 9.75964 -1.32159 0.661052 
-9.32905 9.75964 -1.32159 0.684698 
-9.56367 10.1892 -1.71285 1.06567 
-9.04461 9.52397 -1.64998 1.06567 
-9.77228 10.5912 -2.05196 1.38704 
-9.77228 10.5912 -2.05196 1.34412 
-9.34147 10.115 -2.12516 1.47877 
-9.43034 10.3023 -2.26588 1.60092 
-9.5127 10.4824 -2.39605 1.81271 
-9.59026 10.6572 -2.51572 1.81271 
-9.59026 10.6572 -2.51572 1.81271 
-9.8074 11.1562 -3.20844 2.16387 
-9.34328 10.6916 -2.88119 2.21918 
-9.00951 9.29029 -3.00922 1.96508 
-9.00951 10.5037 -3.00922 2.42274 
-9.09847 10.5037 -3.14145 2.42274 
-9.851 11.908 -3.60445 3.0064 
-9.851 11.908 -3.60445 3.0064 
-8.78739 10.6234 -3.25523 2.78219 
-8.78739 10.6234 -3.25523 2.78219 
-6.70324 8.02391 -2.48846 2.28199 
-6.49828 8.07777 -2.02916 2.61408 
-6.49828 7.38639 -2.48365 2.40412 
-5.95425 7.38639 -2.48365 2.40412 
-5.95425 8.84034 -2.48365 3.04858 
-6.84598 8.84034 -3.13849 3.04858 
-7.79556 10.447 -3.97614 3.95578 
-7.13095 9.52149 -3.71478 3.74182 
-7.19044 9.68818 -3.89391 3.96538 
-7.19044 9.68818 -4.06083 3.96538 
-7.25953 9.87973 -4.0407 4.17776 
-2.03366 5.03864 -2.8379 2.12499 
-2.03366 5.03864 -2.8379 2.12499 
-0.0779263 1.72954 -0.872349 1.48019 
1.11505 0.67639 -0.583602 1.61771 
1.11505 0.667636 -0.583602 1.49516 
1.11505 0.667636 -0.521878 1.49516 
1.1129 0.260254 -0.521878 1.37564 
2.64583 -0.518569 -0.292896 1.43619 
3.0871 -0.518569 -0.231579 1.41869 
2.69743 -0.14102 -0.26026 1.45727 
2.69743 -0.0633819 -0.491791 1.62795 
1.88972 0.653229 -0.712817 1.77928 
1.28089 0.653229 -0.917968 1.77928 
0.231769 2.52975 -1.35466 2.42621 
0.203078 2.52975 -1.35466 2.42621 
-0.765149 3.38605 -1.60802 2.81446 
-0.765149 3.38605 -1.60802 2.69621 
-0.729648 3.05466 -1.44259 2.69621 
-1.16449 3.76715 -1.53357 2.87108 
-1.88753 4.00888 -1.69462 3.20106 
-1.86557 4.00888 -1.72176 3.33468 
-1.92516 4.12318 -1.94305 3.72679 
-1.78711 3.74716 -1.94305 3.72679 
-1.74633 3.69037 -1.76696 3.70815 
-1.70769 3.69037 -1.77241 3.82568 
-1.76049 3.91715 -1.97289 4.20149 
-1.56874 3.556 -1.76132 4.1529 
-1.56874 3.556 -1.76132 4.1529 
-1.56874 3.24823 -1.55125 3.99376 
-1.47226 3.52262 -1.72317 4.38129 
-1.3206 3.3758 -1.58392 4.61611 
-1.3206 3.3758 -1.44268 4.84959 
-1.03064 3.10203 -1.29944 5.0806 
-0.899267 2.98632 -1.15444 5.30892 
-0.899267 2.98632 -1.15444 5.30892 
-0.665183 2.79138 -0.861498 5.75806 
-0.560893 2.70688 -0.714044 5.97895 
-0.464373 2.6289 -0.714044 5.97895 
-0.350312 2.6933 -0.493668 6.81831 
-0.285619 2.47135 -0.265692 6.62098 
-0.285619 2.47135 -0.265692 6.62098 
0.178116 2.11396 0.156244 7.32603 
0.178116 2.11396 0.156244 7.12586 
0.458407 1.81783 0.584396 7.6556 
0.458407 1.81783 0.584396 7.6556 
0.687936 1.57027 1.00303 7.97832 
0.663192 1.44449 1.21759 7.77163 
0.752106 1.33966 1.41688 7.93293 
0.954686 1.25622 1.60431 8.45309 
0.954686 1.15136 1.60431 8.45309 
1.2791 0.842355 2.04548 8.32555 
1.10752 0.769413 2.27891 8.40663 
1.10752 0.769413 2.27891 8.20115 
1.10752 0.537948 2.6807 8.20115 
1.57021 0.537948 2.93664 8.65659 
1.88973 0.0330557 3.18632 9.02517 
1.04869 -0.0523471 3.95183 7.86403 
1.04869 -0.0523471 3.95183 7.86403 
1.02347 -0.437916 4.2566 8.20418 
1.02347 -0.437916 4.2566 8.20418 
1.02347 -0.428861 4.2566 8.20418 
1.90533 -1.04482 4.63727 8.50263 
1.74619 -1.04482 4.63727 8.50263 
2.13441 -1.30806 4.91159 8.58366 
2.13441 -1.30806 4.91159 8.58366 
2.32639 -1.52117 5.16214 8.6708 
2.32639 -1.52117 5.16214 8.6708 
2.4939 -1.71508 5.38839 8.76228 
2.35749 -1.57976 5.39664 8.59477 
2.35749 -1.66672 5.4966 8.64378 
2.35749 -1.66672 5.4966 8.64378 
2.17095 -1.72336 5.56964 8.53356 
1.93835 -2.38602 5.7788 8.37687 
1.54993 -1.73223 5.62874 8.21783 
1.54993 -1.73223 5.57618 8.21783 
1.86647 -2.475 5.76327 8.55172 
1.68465 -2.30749 5.70397 8.55172 
1.68465 -2.30749 5.70397 8.38674 
1.74712 -2.55552 5.7339 8.7152 
1.78099 -2.66631 5.74476 8.59497 
1.79755 -2.83946 5.76474 8.59497 
1.79755 -2.83946 5.76474 8.59497 
1.80795 -3.0213 5.78649 8.6362 
2.00708 -3.59548 5.90548 8.88345 
2.005 -3.84046 5.93781 8.95603 
2.005 -3.52853 5.93781 8.95603 
2.00888 -4.04769 5.96137 9.02013 
1.81962 -3.72235 5.87093 8.83932 
1.83104 -3.81868 5.87093 8.86724 
1.2294 -3.50864 5.4741 8.86724 
1.2294 -3.50864 5.4741 8.86724 
1.2294 -2.73779 5.4741 8.68378 
1.69563 -4.39252 5.83246 8.52237 
1.49783 -4.20899 5.74141 8.33002 
1.33596 -3.8449 5.62896 8.32616 
1.43998 -3.8449 5.62896 8.32616 
1.29391 -4.14159 5.64843 8.30914 
1.28252 -4.28964 5.65505 8.29845 
1.28252 -4.28964 5.65505 8.29845 
1.25166 -4.65273 5.80349 8.43298 
1.18059 -4.6766 5.67827 8.43298 
1.18059 -4.6766 5.67827 8.43298 
0.990515 -4.6642 5.71665 8.14876 
0.908372 -4.66577 5.73186 8.10783 
0.908372 -4.66577 5.73186 8.10783 
0.832911 -4.66789 5.74421 8.10783 
0.763423 -4.66901 5.90252 8.19062 
0.763423 -5.04905 5.90252 8.14627 
0.656795 -5.02359 5.91408 8.10268 
0.594478 -4.98901 5.91461 8.05921 
0.484841 -4.92047 5.91481 8.10517 
0.338943 -4.92047 5.91504 8.22646 
0.127074 -5.06665 6.06797 8.67869 
0.127074 -4.66421 6.06797 8.67869 
-0.124382 -3.83187 5.59394 8.45624 
-0.117278 -3.83187 5.59394 8.23025 
-0.117278 -3.83187 5.59394 8.23025 
-0.235127 -3.83735 5.58096 8.43762 
-0.290196 -3.843 5.57435 8.53554 
-0.290196 -3.843 5.57435 8.29711 
-0.381666 -3.54412 5.38319 8.4991 
-0.490785 -3.4787 5.34841 8.61017 
-0.490785 -3.4787 5.34841 8.61017 
-0.490785 -3.4787 5.34841 8.61017 
-0.792597 -2.95336 5.08756 8.74843 
-0.792597 -2.71347 5.08756 8.74843 
-0.710792 -2.92011 5.04292 8.47562 
-0.841938 -2.68855 4.90033 8.63983 
-0.905372 -2.68855 4.90033 8.63983 
-1.15735 -2.84207 4.97594 9.16653 
-1.15735 -2.84207 4.84097 8.86957 
-1.47466 -2.57505 4.79065 8.97267 
-1.36196 -2.57505 4.74532 8.97267 
-1.36196 -2.37023 4.74532 9.06748 
-1.87377 -2.26644 4.74948 9.63869 
-1.72873 -2.09626 4.74948 9.31453 
-1.83217 -1.95335 4.63343 9.45794 
-1.92906 -1.95335 4.63343 9.45794 
-2.01936 -1.95335 4.63343 9.45794 
-2.38726 -1.89067 4.63343 9.98676 
-2.38726 -1.89067 4.60276 9.98676 
-2.71286 -1.59414 4.60276 9.72532 
-2.50377 -1.59414 4.60276 9.72532 
-2.9885 -1.34845 4.3166 9.44286 
-2.9885 -1.25814 4.31031 9.95826 
-2.86767 -1.16058 4.27087 10.4589 
-2.97307 -0.984435 4.23691 10.1322 
-3.07134 -0.984435 4.20282 10.1322 
-3.25604 -0.91879 4.14328 9.74275 
-3.25604 -0.83002 4.14328 10.2331 
-3.25604 -0.83002 4.14328 10.2331 
-3.95386 -0.458163 4.04862 10.831 
-3.95386 -0.458163 4.04862 10.831 
-4.20859 -0.197737 3.94678 10.9544 
-3.87411 -0.197737 3.94678 10.9544 
-3.87411 0.01846 3.86607 11.0515 
-4.05911 -0.00887176 3.83718 10.6058 
-4.14345 0.0859073 3.83718 10.6449 
-4.14345 0.0859073 3.80504 10.6449 
-4.22561 0.0999855 3.77783 10.2302 
-3.95217 0.551498 3.55634 9.91239 
-3.95217 0.490929 3.51631 9.91239 
-3.79902 0.490929 3.51631 9.52242 
-3.79902 0.66214 3.44066 9.52242 
-4.67022 1.20219 3.26439 10.1407 
-4.67022 1.07467 3.23204 10.1407 
-4.4421 1.18189 3.16589 9.72016 
-4.58188 1.18189 3.10398 9.76132 
-5.23072 1.62182 3.01514 10.3069 
-4.81954 1.54086 2.94665 9.85235 
-4.93062 1.54086 2.94665 9.85235 
-4.93062 1.54086 2.94665 9.85235 
-5.29117 1.927 2.83968 9.92779 
-5.29117 2.09282 2.79395 9.92779 
-5.59496 2.34259 2.71029 9.97312 
-5.72048 2.34259 2.71029 9.99253 
-5.83436 2.44605 2.6739 10.0077 
-5.93892 2.54252 2.641 10.0188 
-5.63817 2.48487 2.61134 9.50931 
-5.15751 2.25733 2.59731 8.99939 
-4.69612 2.05137 2.59433 8.49348 
-5.50042 2.65509 2.5436 9.01528 
-4.94671 2.80471 2.49905 8.49398 
-4.94671 2.5255 2.47776 7.99761 
-5.14847 2.72116 2.44833 7.50887 
-5.14847 2.72116 2.44833 8.02879 
-5.55773 3.09839 2.36632 8.03478 
-5.74563 3.25326 2.32569 8.04722 
-6.57104 3.8267 2.28424 8.06137 
-6.57104 3.8267 2.28424 8.06137 
-6.89894 4.01573 2.28188 8.52717 
-6.35773 3.63309 2.25411 8.02979 
-6.35773 3.63309 2.25411 8.02979 
-7.41077 4.31112 2.42886 8.36655 
-6.83953 3.91259 2.42886 8.36655 
-7.68639 4.4544 2.52673 8.2612 
-7.68639 4.4544 2.52673 7.76904 
-7.9135 4.5642 2.61948 8.16191 
-7.29658 4.13657 2.61948 8.16191 
-8.10384 4.6596 2.70384 8.07079 
-7.47005 4.22536 2.66483 7.58717 
-7.47005 4.22536 2.82813 7.44281 
-8.48499 4.62134 3.24174 7.58891 
-8.48499 4.62134 3.24174 7.58891 
-8.70201 4.57004 3.24174 7.58891 
-8.03393 4.13114 3.24174 7.58891 
-8.13172 4.11894 3.24174 7.58891 
-8.32831 4.12993 3.18263 6.53486 
-8.32831 4.12993 3.47577 6.13872 
-8.32831 4.12993 3.47577 6.13872 
-8.5231 4.17348 3.47577 6.36735 
-8.74588 3.93965 3.47577 6.32715 
-8.74588 3.93965 3.47577 6.30648 
-8.74588 3.93965 3.47577 6.30648 
-9.73452 3.80525 3.65005 5.94394 
-9.0543 3.40364 5.41756 6.64566 
-8.32277 3.04741 5.18486 6.64566 
-8.32277 3.04741 5.18486 5.98973 
-8.32277 3.04741 5.18486 5.98973 
-8.51701 2.99961 5.58002 5.98973 
-7.91462 2.6966 5.94853 6.06493 
-7.91462 2.6966 5.94853 6.06493 
-8.00945 2.69611 6.03869 5.57684 
-8.00945 2.69611 6.03869 5.57684 
-9.10319 2.69611 8.25558 5.82537 
-9.10319 2.69611 8.25558 5.82537 
-9.0238 2.4966 8.60342 6.29426 
-8.9352 2.4966 8.91155 6.29426 
-9.45504 2.52476 9.90517 6.33716 
-8.74568 2.10899 9.46137 6.43769 
-8.65724 2.00528 9.71506 6.43769 
-8.65724 2.00528 9.71506 6.43769 
-8.85541 1.90729 11.0059 6.50237 
-8.85541 1.90729 11.0059 6.50237 
-8.17017 1.69539 10.5034 6.50237 
-8.36035 1.62385 11.6791 6.50237 
-7.55899 1.37476 11.2941 6.20254 
-7.55899 1.37476 11.2941 6.20254 
-7.55899 1.37476 11.2941 6.20254 
-7.85136 1.416 12.399 6.23346 
-7.2352 1.416 11.8022 6.1284 
-7.17989 1.15327 12.0418 6.09956 
-7.16795 1.00248 12.3501 6.0653 
-7.16702 0.863975 11.7167 5.96907 
-7.17075 0.863975 12.9437 6.00068 
-7.76521 0.611927 14.1363 6.05301 
-7.19122 0.50012 13.4256 5.99161 
-7.78907 0.382563 14.5559 6.06189 
-7.78907 0.382563 14.5559 6.06189 
-7.81606 0.185899 14.8963 6.09425 
-7.81606 0.185899 14.8963 6.09425 
-7.72078 -0.132929 15.3311 6.15274 
-7.15211 -0.186631 14.5229 6.11421 
-7.15211 -0.186631 14.5229 6.11421 
-7.54032 -0.585959 15.9786 6.14238 
-6.98583 -0.596638 15.9786 6.14238 
-7.44007 -0.709451 15.3078 6.14238 
-6.88557 -0.821238 15.3078 6.14238 
-6.84172 -0.917902 15.6408 6.22142 
-6.84172 -1.00159 15.7918 6.32885 
-7.26517 -1.23226 16.9898 6.47444 
-7.26517 -1.23226 16.9898 6.47444 
-7.16733 -1.56532 17.3699 6.74041 
-7.16733 -1.56532 16.4096 6.74041 
-7.08629 -1.84565 17.6922 6.99264 
-6.56765 -1.86366 16.8543 6.93314 
-6.5363 -1.86366 16.8543 7.03895 
-6.50891 -1.9664 16.9986 7.13753 
-6.50891 -2.06197 16.9986 7.22856 
-6.94735 -2.36301 18.3863 7.49655 
-6.44338 -2.23092 17.3608 7.49655 
-6.42931 -2.33559 17.4694 7.53034 
-6.42676 -2.33559 17.4694 7.53034 
-6.42776 -2.77181 17.8846 7.63926 
-6.42722 -2.77181 17.8846 8.2284 
-6.43136 -2.89318 18.0204 8.06358 
-6.43688 -3.00446 18.1374 8.64221 
-6.44523 -3.10802 18.2481 8.82237 
-6.44523 -3.20516 18.3483 8.82237 
-6.96029 -3.59738 19.5969 9.52722 
-6.96029 -3.59738 19.5969 9.52722 
-7.04447 -3.85086 19.6737 10.1774 
-6.54823 -3.60653 18.5626 9.91391 
-6.60299 -3.74305 18.5849 10.3008 
-6.65603 -3.87339 18.6152 10.6635 
-6.65603 -3.87339 18.6152 10.6635 
-6.70751 -4.48937 19.8186 11.9922 
-6.70751 -4.19709 19.8186 11.9922 
-6.84072 -4.28715 18.7218 11.619 
-6.91082 -4.37525 18.7945 12.3657 
-6.91082 -4.45923 18.8271 12.3657 
-6.86417 -4.55061 17.7296 11.8919 
-6.86417 -4.55061 17.7296 11.8919 
-6.17014 -5.27067 18.5889 14.1757 
-5.67875 -5.27067 17.5078 13.5826 
-5.43087 -5.41324 17.7534 14.7235 
-5.43087 -4.99739 17.7534 14.7235 
-4.75861 -5.50215 16.9426 15.1176 
-4.75861 -5.50215 15.8894 15.1176 
-4.15438 -5.56825 16.1708 15.3436 
-4.15438 -5.56825 16.1708 15.3436 
-3.73236 -5.00827 14.8045 13.7752 
-3.21012 -4.13732 12.7864 11.9435 
-2.84152 -4.13732 12.7864 10.3759 
-2.84152 -3.80838 11.8863 10.3759 
-2.84152 -3.80838 11.8863 10.3759 
-2.96921 -2.86606 10.187 6.25687 
-2.96921 -2.55857 9.15564 5.13715 
-2.80462 -2.37279 9.15564 4.69366 
-2.80462 -2.37279 8.06333 4.69366 
-1.97821 -1.57837 6.27123 1.60446 
-1.62752 -1.90028 3.11546 0.861017 
-1.62752 -1.72244 2.52734 0.391467 
-0.0851967 -2.22392 2.17462 0.544846 
0.00339171 -3.75673 2.40433 0.710348 
0.00339171 -3.75673 2.40433 0.710348 
0.145056 -4.84606 3.6356 1.40061 
0.145056 -4.84606 3.6356 1.22492 
0.145056 -4.84606 3.26006 1.7501 
0.219428 -4.84606 3.88302 1.7501 
0.211183 -6.06256 4.52775 1.89794 
0.211183 -6.06256 4.52775 1.71936 
0.225452 -5.55832 4.16647 1.71936 
0.281701 -5.59688 4.16647 1.60357 
0.371458 -6.12989 4.14581 1.51009 
0.422558 -6.13478 4.14581 1.40992 
0.46644 -6.12402 4.0422 1.30562 
0.507099 -6.10803 3.94493 1.19987 
0.546681 -6.09276 3.85197 1.09944 
0.612696 -5.56867 3.06831 0.785643 
0.691796 -4.32188 2.3901 0.49813 
0.773496 -4.45269 2.37092 0.429699 
0.939094 -4.5354 2.21322 0.221898 
1.21942 -3.32581 1.21478 -0.353782 
1.21942 -3.32581 1.0228 -0.353782 
1.21942 -3.32581 0.845912 -0.353782 
1.6077 -3.76913 0.822212 -0.821753 
1.6077 -3.76913 0.822212 -0.821753 
1.54549 -4.02382 0.733985 -1.04962 
1.80459 -4.02382 0.733985 -1.04962 
1.88392 -4.13193 0.607219 -1.00259 
1.84197 -3.85594 0.577513 -1.18066 
2.0008 -3.93495 0.577513 -1.18066 
2.0008 -3.93495 0.577513 -1.18066 
2.46959 -4.4354 0.238983 -1.92237 
2.62693 -4.48687 0.0814727 -2.10153 
2.76566 -4.5186 -0.0736352 -2.24668 
2.88962 -4.53964 -0.213405 -2.38698 
3.29118 -4.97678 -0.335791 -2.52738 
3.09159 -4.54756 -0.443388 -2.66252 
3.09159 -4.54756 -0.443388 -2.66252 
3.63864 -4.954 -0.801024 -3.29627 
3.41184 -4.53108 -0.822168 -3.06101 
3.41184 -4.53108 -0.822168 -3.06101 
4.17785 -4.83318 -1.45575 -3.94538 
3.65149 -4.01494 -1.3966 -3.39888 
3.97038 -4.06408 -1.67238 -3.83995 
3.97038 -3.73051 -1.59069 -3.83995 
4.26834 -4.14539 -1.93271 -4.18896 
3.98251 -4.14539 -1.93271 -3.87507 
4.5134 -4.19638 -2.16321 -4.46673 
4.5134 -4.19638 -2.16321 -4.46673 
4.58209 -3.78594 -2.43288 -4.64914 
4.58209 -3.78594 -2.43288 -4.64914 
4.58209 -3.78594 -2.43288 -4.64914 
4.18424 -2.91919 -2.45464 -4.39094 
4.18424 -2.91919 -2.45464 -4.39094 
4.18424 -2.91919 -2.45464 -4.39094 
5.11375 -3.35298 -3.11572 -5.47032 
4.76486 -3.12456 -2.92167 -5.20974 
4.76486 -3.12456 -2.92167 -5.20974 
5.08546 -3.15544 -3.21507 -5.38 
5.29144 -3.14545 -3.42025 -5.61704 
5.53192 -3.10613 -3.67711 -5.88906 
5.75859 -3.06752 -3.92565 -6.13795 
6.60492 -3.27057 -4.66642 -7.06498 
6.14717 -3.27057 -4.39431 -7.06498 
6.31634 -2.93324 -4.59566 -6.72383 
6.47635 -2.90248 -4.7732 -6.91965 
7.25966 -3.11917 -5.43864 -7.80052 
7.25966 -3.11917 -5.43864 -7.80052 
7.53855 -3.02339 -5.79445 -8.10669 
6.98745 -2.7469 -5.40785 -7.50242 
7.91027 -2.84809 -5.63296 -7.72896 
7.33017 -2.58701 -5.83999 -7.95445 
7.63875 -2.47558 -6.21622 -8.34296 
7.63875 -2.47558 -6.21622 -8.34296 
7.63875 -2.47558 -6.21622 -8.34296 
7.90893 -2.39432 -6.52827 -8.71043 
8.02695 -2.35904 -6.66905 -8.86296 
8.02695 -2.32635 -6.79967 -8.983 
8.13462 -2.32635 -6.79967 -8.983 
8.13462 -2.32635 -6.79967 -8.983 
8.53031 -2.16721 -7.26643 -9.42885 
8.69126 -2.09344 -7.45355 -9.61167 
8.69126 -2.09344 -7.45355 -9.61167 
9.10121 -1.91165 -7.92704 -10.0665 
8.38001 -1.73522 -7.92704 -10.0665 
8.38001 -1.73522 -7.28461 -9.28588 
9.33713 -1.83258 -8.15507 -10.3615 
9.43932 -1.79916 -8.25722 -10.4825 
8.85398 -1.71268 -8.47461 -9.84239 
8.85398 -1.55421 -7.77026 -9.84239 
8.85398 -1.55421 -7.77026 -9.84239 
9.01791 -1.49812 -7.93507 -10.0483 
11.0329 -1.61811 -9.87253 -12.2563 
11.0329 -1.46827 -9.87253 -12.2563 
11.248 -1.486 -10.1801 -12.4366 
10.3893 -1.33316 -9.40993 -11.4873 
10.4544 -1.27974 -9.49621 -11.5745 
11.4412 -1.32288 -10.4502 -11.6762 
10.5491 -1.32288 -9.58948 -11.7968 
11.6165 -1.20261 -10.6627 -12.982 
10.7036 -1.20261 -9.81036 -11.989 
10.7036 -1.07982 -9.94641 -12.0947 
10.8783 -0.977939 -10.0656 -12.216 
10.8783 -0.977939 -10.0656 -12.216 
11.0397 -0.903421 -9.26839 -11.421 
11.1174 -0.903421 -9.26839 -12.6688 
12.201 -0.898027 -10.6026 -13.8525 
12.201 -0.816827 -10.6026 -13.8525 
12.3049 -0.826758 -11.7146 -13.9316 
11.3208 -0.747903 -10.7665 -12.8679 
12.523 -0.70403 -10.7665 -12.8679 
11.5206 -0.635219 -11.0361 -13.1293 
8.11272 -0.558984 -7.54721 -10.0266 
8.11272 -0.558984 -6.7303 -10.0266 
8.72468 -0.610634 -8.17844 -10.7003 
7.96372 -0.600667 -7.4142 -10.1578 
8.30969 -0.593213 -7.77253 -10.1578 
9.74897 -0.586909 -9.24825 -10.4804 
9.74897 -0.586909 -8.46319 -10.4804 
10.3555 -0.535172 -10.0356 -12.3535 
9.5516 -0.47272 -6.84484 -11.4276 
8.74996 -0.427364 -3.91637 -10.5085 
8.74996 -0.427364 -5.74109 -7.96691 
8.74996 -0.360593 -6.38494 -8.55297 
8.74996 -0.360593 -7.04373 -8.55297 
6.28566 -0.360593 -7.04373 -9.09117 
6.28566 -0.115601 -8.91038 -11.2947 
6.28566 -0.115601 -8.23894 -11.2947 
6.28566 -0.115601 -8.23894 -11.2947 
8.25263 -0.0870313 -7.53504 -11.2947 
8.96932 -0.0594069 -9.87085 -9.68645 
8.96932 0.0176777 -9.13895 -10.9669 
8.96932 0.0176777 -9.13895 -10.9669 
9.04785 0.0826384 -9.04438 -11.2625 
10.5885 0.324509 -9.50125 -12.8036 
9.7865 0.34322 -9.39087 -12.9173 
9.7865 0.34322 -9.39087 -12.9173 
9.73523 0.417558 -8.60975 -11.884 
10.3786 0.483482 -9.58496 -14.4802 
10.3786 0.483482 -9.58496 -14.4802 
9.55011 0.450507 -8.80061 -13.3609 
9.668 0.55305 -9.0084 -12.4555 
9.668 0.55305 -9.0084 -12.4555 
9.21713 0.56809 -8.15858 -11.3229 
8.4201 0.505179 -7.67655 -10.4077 
8.23224 0.498176 -7.45786 -9.95107 
7.91117 0.488364 -7.26383 -9.11508 
7.91117 0.478509 -7.08805 -9.16822 
8.3608 0.533571 -7.55123 -9.2384 
8.3608 0.533571 -6.81452 -8.48516 
7.85804 0.470742 -7.21551 -8.90658 
7.85804 0.470742 -7.21551 -8.90658 
6.9472 0.439025 -6.39726 -8.06887 
6.75599 0.424778 -6.39726 -7.97302 
6.58514 0.402333 -6.21676 -7.89034 
5.83974 0.342362 -5.55304 -7.17268 
5.65818 0.325987 -5.52349 -7.1475 
5.65818 0.325987 -5.52349 -7.1475 
5.55756 0.32521 -5.02345 -6.59489 
5.06529 0.280088 -5.07982 -6.6283 
4.93739 0.271689 -4.97456 -6.47632 
4.67996 0.249288 -4.71619 -6.11938 
4.67996 0.249288 -4.71619 -6.11938 
4.57272 0.240352 -4.26131 -5.61527 
4.47743 0.232976 -4.26131 -5.83319 
4.39348 0.227736 -4.75852 -5.70918 
4.32018 0.224411 -4.33125 -5.59794 
4.57708 0.2543 -4.60044 -5.83748 
4.19147 0.225691 -4.19502 -5.37476 
4.13823 0.227094 -4.13919 -5.27499 
4.07966 0.211066 -4.07926 -5.16507 
3.72267 0.181008 -3.69763 -5.16507 
3.72267 0.181008 -3.69763 -5.16507 
2.47692 0.0136721 -2.47515 -3.42605 
2.47692 -0.0112879 -2.21656 -3.14318 
2.17358 -0.0468179 -2.03315 -2.89565 
1.97026 -0.0624117 -1.82669 -2.89565 
1.97026 -0.0624117 -1.82669 -2.89565 
1.97026 -0.0624117 -1.77271 -2.89565 
1.68895 -0.0724678 -1.77271 -2.65876 
1.53155 -0.0959671 -1.41103 -1.98982 
1.33461 -0.119474 -1.41103 -2.10014 
0.651627 -0.210188 -0.549603 -1.04892 
0.590648 -0.202426 -0.489923 -0.969874 
0.45468 -0.215634 -0.185808 -0.523068 
0.45468 -0.225603 -0.171629 -0.492908 
0.45468 -0.240695 -0.171629 -0.492908 
0.45468 -0.277228 -0.00237565 -0.265041 
0.45468 -0.267946 -0.00358633 -0.257167 
0.343238 -0.267946 0.0420519 -0.192031 
0.479276 -0.280749 -0.391564 -0.192031 
0.479276 -0.280749 -0.391564 -0.569364 
0.761356 -0.0607896 -0.404926 -0.978256 
0.761356 -0.0607896 -0.945782 -0.978256 
0.761356 -0.0117656 -1.19872 -1.18722 
1.68846 0.0831522 -1.66283 -1.56759 
1.68846 0.0831522 -1.66283 -1.56759 
1.89657 0.0831522 -1.59207 -1.56759 
1.89657 0.211387 -2.34785 -1.48421 
2.37541 0.216246 -2.24342 -2.1535 
2.37541 0.216246 -2.24342 -2.1535 
