0 0 0 0 
1.40334 6.15087 -0.390546 5.62351 
1.40045 6.13538 -0.393723 5.60877 
1.39963 6.13298 -0.394283 5.60641 
1.78252 4.85959 0.234539 4.2029 
1.78252 4.85959 0.234539 4.2029 
1.51042 4.8721 0.234539 3.69443 
1.51042 4.8721 0.301796 3.5636 
1.38494 4.8926 0.181575 3.52644 
1.16115 4.95685 -0.0770283 3.64803 
1.16115 4.95685 -0.225375 3.7715 
0.983707 4.99588 -0.370008 3.91972 
0.655176 6.37122 -0.796408 5.44337 
0.70645 6.37911 -0.758854 5.407 
0.70645 6.37911 -0.758854 5.407 
0.732897 6.51855 -0.688861 5.47803 
0.750372 6.5693 -0.655084 5.50331 
0.766698 6.5693 -0.655084 5.50331 
0.820119 6.76684 -0.544164 5.58913 
0.820119 6.76684 -0.544164 5.61751 
0.820119 6.76684 -0.544164 5.61751 
0.820119 6.76684 -0.544164 5.61751 
1.15773 6.94087 -0.397532 6.08876 
1.21874 6.95313 -0.390326 6.1961 
1.24709 6.93611 -0.38412 6.21358 
1.27609 6.93944 -0.378123 6.25226 
1.27609 6.93944 -0.378123 6.25226 
1.33503 6.91612 -0.368659 6.30687 
1.33503 6.91612 -0.368659 6.30687 
1.39464 6.88485 -0.358973 6.35242 
1.39464 6.88485 -0.358973 6.35242 
1.45429 6.84521 -0.348931 6.39032 
1.69342 6.48628 -0.320458 6.40406 
1.79512 6.2799 -0.318651 6.31784 
1.79512 6.2799 -0.318651 6.31784 
1.79512 6.2799 -0.318651 6.31784 
1.79512 6.2799 -0.320266 6.31784 
1.83633 6.26735 -0.309386 6.35534 
1.85401 6.23159 -0.307611 6.34449 
1.86899 6.21434 -0.305787 6.34865 
1.88487 6.21121 -0.301624 6.36323 
1.8973 6.21121 -0.301624 6.35301 
1.93807 5.92426 -0.331661 6.19598 
1.86175 5.7722 -0.35991 6.04746 
1.86175 5.77449 -0.35991 6.04746 
1.83464 5.81231 -0.365393 5.99253 
1.81885 5.81375 -0.368212 5.97399 
1.81885 5.83529 -0.368212 5.97399 
1.787 5.87314 -0.367889 5.98222 
1.787 5.87675 -0.367889 5.98222 
1.7515 5.91658 -0.371785 5.97602 
1.7515 5.91658 -0.371785 5.97602 
1.29344 6.10737 -0.466085 5.59793 
1.28742 6.09367 -0.469298 5.57905 
1.28742 6.12552 -0.464471 5.57905 
1.25551 6.16994 -0.461109 5.59732 
1.25551 6.17424 -0.463646 5.59732 
1.21986 6.21939 -0.461471 5.59162 
1.21986 6.22258 -0.461471 5.59162 
1.18551 6.26584 -0.462695 5.58615 
1.16874 6.28864 -0.465799 5.56548 
1.15284 6.28864 -0.466777 5.56353 
0.938082 6.22334 -0.514249 5.2554 
0.952465 6.269 -0.505846 5.29765 
0.952308 6.28121 -0.49987 5.30188 
0.952308 6.28121 -0.49987 5.30188 
0.94769 6.32331 -0.501159 5.33394 
0.941812 6.33051 -0.502967 5.34042 
0.941812 6.33051 -0.502967 5.32996 
0.93563 6.34787 -0.508664 5.35696 
0.93563 6.34787 -0.508664 5.35696 
0.933881 6.35978 -0.512119 5.37061 
0.965408 6.10746 -0.548669 5.24086 
0.987074 6.14898 -0.548669 5.22162 
0.993196 6.13148 -0.549436 5.27633 
0.997549 6.13148 -0.549436 5.288 
1.00366 6.17406 -0.527393 5.32213 
1.01123 6.18058 -0.524578 5.33541 
1.01714 6.18058 -0.526216 5.3304 
1.02299 6.19738 -0.521694 5.36607 
1.03082 6.19738 -0.521694 5.35959 
1.03768 6.21167 -0.521851 5.35959 
1.06634 6.17555 -0.520257 5.37694 
1.07535 6.05769 -0.522249 5.33145 
1.0887 6.05769 -0.522249 5.33145 
1.09689 6.08294 -0.519614 5.3696 
1.10527 6.08294 -0.519614 5.3696 
1.11378 6.12131 -0.506517 5.40813 
1.11378 6.12131 -0.506517 5.40813 
1.12959 6.14552 -0.498757 5.44463 
1.13877 6.15529 -0.494376 5.4614 
1.13877 6.14017 -0.494376 5.45868 
1.25111 5.99211 -0.492799 5.4717 
1.23963 5.9162 -0.492312 5.47314 
1.2429 5.9162 -0.496249 5.47314 
1.24922 5.99664 -0.489209 5.46531 
1.24922 5.99664 -0.489209 5.46531 
1.25888 6.0458 -0.478609 5.51172 
1.26355 6.0458 -0.478609 5.51172 
1.26629 6.0669 -0.474282 5.53758 
1.27017 6.09142 -0.470141 5.56155 
1.27017 6.09142 -0.466211 5.58478 
1.31174 6.09058 -0.467765 5.62131 
1.31266 6.09058 -0.467765 5.62131 
1.29069 6.02768 -0.476387 5.54125 
1.29069 6.05883 -0.476387 5.56917 
1.29715 6.11505 -0.461287 5.61455 
1.29952 6.11117 -0.459175 5.61141 
1.30231 6.16943 -0.449683 5.65837 
1.30231 6.16943 -0.449683 5.65575 
1.30701 6.22128 -0.440462 5.70254 
1.3089 6.21468 -0.440496 5.69916 
1.31427 6.16417 -0.453404 5.67878 
1.31141 6.13759 -0.454012 5.64835 
1.28333 6.05997 -0.449366 5.58059 
1.28898 6.11859 -0.449366 5.58059 
1.2935 6.11859 -0.449366 5.58059 
1.29947 6.1902 -0.429444 5.63741 
1.29855 6.18043 -0.427489 5.62335 
1.29855 6.18043 -0.427489 5.62335 
1.30356 6.2515 -0.412479 5.67853 
1.30356 6.2515 -0.415857 5.66928 
1.26512 6.09535 -0.49083 5.58628 
1.22965 6.04335 -0.492866 5.48081 
1.22965 6.04335 -0.492866 5.48081 
1.24133 6.09397 -0.477919 5.52697 
1.24133 6.09397 -0.477919 5.51193 
1.24789 6.13633 -0.459772 5.55159 
1.25182 6.15446 -0.46119 5.53918 
1.25182 6.15446 -0.46119 5.53918 
1.25553 6.14556 -0.45832 5.55801 
1.25936 6.2098 -0.444989 5.61949 
1.19522 6.06723 -0.528077 5.50862 
1.18158 6.10386 -0.516626 5.50301 
1.18158 6.10386 -0.517514 5.50301 
1.19932 6.14336 -0.497365 5.54039 
1.19693 6.13587 -0.497123 5.52872 
1.19693 6.13587 -0.497123 5.52872 
1.22262 6.19872 -0.470386 5.59111 
1.21985 6.18811 -0.474116 5.58247 
1.22654 6.20527 -0.470083 5.604 
1.24507 6.24583 -0.465903 5.6245 
1.19839 6.10191 -0.52381 5.54045 
1.17777 6.08081 -0.516792 5.47532 
1.17777 6.08081 -0.516792 5.46997 
1.20572 6.11041 -0.494985 5.51543 
1.21935 6.1238 -0.496392 5.50486 
1.21935 6.11646 -0.487485 5.50486 
1.2431 6.15168 -0.464231 5.56852 
1.2545 6.16353 -0.467411 5.5561 
1.24857 6.15424 -0.460439 5.5561 
1.27544 6.1869 -0.44046 5.61879 
1.1619 6.05199 -0.536453 5.45813 
1.1619 6.05199 -0.536453 5.45813 
1.15573 6.05016 -0.536647 5.44969 
1.17136 5.98928 -0.508323 5.33911 
1.17888 6.00207 -0.491666 5.36693 
1.18431 6.0011 -0.497545 5.34514 
1.18431 6.0011 -0.497545 5.34514 
1.18431 6.0011 -0.497545 5.34514 
1.18431 6.0011 -0.497545 5.34514 
1.14878 6.07099 -0.500151 5.43713 
1.08774 6.11717 -0.57238 5.4717 
1.04987 6.11767 -0.575736 5.41187 
1.0799 6.12627 -0.557802 5.44171 
1.14132 6.13921 -0.518039 5.4913 
1.14132 6.13921 -0.518039 5.4913 
1.19272 6.15283 -0.483269 5.53328 
1.19272 6.15283 -0.483269 5.53328 
1.24166 6.16124 -0.457386 5.58138 
1.23037 6.16094 -0.467631 5.5791 
1.23037 6.16273 -0.460182 5.5791 
1.14424 6.15463 -0.555213 5.57844 
1.10772 6.15612 -0.55456 5.5698 
1.10772 6.15049 -0.527061 5.5698 
1.15932 6.1425 -0.494053 5.50331 
1.19725 6.13295 -0.499925 5.55581 
1.19725 6.13295 -0.499925 5.55581 
1.31649 6.10804 -0.437038 5.62468 
1.34594 6.10513 -0.422048 5.64647 
1.34594 6.10455 -0.422048 5.64647 
1.33132 6.0839 -0.401557 5.64297 
1.22632 6.09671 -0.530575 5.62567 
1.24556 6.09438 -0.530725 5.57718 
1.24556 6.09438 -0.530725 5.57718 
1.33536 6.05352 -0.459324 5.64556 
1.33536 6.05352 -0.459324 5.64556 
1.35684 6.04182 -0.477645 5.62766 
1.33337 6.04182 -0.473901 5.6549 
1.33337 6.02335 -0.473901 5.6549 
1.37334 6.02335 -0.473901 5.6549 
1.4952 6.02335 -0.402684 5.74189 
1.19908 6.0935 -0.543443 5.62299 
1.20349 6.19855 -0.501196 5.67001 
1.18198 6.20715 -0.504593 5.65133 
1.31482 6.12353 -0.448963 5.69439 
1.28172 6.14439 -0.459344 5.68047 
1.28172 6.1044 -0.440029 5.6965 
1.4588 6.02388 -0.391526 5.74109 
1.4588 6.02388 -0.391526 5.74109 
1.42102 6.04397 -0.365744 5.77604 
1.58105 5.93219 -0.356089 5.7947 
1.16208 6.11748 -0.546354 5.6296 
1.13011 6.20375 -0.552248 5.60938 
1.19654 6.20375 -0.502215 5.6554 
1.35426 6.03477 -0.502215 5.6554 
1.35426 6.03477 -0.440944 5.69193 
1.30775 6.06842 -0.453927 5.674 
1.4183 5.96785 -0.419532 5.70054 
1.4183 5.96785 -0.419532 5.70054 
1.5281 5.86274 -0.391272 5.73099 
1.57504 5.81877 -0.380223 5.74674 
1.10346 6.09966 -0.554912 5.57996 
1.09899 6.43042 -0.554912 5.57996 
1.09899 6.43042 -0.554912 5.57996 
1.06444 6.22492 -0.561121 5.55668 
1.06444 6.22492 -0.561121 5.55668 
1.34896 6.22492 -0.416083 5.87153 
1.41767 6.07449 -0.405112 5.83481 
1.41767 6.07449 -0.405112 5.83481 
1.41767 6.07449 -0.405112 5.83481 
1.7826 5.72861 -0.297749 5.90659 
1.2403 6.03955 -0.497794 5.70116 
1.31659 6.07551 -0.510728 5.91695 
1.31659 6.21933 -0.437466 5.91695 
1.33261 6.16492 -0.470887 5.78031 
1.33261 6.16492 -0.483149 5.74493 
1.1579 5.89906 -0.393265 5.70827 
1.1579 5.89906 -0.393265 5.76843 
1.51809 5.82388 -0.368981 5.76343 
1.51222 5.78459 -0.376339 5.76354 
1.51222 5.78459 -0.376339 5.76354 
1.35605 5.83946 -0.456226 5.61388 
1.35605 5.83946 -0.456226 5.61388 
0.990371 6.52438 -0.477331 5.81905 
1.01629 6.32284 -0.438586 5.81905 
1.01629 6.32284 -0.438586 5.73208 
1.31164 6.00054 -0.395635 5.75981 
1.31164 6.00054 -0.395635 5.71821 
1.5037 5.73339 -0.359478 5.74788 
1.5826 5.62397 -0.345278 5.74445 
1.5826 5.62397 -0.345278 5.74445 
0.782352 6.06355 -0.523368 5.35333 
1.0012 6.11341 -0.458073 5.58594 
0.908354 6.18919 -0.465187 5.53507 
1.04029 6.18919 -0.465187 5.53507 
1.36209 5.60934 -0.449973 5.57322 
1.45345 5.48142 -0.42498 5.53581 
1.45345 5.48142 -0.42498 5.53581 
1.58437 5.24001 -0.393634 5.55021 
1.58437 5.24001 -0.393634 5.55021 
1.58437 5.24001 -0.393634 5.55021 
0.0408115 6.63539 -0.574856 4.99387 
0.0408115 6.63539 -0.574856 4.99387 
0.161028 7.4549 -0.578185 4.95821 
0.481732 7.2196 -0.418877 5.82386 
0.631204 7.00057 -0.418877 5.82263 
0.544782 7.00057 -0.421482 5.82263 
1.20738 6.01039 -0.389337 5.82848 
1.20738 6.01039 -0.389337 5.82353 
1.48363 5.60616 -0.342954 5.86383 
1.36712 5.71502 -0.351632 5.81577 
0.579649 6.26061 -0.428792 5.36988 
0.579649 6.26061 -0.428792 5.36988 
0.529852 5.80733 -0.436976 5.27834 
0.547426 5.42688 -0.438809 4.90828 
0.915476 5.13901 -0.469585 4.89294 
0.760962 5.31508 -0.469585 4.89294 
1.2183 4.71255 -0.481253 4.94732 
1.34287 4.54401 -0.480602 4.976 
1.20978 4.70059 -0.490592 4.95772 
1.66107 4.11977 -0.485143 4.99548 
-0.198657 6.37705 -0.509243 4.85822 
-0.198657 6.50879 -0.508616 5.08346 
0.383797 5.94404 -0.475016 5.11692 
0.383797 5.94404 -0.475016 5.11692 
0.793546 5.40038 -0.493321 5.20894 
0.94972 5.20492 -0.494699 5.24869 
0.94972 5.20492 -0.494699 5.24869 
1.34963 4.69861 -0.496667 5.34145 
1.49413 4.5321 -0.490222 5.38201 
1.49413 4.5321 -0.490222 5.38201 
-0.199138 6.95203 -0.318741 5.22883 
0.220815 7.03128 -0.277999 5.89174 
0.0686393 7.21533 -0.253311 5.82928 
0.323054 6.84832 -0.289463 5.88219 
0.902857 6.04463 -0.319219 5.92661 
0.902857 6.27199 -0.319219 5.92661 
1.34049 5.42448 -0.396777 6.0819 
1.16669 5.42448 -0.366187 6.03231 
1.77566 4.83821 -0.412164 6.14874 
1.58925 4.78801 -0.373083 6.09747 
-0.182863 7.24805 -0.129969 5.54482 
0.0419493 7.00457 -0.138504 5.67337 
0.0897264 6.84936 -0.172369 5.64846 
-0.0250135 6.95267 -0.175194 5.6057 
0.259503 6.50155 -0.24451 5.56104 
0.259503 6.50155 -0.24451 5.56104 
0.892896 5.56852 -0.24451 5.56104 
1.47875 4.71351 -0.417732 5.81871 
1.66865 4.71351 -0.525956 5.95196 
2.29769 4.4227 -0.543615 5.97783 
2.01413 5.1836 -0.349539 5.74523 
1.44942 4.90022 -0.188768 5.55518 
0.840004 5.35038 -0.242971 5.52427 
1.55095 5.35038 -0.242971 5.52427 
1.70777 4.08825 -0.472537 5.74573 
1.45184 4.43319 -0.417806 5.67971 
1.66801 4.11468 -0.480495 5.74705 
1.66801 4.11468 -0.480495 5.74705 
2.37687 3.08729 -0.686315 5.80058 
2.31291 3.0389 -0.734274 6.01342 
0.727702 5.3911 -0.0851581 5.51865 
0.727702 5.3911 -0.0285805 5.51865 
1.25253 5.99964 -0.277455 5.40031 
1.42705 4.76423 -0.277455 6.1182 
1.42705 4.76423 -0.277455 6.1182 
2.27269 3.48423 -0.585703 6.37416 
1.87212 4.04169 -0.472802 6.25856 
2.0292 3.79373 -0.538243 6.32943 
2.56197 2.92236 -0.733595 6.52556 
2.36507 2.86187 -0.60623 6.411 
-0.377144 6.88312 0.39905 5.58807 
-0.377144 6.88312 0.39905 5.58807 
0.601499 5.54358 0.0400311 6.01847 
0.196029 6.03203 0.118503 5.9034 
0.196029 6.03203 0.118503 5.9034 
1.16449 4.49878 -0.370976 6.27099 
0.70351 5.08925 -0.237593 6.11164 
0.931305 4.73383 -0.334258 6.1862 
1.11494 4.44502 -0.206821 6.06364 
1.26876 4.18513 -0.498917 6.30906 
-2.50515 8.63378 0.652056 4.88372 
-1.46037 7.12323 0.336128 5.12447 
-1.46037 7.12323 0.336128 5.12447 
-1.10631 6.29255 0.386462 5.31463 
-0.950597 5.93702 -0.237307 5.37611 
-0.950597 5.93702 -0.237307 5.37611 
-1.24884 6.27789 -0.551138 5.54876 
-0.784204 5.03248 -0.508476 5.37301 
-0.493926 5.03248 -0.508476 5.45005 
-0.493926 5.41339 -0.342666 5.45005 
-2.31103 7.2523 0.56073 4.33075 
-1.65363 6.58657 0.419739 4.23451 
-1.47831 6.18938 0.213703 4.77134 
-1.27764 5.77656 0.0346799 4.84756 
-1.05806 5.36271 -0.163931 4.95847 
-0.594913 4.9611 -0.494251 5.06512 
-0.594913 4.57776 -0.494251 5.16061 
-0.594913 4.57776 -0.31712 5.00623 
-0.0664543 3.73792 -0.783993 5.36158 
-0.429217 4.24552 -0.528818 5.12904 
-2.15722 5.72969 0.68689 4.1915 
-1.37374 6.06535 0.49347 4.72246 
-1.54941 5.85874 0.407106 4.58167 
-1.54941 5.85874 0.407106 4.58167 
-0.330697 5.90052 -0.193314 4.48605 
-0.781686 5.90052 -0.376042 5.04707 
-0.536995 5.90052 -0.541223 5.17308 
0.163954 4.57074 -0.682434 5.17308 
0.163954 4.57074 -0.682434 5.17308 
0.533527 4.57074 -0.539585 5.22985 
-1.3456 3.72354 0.488483 4.67834 
-0.734419 5.04601 0.205089 4.45653 
-0.676199 5.04601 0.205089 4.98452 
-0.676199 5.04601 0.205089 4.98452 
-0.234681 4.15007 -0.358427 5.3923 
-0.215414 4.04643 -0.358427 5.49319 
0.290836 3.25892 -1.01259 5.91298 
0.290836 3.25892 -1.01259 5.91298 
0.160641 3.62113 -0.785113 5.85772 
0.160641 3.62113 -0.785113 5.85772 
-1.47989 6.37042 0.854168 4.91701 
-1.47989 6.37042 0.854168 4.91701 
-0.145878 4.64838 0.00523857 5.69169 
-0.708187 5.33329 0.30934 5.42829 
-0.708187 5.33329 0.30934 5.42829 
-0.777476 5.22093 -0.40788 6.02998 
-0.777476 5.22093 -0.40788 6.02998 
-0.804131 4.72045 -0.588489 5.78591 
-0.656429 4.78204 -0.611822 6.25016 
-0.656429 4.78204 -0.611822 6.25016 
-3.70582 8.89394 1.871 4.44461 
-2.70799 9.10511 1.93337 4.35588 
-3.12664 7.67838 1.30243 4.70874 
-3.12664 7.67838 1.30243 4.70874 
-3.21213 7.15821 0.424103 4.90847 
-3.3519 7.1449 0.277726 5.14648 
-3.3519 7.1449 0.277726 5.14648 
-3.50062 7.05076 -0.0495096 5.69503 
-3.50062 7.05076 -0.0495096 5.69503 
-3.65802 7.31314 0.242559 5.4419 
-4.43334 8.46385 1.85359 3.95366 
-3.41461 7.28669 1.51407 4.14363 
-3.41461 7.28669 1.51407 4.14363 
-3.41461 7.28669 1.51407 4.14363 
-3.45319 7.01206 0.676186 4.76953 
-4.10029 6.98766 0.275789 5.09477 
-4.10029 6.98766 0.275789 5.09477 
-4.39286 7.10529 0.0846645 5.26661 
-4.29122 7.12411 0.346195 5.0386 
-4.41468 7.19763 0.346195 5.0386 
-3.35104 6.79141 1.68275 3.66433 
-3.35104 6.79141 1.68275 3.66433 
-2.61044 5.37321 0.702518 4.38464 
-2.61044 5.37321 0.702518 4.38464 
-2.61044 5.37321 0.702518 4.26883 
-4.05777 6.52785 0.42537 4.76586 
-4.05777 6.52785 0.42537 4.76586 
-3.70064 6.26135 0.397985 4.89151 
-4.92516 7.33678 0.425404 4.91872 
-4.92516 7.33678 0.612702 4.76607 
-3.30752 6.41421 1.43976 4.05454 
-2.60171 5.0551 0.882536 4.4797 
-2.39268 5.31747 1.01933 4.35314 
-2.39268 5.31747 1.01933 4.35314 
-2.13479 5.11354 1.08351 4.49381 
-3.96277 6.4058 1.04339 4.49381 
-4.52396 7.56814 1.25693 4.41076 
-6.10341 9.21145 1.44229 4.41076 
-5.53181 8.70346 1.44229 4.41076 
-7.23172 10.4434 1.65189 4.41076 
-4.44599 7.68065 1.67037 4.13732 
-3.98642 7.41999 1.25373 4.49712 
-3.98642 7.41999 1.25373 4.49712 
-5.14011 8.85661 1.32363 4.42933 
-5.41747 9.41875 1.67074 4.40922 
-5.41747 9.41875 1.67074 4.40922 
-6.6186 11.087 1.65316 4.34101 
-6.99367 11.6909 1.94759 4.31424 
-6.34167 10.9357 1.94759 4.28349 
-8.24992 13.3231 1.95876 4.23465 
-5.28469 9.62068 1.23583 4.09357 
-5.28469 9.62068 1.23583 4.09357 
-6.09651 10.9487 1.39204 4.36921 
-6.10278 11.3871 1.33498 4.33755 
-5.15065 11.3871 1.33498 4.33755 
-6.82357 12.7425 1.65302 4.14663 
-6.92083 13.267 1.65979 4.10234 
-6.92083 13.267 1.45009 4.10234 
-7.85502 14.723 1.45009 3.98777 
-6.85388 13.3695 1.36485 4.00037 
-2.76604 7.3659 -0.0695915 3.90135 
-2.76604 7.3659 -0.0695915 3.90135 
-4.31349 9.92396 0.509216 4.08537 
-4.31349 9.92396 0.509216 4.08537 
-5.0969 8.48005 0.81641 4.09536 
-5.36167 12.575 0.907341 3.83446 
-5.36167 12.575 0.907341 3.83446 
-4.50957 11.2188 0.605933 3.8558 
-5.31904 12.9994 0.682345 3.71302 
-5.99727 14.4885 0.656185 3.5903 
2.85044 -0.541004 -2.06526 3.42312 
0.883172 2.17741 -1.54348 3.48317 
0.883172 2.17741 -1.54348 3.48317 
0.348379 2.49481 -0.983105 3.3002 
0.348379 6.38366 -0.230743 3.22489 
0.348379 6.38366 -0.230743 3.22489 
0.348379 5.17382 -0.522582 3.12987 
-0.314629 7.06432 -0.813243 3.17181 
-0.314629 7.06432 -0.813243 3.17181 
-0.314629 7.06432 -0.813243 3.17181 
-0.557573 6.29501 0.35071 2.85137 
-1.77443 7.68854 -0.869074 2.42057 
-4.62259 14.4836 1.06986 2.42057 
-6.0645 18.1574 2.00454 2.32402 
-5.16975 18.1574 2.00454 2.32402 
-7.30465 21.1226 2.39277 2.53264 
-7.53774 22.2514 2.25817 2.23548 
-7.53774 22.2514 2.25817 2.23548 
-4.62805 14.4396 -1.22358 3.07155 
-3.77535 12.523 -1.22358 3.07155 
0.475269 4.74622 -3.20762 2.66561 
-1.56432 6.51001 -3.24924 2.02326 
-1.36256 8.01178 -2.62711 1.81788 
-1.62417 9.24991 -2.09244 1.62893 
-1.62417 9.24991 -2.09244 1.38769 
-3.68821 16.2187 0.136076 0.827799 
-2.61428 13.5917 -0.694855 1.07198 
-3.19974 15.4433 -0.345893 0.850159 
-3.63386 16.8299 -0.112508 0.724185 
-3.63386 18.0671 0.0300898 0.639124 
-2.251 11.7254 -2.98061 1.23276 
-1.47067 9.3435 -3.69695 1.40629 
-5.79163 18.6936 -1.19304 0.373498 
-4.29725 15.1048 -2.07882 0.740389 
-4.29725 13.2226 -1.81575 0.740389 
-0.877957 8.59325 -0.708172 0.00839056 
-0.346585 6.37728 -1.61525 0.374434 
-0.346585 6.37728 -1.61525 0.374434 
3.60425 -1.82847 -0.203896 -0.218965 
4.81269 -4.65153 -1.01521 0.23978 
1.38926 -2.24132 -2.34084 1.23676 
-4.95541 2.37925 -0.94704 0.734595 
-4.95541 2.37925 -0.94704 0.734595 
-1.74764 -1.80798 0.0698881 0.486542 
-1.4435 -0.316006 0.614457 0.889545 
-0.797367 -0.316006 0.614457 0.701448 
-1.16397 2.59658 1.47891 0.0059223 
-0.259407 0.359318 0.271483 0.603308 
0.0797705 0.359318 0.535377 0.603308 
-0.0811533 3.57279 2.02439 -0.0692264 
1.12097 -2.55743 -3.28589 2.31461 
0.940335 -2.55743 -3.28589 2.31461 
-3.99231 8.77329 -0.222692 1.33001 
-2.0692 4.30971 -1.19832 1.33001 
-0.416855 1.48414 -0.716454 1.67006 
0.812769 1.48414 -0.716454 1.67006 
1.31204 -0.857431 1.37897 0.778849 
1.47987 -2.10273 0.200409 1.47315 
1.47987 -1.70806 0.649488 1.33904 
1.16347 -1.18702 1.03907 1.31861 
0.793007 -1.99331 -1.48115 3.52946 
0.784844 -0.963896 -2.57927 -13.996 
0.611499 -0.963896 -4.09272 -13.996 
0.611499 -0.277719 -4.09272 -13.996 
0.889251 1.11791 -0.612084 -5.99357 
0.889251 1.11791 -0.612084 -1.41024 
0.872714 -0.237639 0.353706 -0.157873 
1.48747 -0.561193 1.09153 1.13631 
1.1408 -0.561193 0.0912433 1.13631 
1.37944 -0.458432 2.56912 1.73049 
0.625046 -0.857277 0.181166 3.14225 
0.625046 -0.857277 0.181166 3.14225 
0.643644 -0.595222 -0.519808 3.11972 
1.41664 0.112464 2.91416 -0.551615 
1.0472 -0.216366 2.94637 -0.0304653 
1.77054 -0.913864 4.37179 0.00717743 
1.77054 -0.839017 4.37179 1.99092 
1.07421 -0.871968 1.61405 2.20213 
1.07421 -0.833793 1.61796 1.90841 
0.99578 -0.761684 -0.0140027 2.34857 
0.207047 -0.399582 0.556386 1.42752 
0.207047 -0.399582 0.556386 1.42752 
0.305169 -0.703839 -0.94268 1.87214 
1.02676 -0.703839 3.40465 3.77121 
1.87151 -1.38945 5.37366 1.69439 
0.886046 -1.38945 5.37366 2.23267 
1.65639 -1.37189 3.93363 0.598946 
1.65639 -1.37189 3.93363 0.598946 
0.543772 -1.19951 2.59796 -0.0794236 
1.05628 -0.979713 1.95224 -0.115811 
-0.0212954 -0.0563881 -2.53052 1.23011 
-0.0212954 -0.0563881 -2.53052 1.23011 
0.00934102 -1.66889 3.0622 -0.609782 
0.00934102 -1.66889 3.0622 -0.609782 
0.00934102 0.139297 0.412862 4.62006 
0.650278 0.139297 1.28463 4.62006 
0.650278 -0.295733 1.28463 4.62006 
0.650278 -1.30633 2.52701 8.47069 
0.650278 -1.30633 2.52701 8.47069 
0.231736 -1.45832 5.5912 7.70868 
0.902134 1.30041 2.71805 10.2161 
0.902134 1.30041 2.71805 10.2161 
2.21856 0.0748683 5.41279 7.41133 
2.19714 0.0748683 5.41279 7.41133 
3.25352 -0.78085 8.33661 7.17455 
2.82906 -0.282005 7.749 7.77574 
2.82906 -0.282005 7.749 7.77574 
2.38082 -0.0286344 6.90616 8.60841 
2.38082 -0.0286344 6.90616 8.60841 
0.961118 -0.26949 4.05386 10.2075 
0.844366 0.487096 4.09773 11.0774 
0.902639 0.291745 2.04907 12.3209 
1.06278 0.291745 5.31988 9.37835 
2.34612 -0.658946 8.24811 9.00306 
2.34612 -0.658946 8.24811 9.00306 
2.12386 -0.126887 7.95619 9.73386 
1.87687 0.12701 7.43703 10.3087 
1.87687 0.12701 7.43703 10.3087 
1.74956 0.042606 6.9214 10.984 
1.74956 0.042606 6.9214 10.984 
-0.74032 0.643715 2.29439 14.0813 
-0.74032 0.643715 2.29439 14.0813 
1.14808 -0.370691 2.96043 13.9466 
1.14808 -0.322091 2.96043 13.9466 
2.67699 -0.397053 10.6407 12.3484 
0.717744 0.535123 6.71017 14.0168 
0.627789 0.535123 6.61376 14.1472 
2.21465 0.323203 9.80047 13.2296 
0.456174 0.677682 9.80047 13.2296 
1.99918 0.226385 5.68614 15.0041 
-1.08398 0.50998 2.98348 16.5567 
0.371839 -0.367811 6.09643 15.8266 
-0.713679 -0.169852 4.094 17.2233 
-0.227583 -0.169852 5.63129 17.1049 
1.62866 -0.319807 10.3527 15.7642 
1.62866 -0.319807 10.3527 15.7642 
1.59599 0.254609 6.802 15.6611 
1.42048 0.388562 10.218 17.2006 
1.42048 0.388562 10.218 17.2006 
1.40445 0.243519 9.715 15.5716 
-1.45697 0.117497 2.02994 18.1842 
-2.32308 -0.509128 6.10619 19.1161 
-0.877507 -0.403062 3.93027 18.7142 
-0.333661 -0.355979 5.71385 18.3141 
-0.333661 -0.355979 5.71385 18.3141 
0.916976 -1.05431 12.6571 17.9915 
0.916976 -0.552212 8.04494 17.9915 
0.00570875 -1.24807 12.788 19.2957 
0.00570875 -1.24807 12.788 19.2957 
-0.562332 -1.44052 7.6642 20.4781 
-2.66647 -0.572048 2.93318 21.7117 
-2.66647 -0.572048 2.93318 22.6022 
-1.19537 -1.4832 8.21789 19.7128 
-1.19537 -1.4832 8.21789 20.353 
-0.435588 -2.13093 13.6649 20.4469 
-0.435588 -2.13093 13.6649 20.4469 
-1.71796 -2.19622 -1.47382 22.1159 
-2.58782 -1.18192 -1.47382 22.6676 
-2.58782 -1.18192 -1.47382 22.6676 
-1.09401 -2.94676 13.0235 24.6439 
-1.59056 -1.78083 9.25935 25.5848 
-1.22744 -2.45605 8.92895 18.3469 
-1.9335 -2.45605 9.23442 19.0568 
-1.48176 -1.86631 14.2163 19.0541 
-1.66656 -1.10008 22.0383 13.0084 
-1.15512 -1.75312 22.0383 10.3299 
-0.548215 -3.36867 32.1118 8.16052 
-0.548215 -3.36867 32.1118 8.16052 
-0.812704 -3.16858 31.1869 6.41383 
-1.1531 -2.81089 28.0278 5.71631 
-1.89352 -0.310361 9.56066 5.77051 
-1.89352 -0.310361 9.56066 5.77051 
-1.19546 -2.01449 17.7874 3.4125 
-1.07393 -2.04445 8.42664 3.43054 
-1.06646 -1.72681 3.01341 2.70484 
-1.31983 -1.48135 3.01341 2.15581 
-1.58996 0.0307795 3.01341 2.16568 
-1.4842 -1.68409 -4.68836 1.24564 
-1.4842 -0.289119 -5.23969 0.730792 
-1.4842 -0.289119 -4.91309 0.730792 
-1.4842 -0.289119 -4.91309 0.730792 
-1.36452 -0.466464 -12.5587 0.735674 
-0.650117 -1.02995 4.16034 -2.65152 
-0.800875 -1.02744 5.06033 -2.54187 
-1.19587 -2.22959 5.06033 -2.03155 
-2.45534 -3.58453 13.3695 0.594662 
-2.68989 -1.11643 3.99785 -0.878262 
-2.68989 -1.11643 3.99785 -0.878262 
-2.92327 -1.04345 -1.86765 0.275925 
-2.92327 -1.04345 -1.86765 0.275925 
-2.92327 -2.98696 -8.03522 0.275925 
1.91954 3.01626 -12.976 -4.44999 
1.19648 -0.44741 -12.976 -3.84217 
0.640046 -1.07086 -2.07908 -0.852851 
0.640046 -1.07086 3.24227 -0.852851 
-0.682471 -2.46011 8.75513 2.2175 
-0.942791 -1.71894 7.18135 2.69094 
-0.942791 -1.71894 7.18135 2.69094 
-0.776783 0.386003 4.7844 2.15604 
-0.498746 -1.12825 4.04355 1.98657 
-0.102257 0.635684 -2.02353 0.978158 
-0.102257 0.635684 -2.02353 0.978158 
0.452201 1.86257 -6.74467 -6.25684 
0.336857 -1.61286 5.72218 -3.73413 
0.343859 0.544819 -1.24809 -1.77859 
0.343859 0.544819 -1.76228 -1.77859 
0.15883 -0.603107 2.3667 3.18293 
0.458641 0.914192 -2.89364 2.14981 
0.458641 0.914192 -2.89364 2.14981 
0.416169 -0.620791 2.01394 2.54548 
0.653425 0.874099 -2.76708 0.870787 
0.989024 2.02839 -6.82631 -0.643901 
0.989024 2.02839 -6.82631 -0.643901 
1.00137 -0.329226 4.23403 -2.47706 
0.77386 -0.329226 3.9095 -1.36282 
0.497169 0.0624654 3.09251 1.16419 
0.497169 0.0624654 1.47099 1.16419 
-0.0789041 -0.355462 -3.59216 1.2451 
0.242191 -0.355462 -3.59216 3.51131 
0.048142 -0.0538893 3.78324 4.75204 
1.18566 2.20409 -8.37946 -2.55978 
1.05792 1.43768 -4.49034 -5.04155 
1.05792 0.822541 -2.19861 -1.26127 
0.907867 -0.465826 2.7033 2.52582 
0.907867 -0.465826 2.7033 2.52582 
0.351824 0.11127 1.73394 3.26934 
0.351824 0.11127 1.73394 3.26934 
0.216715 0.443171 1.10071 0.789161 
0.46185 1.03785 -2.4641 0.748247 
0.46185 0.89989 -1.9714 1.35675 
0.76624 1.16013 -4.14809 -1.21693 
0.76624 1.16013 -4.14809 -1.21693 
0.76624 1.16013 -4.14809 -1.21693 
0.212672 -0.421727 2.90943 0.423168 
0.212672 -0.421727 1.90841 0.991303 
0.212672 -0.421727 1.90841 0.991303 
0.939383 1.52282 -2.0245 -0.843479 
0.771236 0.920127 -4.6159 5.25153 
0.0569317 0.401365 1.71503 12.941 
0.0569317 0.401365 0.12094 12.941 
-0.227126 0.359527 0.918991 3.99703 
-0.851949 -0.121519 10.3361 0.895104 
-0.851949 -0.121519 5.80177 0.895104 
-1.12503 -0.446672 6.29906 2.70022 
-1.19565 -0.512616 4.61363 4.18306 
-0.731797 -0.273765 0.361136 0.56349 
-1.78166 -0.319815 -1.53417 5.28067 
-1.06653 -0.319815 -3.92375 5.28067 
-1.89527 -0.254003 -4.64538 3.82002 
-1.89527 -0.254003 -4.64538 3.82002 
-1.03898 -0.00780708 -5.00522 -0.431605 
-1.03256 0.0739917 -5.7109 -4.09186 
2.90633 1.16177 -0.416114 -2.25534 
2.62265 1.02695 -0.0844174 1.55606 
2.62265 1.02695 -0.0844174 0.382986 
-0.411117 0.630202 3.44817 12.2969 
-0.411117 0.630202 3.44817 12.2969 
-2.00319 0.318365 2.51844 8.1336 
-2.29244 0.0379607 2.79343 2.35166 
-2.29244 0.0379607 2.79343 2.35166 
-1.47263 -0.395851 1.98452 1.75427 
-1.47263 -0.395851 1.98452 1.75427 
-1.5272 -0.0408835 -9.10859 -2.99957 
-1.5272 -0.0408835 -7.08744 -0.0411756 
-2.55554 0.00165957 -4.71662 2.43548 
-1.24145 -0.205181 -2.20942 -1.98632 
-1.29545 -0.205181 -1.47054 -1.80108 
-2.53501 0.477187 -2.07326 2.14481 
-2.29239 0.313654 -1.42331 1.60284 
-0.791064 -0.188 0.174218 -2.43859 
-0.758393 -0.103375 1.01084 -1.81369 
-0.758393 -0.103375 1.01084 -4.06249 
-2.26715 0.641912 1.51372 4.45326 
-2.26715 0.641912 1.51372 4.45326 
-0.721643 0.196068 1.31153 3.92332 
-1.6841 0.210999 2.45062 -0.462743 
-0.0268164 -0.375259 2.45062 -0.462743 
-1.73695 0.13972 -1.58429 3.9394 
-0.099787 -0.333568 0.213824 -0.676859 
-1.73758 0.217388 -1.70301 2.85114 
1.3 -0.524713 1.54138 -4.85172 
0.0650507 0.606192 1.97359 -2.59526 
1.12365 0.327563 0.685689 0.336543 
1.12365 0.0412545 0.685689 0.336543 
1.41398 0.350614 0.60144 0.250113 
-0.750124 0.927993 -2.38821 4.97659 
-1.47556 0.310434 -2.76422 4.18245 
-1.47556 0.310434 -2.92371 2.69058 
-1.47556 0.310434 -2.92371 2.69058 
-3.84124 0.634296 -3.77208 2.13384 
2.55945 -0.501261 1.94489 -6.60051 
1.46211 0.3707 0.804273 -2.22336 
1.46211 0.800913 0.131563 1.03493 
-1.90772 0.833301 -1.03135 2.63391 
-1.90772 0.416378 -1.03135 2.84101 
-2.4252 0.61519 -4.97714 6.44224 
-2.4252 0.61519 -4.97714 6.44224 
-0.526893 0.137448 -1.46659 3.76835 
-2.89016 -0.0940435 -4.73173 2.11502 
-0.678798 -0.0940435 -0.899101 2.11502 
-0.906691 -0.595441 -1.58536 -5.13259 
0.918435 -0.595441 1.04452 -5.13259 
0.918435 -0.595441 -1.62018 -5.13259 
-1.81216 0.374506 -5.43103 -1.94295 
-1.64904 0.103781 -5.46106 3.7423 
-1.64904 0.103781 -5.46106 3.7423 
-1.64904 0.103781 -5.46106 3.7423 
-4.51335 0.568399 -9.68321 7.80121 
-1.81896 0.568399 -9.68321 7.80121 
-3.90597 -0.0291772 -7.2988 2.95877 
3.08926 -0.71813 -1.87071 -8.79274 
-0.249481 0.451763 -3.19574 1.82153 
-0.249481 0.2812 0.320734 1.82153 
-1.26189 0.843059 -5.23809 5.1795 
-1.4003 0.551503 -4.15999 3.55115 
0.94168 0.551503 -4.15999 -3.30918 
-2.08793 0.0369122 -4.6636 3.14459 
-2.19238 -0.217113 -4.68738 2.36581 
0.36576 -0.217113 -4.68738 -4.21357 
-2.5412 -0.275029 -5.07235 2.6494 
0.109362 -0.676374 3.96942 -3.23662 
0.109362 -0.676374 3.96942 -3.23662 
0.109362 -0.676374 3.96942 -3.23662 
-1.44989 1.24024 8.48175 -4.13722 
-1.44989 1.24024 8.48175 -4.13722 
2.4094 -0.0179074 -3.85803 4.8444 
-2.67672 -0.13107 -3.76347 8.93277 
-2.67672 -0.0999326 -9.82439 8.93277 
-5.76896 -0.28055 -13.4967 10.3248 
-2.53308 -0.823492 -4.19969 -3.26752 
0.571294 -0.912866 2.19436 -9.57307 
0.571294 -0.59657 2.19436 -9.57307 
0.118013 -0.59657 5.25656 -9.79702 
-3.16872 -0.155505 -15.9198 10.0027 
-3.09824 -0.155505 -13.7358 6.58996 
-3.09824 -0.056685 -13.7358 6.6192 
1.48016 -0.328152 -1.80305 -7.14953 
1.48016 -0.328152 -1.80305 -7.14953 
2.32757 0.258381 -6.15266 2.68426 
2.32757 0.258381 -6.15266 2.68426 
4.39627 0.957194 -26.0401 -13.7209 
4.39627 1.79208 -26.0401 -13.7209 
4.39627 1.79208 -26.0401 -13.7209 
6.54397 2.23863 -9.86643 -7.45956 
7.12263 2.23863 -9.86643 -7.45956 
7.12263 2.23863 -9.86643 -7.45956 
-15.1381 3.56509 -18.407 -2.4653 
-31.7932 2.55507 -15.5024 -7.04422 
-31.7932 2.55507 -15.5024 -7.04422 
-36.6922 -3.67955 -6.71441 -12.3862 
-36.6922 -3.67955 -11.6711 -5.01019 
-35.5319 -6.24132 -31.0438 -9.33424 
-34.9559 -5.77827 -25.789 -10.0172 
-33.9134 -5.22307 -19.1962 -9.35616 
-33.9134 -5.22307 -19.1962 -9.35616 
-36.5691 -3.98055 -20.7761 0.799272 
-36.6922 -1.66095 -18.9153 1.05666 
-36.6922 -1.66095 -18.9153 1.05666 
-36.6922 -1.4475 -11.3005 -2.95613 
-36.6922 -1.52526 -13.1415 -0.314679 
-36.6922 -1.51738 1.32944 -5.66898 
-36.6922 -0.335027 -36.6922 11.9621 
-36.6922 -0.335027 -36.6922 11.9621 
-36.6922 -0.347375 -36.6922 -15.3706 
-36.6922 -0.347375 -36.6922 -15.3706 
-35.0006 -0.180582 -36.6922 -10.0793 
-33.735 0.0817635 -32.6907 -10.1515 
-32.3579 0.245181 -32.6907 -10.1515 
-31.0029 0.37805 -30.8058 -8.51861 
-29.6399 0.474665 -29.35 -8.51051 
-26.9188 0.521865 -21.4423 -9.90398 
-26.9188 0.521865 -21.4423 -9.90398 
-25.5436 0.521865 -15.8778 -10.1014 
-25.5436 16.9643 -15.8778 -10.1014 
-22.4717 19.0605 -23.0001 -6.56828 
-22.4717 19.0605 -23.0001 -6.56828 
-16.6333 19.3201 -23.2694 -9.11703 
-14.8227 20.0287 -23.2694 -9.11703 
-11.3567 20.5862 -18.4661 -12.4045 
-11.3567 20.5862 -11.6971 -15.4389 
-6.92523 22.0233 -11.8156 -12.8479 
-5.12851 22.6971 -11.8156 -12.8479 
-0.925143 23.0389 -17.6596 -4.90763 
-0.925143 23.0389 -17.6596 -4.90763 
0.574969 23.889 -13.9944 -8.09327 
4.32522 25.4962 -12.3253 -9.43523 
5.49593 26.044 -7.08367 -10.4951 
5.49593 26.044 -7.41358 -8.32596 
11.1557 26.318 -11.645 -6.57401 
12.3422 26.318 -7.03821 -6.57401 
15.448 26.318 -10.6619 -6.57401 
16.4299 26.1081 -10.6619 -6.01442 
19.2972 25.6569 -10.2916 -5.79666 
20.0344 25.4158 -6.21848 -6.34318 
22.6511 24.875 -10.6066 -5.29474 
22.6511 24.6092 -6.61161 -5.29474 
22.7973 24.2223 -10.356 -6.25844 
24.5491 24.2223 -10.356 -6.25844 
24.3556 23.8614 -10.4668 -6.68363 
24.3556 23.8614 -10.4668 -6.68363 
21.9232 23.8068 -7.4045 -6.2635 
22.504 23.1089 -11.6894 -6.08202 
22.504 22.9273 -11.6894 -6.30883 
19.6027 22.5037 -8.89914 -6.30498 
18.8666 22.0109 -9.49529 -6.00717 
17.3387 20.8406 -10.7843 -5.57144 
17.3387 20.8406 -10.7843 -5.57144 
17.3387 20.8406 -10.7843 -5.57144 
11.7052 17.0828 -6.8009 -4.38457 
11.7052 17.0828 -6.8009 -4.38457 
11.4036 16.1373 -7.05408 -4.76889 
10.9596 14.1588 -7.82865 -4.98991 
10.9596 14.1588 -7.82865 -4.98991 
11.8172 13.2952 -10.6765 -6.39621 
11.8172 13.2952 -10.6765 -6.39621 
10.0704 12.0586 -11.0685 -6.8173 
9.1803 11.4903 -10.6478 -7.547 
9.1803 10.9388 -8.50186 -5.6177 
6.89471 10.9388 -8.50186 -5.6177 
7.77359 9.48871 -10.3378 -5.22354 
5.29013 8.63933 -10.2024 -7.28839 
5.29013 8.63933 -10.2024 -7.28839 
2.04079 5.81926 -4.75757 -4.52261 
2.04079 5.81926 -4.75757 -2.02247 
2.18972 4.01509 -4.49913 -3.97518 
0.766051 3.29398 -2.41518 -1.34669 
0.766051 3.29398 -2.41518 -1.51875 
2.15128 1.67597 -2.87555 -4.88715 
0.388265 1.07829 -1.27491 -1.02232 
0.140943 0.362081 -0.762183 -0.958235 
0.140943 0.362081 -0.762183 -1.09855 
1.09677 -1.0747 -1.18343 -3.65151 
1.09677 -1.0747 -1.18343 -3.65151 
-0.714389 -1.34116 0.357211 -2.16029 
0.0754683 -1.6652 1.31198 1.24477 
0.0754683 -1.6652 1.31198 0.710127 
-0.350562 -1.70237 1.3794 -2.90368 
-1.82895 -1.62754 2.59513 1.3748 
-1.82895 -1.62754 2.59513 0.943004 
-0.458805 -1.73824 2.49655 -2.80055 
-1.84313 -1.55291 3.21911 1.99639 
-1.76232 -1.4589 4.67387 4.83601 
-1.59272 -1.46701 4.46695 -0.829893 
-1.59272 -1.46701 4.46695 -0.829893 
-0.110281 -1.38685 4.30681 -1.62789 
-0.110281 -1.38685 4.30681 -1.62789 
-1.39678 -1.01842 3.82755 3.91425 
-1.39678 -1.01842 3.15411 -1.0714 
-1.39678 -1.01842 3.15411 -1.0714 
0.0549521 -1.06842 3.19147 -2.43177 
-3.05004 -0.785335 3.76173 5.63494 
-2.41666 -0.949823 4.87654 -0.12482 
-1.85042 -1.04605 5.0686 -0.12482 
-0.345183 -1.04248 3.46488 -4.02335 
-1.38415 -1.04248 3.46488 -4.02335 
-0.0398341 -0.667829 1.13244 -1.80242 
-0.0398341 -0.667829 1.13244 -1.80242 
0.0212681 -0.36704 1.01063 -3.29685 
-2.66914 -0.574968 6.62081 2.72293 
-2.8954 -0.772587 6.62081 4.77376 
-2.21975 -1.04393 7.34209 1.19658 
-0.810769 -1.01433 5.23795 -2.95448 
-0.810769 -1.01433 5.23795 -2.95448 
-0.577189 -0.398434 0.756016 1.50934 
-0.577189 -0.398434 0.72541 1.50934 
-1.10363 -0.247032 0.72541 4.27923 
-1.10363 -0.247032 0.72541 4.27923 
1.43499 -0.11821 -0.59637 -8.88755 
1.21972 0.0966017 -2.38991 -1.20667 
1.21972 0.281989 -2.38991 -0.95167 
-0.329336 0.30802 -2.46334 -1.99299 
-0.329336 0.268416 -2.46334 1.65348 
-0.329336 0.268416 -2.46334 1.65348 
0.977677 0.0937115 -1.52818 -7.43811 
0.911502 0.158773 -2.59882 -5.54146 
-0.59925 0.194607 -3.32692 1.32184 
-1.03382 0.0762855 -3.32692 1.32184 
-1.33161 -0.0873154 0.142896 4.86501 
-1.33161 -0.0873154 0.142896 4.86501 
-1.48768 -0.422069 5.04958 6.05473 
-1.07424 -0.540859 4.74795 -1.60368 
-1.07424 -0.540859 4.74795 -1.60368 
-0.759064 -0.508204 1.74615 -6.30272 
0.139554 -0.363585 -0.393801 -3.84872 
0.139554 -0.363585 -0.393801 -3.84872 
0.442321 -0.114552 -1.69821 2.41203 
0.474212 0.00342887 -1.94749 -3.37868 
-0.886774 -0.0888243 3.14349 0.581724 
-0.886774 -0.0888243 3.14349 0.581724 
-1.12547 -0.22371 3.34803 2.38073 
-0.336163 -0.312887 3.1856 0.682329 
-0.336163 -0.312887 3.1856 0.682329 
-0.336163 -0.312887 3.1856 0.682329 
-0.336163 -0.312887 3.1856 0.682329 
-0.336163 -0.312887 3.1856 0.682329 
-0.336163 -0.312887 3.1856 0.682329 
-0.824197 -0.319719 1.85427 3.09032 
-0.845017 -0.368654 4.06533 3.39426 
2.00766 -0.269359 3.29266 -20.8887 
1.27535 0.37845 -5.57322 -8.26237 
0.498512 0.528236 -7.82926 1.19049 
0.457234 0.549335 -7.18059 1.24219 
0.457234 0.496516 -7.18059 1.24219 
0.9593 0.447215 -4.02024 -6.10926 
0.469467 0.379002 -3.7194 -1.35049 
0.410943 0.316998 -3.10537 -1.24996 
0.691564 0.279821 -2.43268 -4.94716 
0.187457 0.219665 -2.43736 0.219707 
0.0496637 0.219665 -1.7855 0.613288 
0.221513 0.125849 -0.905781 -2.85647 
-0.178206 0.0481424 -0.753231 1.47536 
-0.178206 0.0481424 -0.753231 1.47536 
0.00177407 -0.0403099 0.566849 -2.41619 
0.00177407 -0.0403099 0.566849 -2.41619 
-0.123802 -0.106077 0.848426 -1.55914 
-0.123802 -0.106077 0.738278 -1.55914 
-0.425312 -0.158818 1.10333 1.99618 
-0.42158 -0.181024 1.4904 1.41253 
-0.476293 -0.200966 1.4904 4.02541 
-0.481986 -0.215772 2.30405 0.260644 
-0.752832 -0.311187 2.33857 2.36651 
-0.650207 -0.310442 2.6788 2.76006 
-0.56276 -0.310442 2.6788 1.46748 
-0.505607 -0.281986 2.5637 0.770159 
-0.456475 -0.255754 2.16663 0.505543 
-0.42635 -0.232686 1.68351 0.459653 
0.971583 3.64161 5.48532 1.73621 
1.30797 3.58375 4.99027 0.348339 
1.30797 3.58375 4.99027 0.348339 
1.6735 1.27753 3.25907 2.00681 
1.07997 -0.0610265 2.00275 5.5243 
1.07997 -0.0610265 2.00275 5.5243 
1.07997 -0.0610265 2.00275 5.5243 
0.671323 -0.19514 2.10111 -1.42016 
0.260785 -0.19966 1.15551 1.43061 
0.116974 -0.259912 0.719095 1.47525 
0.0825401 -0.230179 0.642965 -0.879696 
-0.141031 -0.230179 0.642965 -0.879696 
0.1954 0.0215711 1.13078 0.992446 
0.1954 0.0215711 1.13078 0.992446 
0.0566358 0.00347031 1.10962 2.23455 
-0.0904943 0.0476147 1.10962 2.23455 
-0.0904943 0.0476147 1.10962 2.23455 
-0.297436 -0.0306664 1.5855 -1.30599 
-0.297436 -0.0306664 1.5855 -1.30599 
-0.297436 -0.0605136 1.12977 -1.0662 
-0.273809 -0.070847 0.797432 -3.49582 
-0.364275 -0.12354 -0.241583 -0.0808626 
-0.364275 -0.12354 -0.241583 -0.0808626 
-0.375434 -0.151347 -0.334974 0.412108 
-0.343695 -0.158367 -0.335721 1.87374 
-0.303156 -0.133817 0.00607842 1.60512 
-0.303156 -0.133817 0.00607842 1.60512 
-0.242725 -0.0725354 0.638359 -0.168604 
-0.242725 -0.0725354 0.638359 -0.168604 
-0.209114 -0.0699071 0.532425 0.113653 
-0.186116 -0.0913749 0.270806 1.50091 
-0.156825 -0.0857294 0.270806 1.50091 
-0.156825 -0.0857294 0.330854 1.29119 
-0.153253 -0.0786373 0.416231 1.34327 
-0.0898064 -0.0932727 0.357764 2.18071 
0.0563311 -0.0379311 0.696868 1.62033 
-6.36128 11.0646 1.12512 0.00274984 
-9.64127 17.626 0.716476 -0.487215 
-9.64127 17.626 0.716476 -0.487215 
-9.64127 18.477 0.716476 -0.0202816 
-10.7951 19.2976 0.544138 -1.83709 
-11.403 19.9733 0.0752494 -1.14547 
-11.9139 19.9733 -0.442551 -1.14547 
-12.4611 21.0367 -0.448423 -0.254372 
-13.2087 21.7648 -0.626456 0.530493 
-13.2087 21.7648 -0.626456 0.530493 
-13.2087 21.7648 -0.542699 0.530493 
-13.8925 22.4305 -0.307239 -1.1564 
-14.2236 22.4305 0.0669917 -1.1564 
-14.2236 22.4938 -0.178059 -1.1564 
-14.4347 22.4938 -0.178059 -0.520055 
-14.7112 22.5206 -0.149923 -0.806446 
-14.9518 22.3572 -0.262321 -0.204633 
-15.0446 22.3572 -0.332031 -0.204633 
-13.8652 22.1958 0.677982 0.236996 
-13.6028 21.8749 0.693293 0.0661869 
-13.6028 21.8749 0.693293 0.0661869 
-13.0333 21.5674 0.45682 0.264027 
-13.0333 20.8515 0.45682 -0.0205336 
-12.4355 20.4286 0.324964 0.198592 
-12.0528 20.4286 0.256233 0.198592 
-12.0528 19.9625 0.256233 0.150404 
-11.3243 18.975 0.163498 0.17508 
-11.3243 18.4497 0.163498 0.221904 
-10.4663 17.9279 0.192912 0.23132 
-10.0601 17.3925 0.240628 0.145306 
-9.6494 16.8429 0.269619 0.105518 
-9.6494 16.2797 0.279866 0.0829727 
-8.87574 15.7014 0.268972 0.0731924 
-8.38473 15.105 0.269682 0.068331 
-8.01944 14.5254 0.255033 0.0560298 
-8.01944 13.8632 0.134541 0.0699558 
-7.13916 13.2936 0.237997 0.100243 
-6.61963 12.6975 0.255501 0.13463 
-5.88523 11.3907 -0.0442291 0.146399 
-5.88523 11.3907 -0.0442291 0.0786969 
-5.39902 10.7551 -0.0545311 0.0786969 
-5.0775 10.1413 0.098294 0.190488 
-4.7224 9.47359 0.0433005 0.172144 
-4.34747 8.86364 0.164951 0.185893 
-4.34747 8.86364 0.164951 0.185893 
-3.91062 8.26358 0.100638 0.136805 
-3.32284 6.99416 -0.0113721 0.147773 
-3.32284 6.99416 -0.0113721 0.147773 
-2.90841 6.40375 -0.0113721 0.147773 
-2.27206 5.25646 -0.0459267 0.0667291 
-2.27206 5.25646 -0.0459267 0.0667291 
-1.79194 4.09318 -0.0957487 0.160267 
-1.51159 3.54904 -0.0538786 0.110387 
-1.21801 3.03373 -0.0475028 -0.0241094 
-1.21801 3.03373 -0.0488163 -0.0263384 
-0.832359 2.03359 -0.0356615 0.041277 
-0.832359 2.03359 -0.0356615 0.041277 
-0.45621 1.0929 -0.079093 -0.0334124 
-0.115389 0.238964 -0.117368 -0.123379 
0.0298643 -0.150543 -0.117368 -0.123379 
0.0298643 -0.150543 -0.121205 -0.141959 
0.119723 -0.50056 -0.0836762 -0.0871736 
0.119723 -0.50056 -0.0836762 -0.0871736 
0.262447 -0.757992 -0.0200825 -0.048052 
0.262447 -0.722976 0.00401338 -0.0511323 
0.355652 -0.650247 0.00767849 -0.0511323 
0.370669 -0.650247 0.0297873 -0.0769191 
0.408897 -0.501516 0.0203904 -0.169589 
0.439468 -0.441328 0.00252594 -0.211871 
0.439468 -0.388828 0.00252594 -0.211871 
0.484293 -0.339323 -0.0211027 -0.342247 
0.48423 -0.292633 -0.0385854 -0.299329 
0.48423 -0.292633 -0.0385854 -0.299329 
0.466 -0.214474 -0.0350953 -0.236883 
0.445088 -0.183714 -0.023255 -0.211257 
0.404934 -0.158923 -0.00823233 -0.0963297 
0.376519 -0.139825 0.0302152 -0.015203 
0.290822 -0.125821 0.113299 0.244972 
0.271885 -0.116394 0.205896 0.0947892 
0.219428 -0.0991154 0.243457 0.242716 
0.219428 -0.0991154 0.243457 0.242716 
0.126642 -0.0865313 0.3227 0.151919 
0.142656 -0.0871665 0.3227 0.160586 
0.142656 -0.0871665 0.322681 0.160586 
0.128858 -0.083568 0.307109 0.0528307 
0.103377 -0.0690497 0.334858 0.173404 
0.103377 -0.0690497 0.334858 0.173404 
