0 0 0 0 
0.409085 1.79255 -0.111809 1.64051 
0.408082 1.78795 -0.112594 1.63569 
0.407874 1.78707 -0.112761 1.63478 
0.56013 1.40833 0.0556896 1.25898 
0.56013 1.40833 0.0556896 1.25898 
0.536216 1.41181 0.0556896 1.22225 
0.536216 1.41181 0.0600644 1.20274 
0.521202 1.41565 0.0613248 1.18736 
0.487528 1.42245 0.0452834 1.16778 
0.487528 1.42245 0.032129 1.16432 
0.451907 1.42567 0.01718 1.16624 
0.233818 1.67384 -0.211774 1.44367 
0.241266 1.67538 -0.210909 1.4373 
0.241266 1.67538 -0.210909 1.4373 
0.236711 1.71627 -0.207548 1.46574 
0.235474 1.73386 -0.205211 1.47763 
0.23463 1.73386 -0.205211 1.47763 
0.235481 1.80669 -0.191441 1.51275 
0.235481 1.80669 -0.191441 1.5235 
0.235481 1.80669 -0.191441 1.5235 
0.235481 1.80669 -0.191441 1.5235 
0.286571 1.95668 -0.138575 1.67753 
0.302029 1.97513 -0.135004 1.71023 
0.307876 1.97787 -0.132809 1.7186 
0.31433 1.98601 -0.129718 1.73182 
0.31433 1.98601 -0.129718 1.73182 
0.327577 1.99397 -0.124824 1.75258 
0.327577 1.99397 -0.124824 1.75258 
0.341418 1.99895 -0.120348 1.7719 
0.341418 1.99895 -0.120348 1.7719 
0.355845 2.00113 -0.116112 1.78978 
0.421327 1.94754 -0.103498 1.8279 
0.454701 1.89439 -0.101698 1.81629 
0.454701 1.89439 -0.101698 1.81629 
0.454701 1.89439 -0.101698 1.81629 
0.454701 1.89439 -0.100974 1.81629 
0.469321 1.89401 -0.0972818 1.83185 
0.475672 1.88561 -0.0965375 1.83229 
0.482093 1.88127 -0.095191 1.83594 
0.488757 1.88085 -0.0931587 1.84271 
0.49438 1.88085 -0.0931587 1.84243 
0.541888 1.78402 -0.0927968 1.82299 
0.547278 1.70999 -0.0980193 1.79097 
0.547278 1.70698 -0.0980193 1.79097 
0.545468 1.71428 -0.0987692 1.77603 
0.543531 1.71186 -0.0995339 1.7718 
0.543531 1.71467 -0.0995339 1.7718 
0.540109 1.72251 -0.0986353 1.77559 
0.540109 1.72101 -0.0986353 1.77559 
0.535143 1.72947 -0.0987964 1.77499 
0.535143 1.72947 -0.0987964 1.77499 
0.431001 1.75246 -0.123692 1.67412 
0.429399 1.74799 -0.124848 1.6688 
0.429399 1.75645 -0.123608 1.6688 
0.420286 1.76959 -0.122927 1.67438 
0.420286 1.77151 -0.12399 1.67438 
0.409507 1.78464 -0.123275 1.67306 
0.409507 1.78644 -0.123275 1.67306 
0.398882 1.7994 -0.123655 1.6717 
0.393285 1.80814 -0.124717 1.6662 
0.388214 1.80814 -0.124833 1.66556 
0.306747 1.81474 -0.14122 1.57647 
0.309689 1.82905 -0.138595 1.58668 
0.308102 1.83452 -0.13723 1.58776 
0.308102 1.83452 -0.13723 1.58776 
0.305331 1.84996 -0.136372 1.59385 
0.300534 1.8542 -0.136415 1.59451 
0.300534 1.8542 -0.136415 1.59003 
0.296057 1.86224 -0.136858 1.59623 
0.296057 1.86224 -0.136858 1.59623 
0.2923 1.86944 -0.137374 1.59825 
0.279958 1.81163 -0.152068 1.55084 
0.285155 1.82349 -0.152068 1.54211 
0.285547 1.81913 -0.15272 1.55673 
0.286106 1.81913 -0.15272 1.55976 
0.286904 1.83164 -0.147222 1.56859 
0.287791 1.83427 -0.146768 1.57181 
0.288559 1.83427 -0.147309 1.56944 
0.289616 1.83946 -0.145944 1.57859 
0.290612 1.83946 -0.145944 1.57633 
0.291902 1.84443 -0.146412 1.57633 
0.296933 1.8351 -0.146745 1.5777 
0.298088 1.7997 -0.148749 1.56181 
0.301156 1.7997 -0.148749 1.56181 
0.303068 1.80635 -0.147923 1.57122 
0.304821 1.80635 -0.147923 1.57122 
0.306794 1.81726 -0.145112 1.58199 
0.306794 1.81726 -0.145112 1.58199 
0.310615 1.82379 -0.143262 1.5915 
0.312638 1.82704 -0.142285 1.59631 
0.312638 1.82265 -0.142285 1.5951 
0.34643 1.76626 -0.142865 1.5895 
0.343577 1.74273 -0.142849 1.58934 
0.345307 1.74273 -0.144438 1.58934 
0.347256 1.7626 -0.142026 1.58518 
0.347256 1.7626 -0.142026 1.58518 
0.350704 1.77444 -0.139413 1.5981 
0.352175 1.77444 -0.139413 1.5981 
0.353713 1.77859 -0.138051 1.60475 
0.35523 1.78483 -0.136794 1.61136 
0.35523 1.78483 -0.135554 1.61798 
0.37346 1.77574 -0.135338 1.62837 
0.374107 1.77574 -0.135338 1.62837 
0.368094 1.75635 -0.137981 1.60539 
0.368094 1.76411 -0.137981 1.61252 
0.37071 1.7802 -0.133577 1.62619 
0.371302 1.77942 -0.133493 1.62621 
0.372772 1.79556 -0.130511 1.63985 
0.372772 1.79556 -0.130511 1.63981 
0.374702 1.81087 -0.127541 1.65337 
0.375171 1.80997 -0.127561 1.65325 
0.379212 1.80134 -0.12902 1.65395 
0.3798 1.79401 -0.130209 1.64883 
0.37196 1.77149 -0.130007 1.63109 
0.374137 1.78728 -0.130007 1.63109 
0.375221 1.78728 -0.130007 1.63109 
0.377279 1.80944 -0.124385 1.64932 
0.378041 1.80772 -0.124306 1.64738 
0.378041 1.80772 -0.124306 1.64738 
0.379928 1.8295 -0.118808 1.66477 
0.379928 1.8295 -0.119046 1.66277 
0.372293 1.7914 -0.133075 1.63815 
0.362479 1.77224 -0.137574 1.60962 
0.362479 1.77224 -0.137574 1.60962 
0.365867 1.7866 -0.133158 1.62244 
0.365867 1.7866 -0.133158 1.61999 
0.368374 1.79876 -0.129086 1.63227 
0.369642 1.80476 -0.129524 1.62974 
0.369642 1.80476 -0.129524 1.62974 
0.371859 1.80258 -0.127725 1.63476 
0.373002 1.82241 -0.122008 1.65214 
0.35485 1.7784 -0.144781 1.61595 
0.350787 1.78831 -0.142113 1.61441 
0.350787 1.78831 -0.142828 1.61441 
0.355559 1.7993 -0.137372 1.62562 
0.35477 1.7974 -0.137954 1.62341 
0.35477 1.7974 -0.137954 1.62341 
0.362598 1.81577 -0.130062 1.6419 
0.361767 1.81368 -0.130797 1.63969 
0.364072 1.81901 -0.128589 1.64529 
0.369535 1.83158 -0.126502 1.65085 
0.355603 1.79352 -0.142778 1.62785 
0.349362 1.78654 -0.14136 1.60942 
0.349362 1.78654 -0.14136 1.60728 
0.357455 1.79413 -0.135363 1.62065 
0.361516 1.79796 -0.136141 1.61829 
0.361516 1.79569 -0.133159 1.61829 
0.369343 1.80562 -0.126338 1.63706 
0.373183 1.80938 -0.127217 1.63453 
0.372077 1.80701 -0.12437 1.63453 
0.380604 1.81679 -0.117789 1.65297 
0.350366 1.77015 -0.147201 1.60562 
0.350366 1.77015 -0.147201 1.60562 
0.348427 1.76876 -0.147931 1.60323 
0.353912 1.74825 -0.139567 1.56937 
0.357624 1.75043 -0.136089 1.58023 
0.360965 1.74953 -0.137494 1.57493 
0.360965 1.74953 -0.137494 1.57493 
0.360965 1.74953 -0.137494 1.57493 
0.360965 1.74953 -0.137494 1.57493 
0.356814 1.76123 -0.130034 1.58743 
0.336998 1.76905 -0.149963 1.59028 
0.325303 1.76888 -0.151961 1.57322 
0.333207 1.77129 -0.147276 1.58129 
0.350788 1.77461 -0.137046 1.59684 
0.350788 1.77461 -0.137046 1.59684 
0.366102 1.77852 -0.128029 1.6114 
0.366102 1.77852 -0.128029 1.6114 
0.381232 1.78212 -0.119342 1.6259 
0.378841 1.78251 -0.121001 1.62516 
0.378841 1.78407 -0.117095 1.62516 
0.353052 1.78513 -0.147362 1.62966 
0.341786 1.78555 -0.148515 1.62821 
0.341786 1.78413 -0.141948 1.62821 
0.356021 1.78173 -0.133491 1.61198 
0.367128 1.77924 -0.134624 1.62674 
0.367128 1.77924 -0.134624 1.62674 
0.402549 1.77202 -0.116222 1.64777 
0.413213 1.76984 -0.110703 1.65421 
0.413213 1.76987 -0.110703 1.65421 
0.410508 1.7649 -0.10062 1.65259 
0.391515 1.76544 -0.130964 1.64893 
0.397025 1.7641 -0.132099 1.63574 
0.397025 1.7641 -0.132099 1.63574 
0.423988 1.75074 -0.112281 1.65688 
0.423988 1.75074 -0.112281 1.65688 
0.432992 1.7452 -0.11682 1.65251 
0.431706 1.7452 -0.111567 1.66046 
0.431706 1.73885 -0.111567 1.66046 
0.444269 1.73885 -0.111567 1.66046 
0.485613 1.73885 -0.0884729 1.68685 
0.409917 1.74232 -0.129091 1.65781 
0.410317 1.77108 -0.121312 1.67537 
0.403945 1.7738 -0.123562 1.67175 
0.442388 1.74983 -0.107814 1.68503 
0.435464 1.75311 -0.110267 1.68142 
0.435464 1.74256 -0.103884 1.68622 
0.488591 1.71879 -0.088709 1.69935 
0.488591 1.71879 -0.088709 1.69935 
0.481048 1.72221 -0.0771427 1.70897 
0.532502 1.68866 -0.0716524 1.71396 
0.42493 1.73398 -0.121913 1.67127 
0.415185 1.75845 -0.125365 1.66692 
0.433464 1.75845 -0.112751 1.68214 
0.48037 1.70793 -0.112751 1.68214 
0.48037 1.70793 -0.0962978 1.69449 
0.470487 1.71323 -0.0996767 1.6898 
0.506583 1.68152 -0.0874097 1.69752 
0.506583 1.68152 -0.0874097 1.69752 
0.542126 1.65013 -0.075714 1.70563 
0.55906 1.63492 -0.0703885 1.70963 
0.440099 1.69635 -0.118879 1.66495 
0.438202 1.79151 -0.118879 1.66495 
0.438202 1.79151 -0.118879 1.66495 
0.426146 1.72875 -0.122831 1.65976 
0.426146 1.72875 -0.122831 1.65976 
0.512399 1.72875 -0.0850583 1.75782 
0.533947 1.69048 -0.0800825 1.75101 
0.533947 1.69048 -0.0800825 1.75101 
0.533947 1.69048 -0.0800825 1.75101 
0.645815 1.58634 -0.0466638 1.77367 
0.509156 1.66468 -0.0940076 1.71658 
0.531797 1.67397 -0.0990075 1.78214 
0.531797 1.71484 -0.0792873 1.78214 
0.541642 1.69387 -0.0920697 1.75235 
0.541642 1.69387 -0.0965266 1.74401 
0.487735 1.62586 -0.0729271 1.73545 
0.487735 1.62586 -0.0729271 1.75495 
0.598134 1.59581 -0.0665156 1.75532 
0.604873 1.5766 -0.0653572 1.75573 
0.604873 1.5766 -0.0653572 1.75573 
0.57686 1.57663 -0.077464 1.70723 
0.57686 1.57663 -0.077464 1.70723 
0.474517 1.76627 -0.0922438 1.78098 
0.480548 1.71006 -0.0872754 1.78098 
0.480548 1.71006 -0.0872754 1.76107 
0.563449 1.62667 -0.075271 1.77073 
0.563449 1.62667 -0.075271 1.75999 
0.624331 1.54511 -0.0638484 1.76923 
0.654039 1.50562 -0.0583266 1.76852 
0.654039 1.50562 -0.0583266 1.76852 
0.440859 1.612 -0.104473 1.65338 
0.503394 1.62562 -0.0885209 1.72154 
0.480362 1.64212 -0.0927155 1.71022 
0.517618 1.64212 -0.0927155 1.71022 
0.614043 1.47118 -0.0884529 1.72144 
0.649118 1.42206 -0.080482 1.71048 
0.649118 1.42206 -0.080482 1.71048 
0.694893 1.34191 -0.069013 1.71183 
0.694893 1.34191 -0.069013 1.71183 
0.694893 1.34191 -0.069013 1.71183 
0.265232 1.69038 -0.138514 1.54186 
0.265232 1.69038 -0.138514 1.54186 
0.295646 1.93293 -0.141126 1.53199 
0.381805 1.88168 -0.0992592 1.79756 
0.426089 1.81966 -0.0992592 1.79862 
0.400772 1.81966 -0.0982895 1.79862 
0.586364 1.54705 -0.0887084 1.80105 
0.586364 1.54705 -0.0887084 1.80168 
0.673539 1.42316 -0.0756468 1.81506 
0.646726 1.44607 -0.0781338 1.80278 
0.424668 1.60435 -0.10015 1.67859 
0.424668 1.60435 -0.10015 1.67859 
0.408022 1.47724 -0.102652 1.653 
0.423069 1.33878 -0.104988 1.54049 
0.530199 1.25694 -0.110517 1.52572 
0.499655 1.28583 -0.110517 1.52572 
0.631726 1.10971 -0.113313 1.53526 
0.680597 1.03946 -0.112068 1.54053 
0.648818 1.07128 -0.11493 1.53119 
0.77895 0.899526 -0.113346 1.53744 
0.266668 1.45221 -0.13825 1.46157 
0.266668 1.4931 -0.139032 1.52555 
0.439437 1.32159 -0.132494 1.53782 
0.439437 1.32159 -0.132494 1.53782 
0.554951 1.16529 -0.139665 1.56303 
0.610953 1.09051 -0.142694 1.57552 
0.610953 1.09051 -0.142694 1.57552 
0.724503 0.939153 -0.148185 1.60088 
0.779217 0.867737 -0.150198 1.61346 
0.779217 0.867737 -0.150198 1.61346 
0.303306 1.52552 -0.115103 1.56023 
0.41676 1.56743 -0.0996512 1.75343 
0.378708 1.61737 -0.0967847 1.74648 
0.446254 1.52429 -0.105218 1.7627 
0.616082 1.29239 -0.113527 1.77843 
0.616082 1.34349 -0.113527 1.77843 
0.746738 1.11058 -0.139709 1.83081 
0.707158 1.11058 -0.136071 1.82257 
0.877359 0.931078 -0.15308 1.85894 
0.836782 0.896101 -0.148255 1.84984 
0.335099 1.63123 -0.0756746 1.71529 
0.397145 1.57298 -0.0736437 1.75348 
0.421351 1.52841 -0.0782667 1.75218 
0.381442 1.57318 -0.0759562 1.74018 
0.457186 1.45725 -0.0931967 1.72806 
0.457186 1.45725 -0.0931967 1.72806 
0.646786 1.18339 -0.0931967 1.72806 
0.833089 0.913661 -0.146481 1.81211 
0.903061 0.913661 -0.182058 1.8535 
1.08908 0.806116 -0.196467 1.86669 
1.03849 0.915326 -0.176603 1.80688 
0.877496 0.819437 -0.140148 1.7602 
0.724872 0.946517 -0.155429 1.75235 
0.930133 0.946517 -0.155429 1.75235 
1.00136 0.546307 -0.227281 1.82161 
0.944909 0.618687 -0.216763 1.80491 
1.01516 0.512568 -0.236923 1.82283 
1.01516 0.512568 -0.236923 1.82283 
1.271 0.138367 -0.305886 1.84015 
1.32286 0.0533931 -0.324519 1.90761 
0.822592 0.699495 -0.204776 1.77995 
0.822592 0.699495 -0.186389 1.77995 
0.978489 0.879136 -0.243346 1.74307 
1.04564 0.51171 -0.243346 1.94731 
1.04564 0.51171 -0.243346 1.94731 
1.31598 0.115785 -0.337867 2.03249 
1.23935 0.220737 -0.317752 2.01086 
1.3006 0.128823 -0.341513 2.03193 
1.49228 -0.154158 -0.407352 2.09363 
1.53128 -0.232476 -0.384216 2.07056 
0.659892 0.919006 -0.145639 1.86311 
0.659892 0.919006 -0.145639 1.86311 
0.964787 0.539108 -0.228106 1.98723 
0.876349 0.655749 -0.203466 1.9606 
0.876349 0.655749 -0.203466 1.9606 
1.14349 0.248941 -0.33123 2.06107 
1.05098 0.369488 -0.305287 2.03221 
1.10943 0.274685 -0.337718 2.05511 
1.1661 0.182504 -0.310582 2.02645 
1.22099 0.0924762 -0.399422 2.09881 
0.115657 1.49863 -0.0411636 1.70747 
0.410131 1.0929 -0.115358 1.77244 
0.410131 1.0929 -0.115358 1.77244 
0.527605 0.865037 -0.0944389 1.82841 
0.586234 0.751132 -0.268235 1.85636 
0.586234 0.751132 -0.268235 1.85636 
0.496863 0.852025 -0.370008 1.91171 
0.621066 0.501842 -0.39039 1.87684 
0.686046 0.501842 -0.39039 1.90267 
0.686046 0.603572 -0.361181 1.90267 
0.0863687 1.17766 -0.160877 1.60914 
0.271148 1.005 -0.188143 1.57378 
0.339925 0.883838 -0.23279 1.72155 
0.406899 0.762863 -0.284576 1.75046 
0.473854 0.641935 -0.341956 1.78344 
0.608314 0.521684 -0.453051 1.81615 
0.608314 0.40267 -0.453051 1.84814 
0.608314 0.40267 -0.417495 1.81007 
0.737162 0.146055 -0.573007 1.90689 
0.653759 0.25231 -0.530501 1.86495 
0.107413 0.662507 -0.214528 1.57746 
0.333157 0.765616 -0.253438 1.72046 
0.319709 0.743734 -0.264141 1.68312 
0.319709 0.743734 -0.264141 1.68312 
0.663381 0.73371 -0.424462 1.64769 
0.575391 0.73371 -0.485485 1.80634 
0.633096 0.73371 -0.545106 1.84733 
0.832796 0.318139 -0.602286 1.84733 
0.832796 0.318139 -0.602286 1.84733 
0.94435 0.318139 -0.60757 1.88754 
0.376762 0.0257302 -0.413502 1.75294 
0.557205 0.327641 -0.452634 1.67387 
0.610974 0.327641 -0.452634 1.81166 
0.610974 0.327641 -0.452634 1.81166 
0.757347 0.0579944 -0.616017 1.93679 
0.785825 0.00110132 -0.616017 1.9794 
0.934161 -0.238939 -0.832677 2.10672 
0.934161 -0.238939 -0.832677 2.10672 
0.903745 -0.209824 -0.858059 2.13785 
0.903745 -0.209824 -0.858059 2.13785 
0.409243 0.555461 -0.454283 1.88409 
0.409243 0.555461 -0.454283 1.88409 
0.803362 0.0878224 -0.661749 2.08863 
0.702414 0.230734 -0.589309 2.0377 
0.702414 0.230734 -0.589309 2.0377 
0.675533 0.21641 -0.788608 2.20423 
0.675533 0.21641 -0.788608 2.20423 
0.664648 0.0646706 -0.866785 2.15274 
0.716303 0.0610171 -0.902069 2.30933 
0.716303 0.0610171 -0.902069 2.30933 
-0.257745 1.47519 -0.0887871 1.75458 
0.0120272 1.58126 -0.0309994 1.70986 
-0.0776693 1.20796 -0.161742 1.79761 
-0.0776693 1.20796 -0.161742 1.79761 
-0.13468 1.12507 -0.378275 1.8414 
-0.192158 1.14092 -0.429331 1.92073 
-0.192158 1.14092 -0.429331 1.92073 
-0.292276 1.16499 -0.529761 2.08304 
-0.292276 1.16499 -0.529761 2.08304 
-0.362675 1.25413 -0.470727 2.03318 
-0.911937 1.94196 0.0425445 1.59312 
-0.624288 1.65117 0.00110944 1.62639 
-0.624288 1.65117 0.00110944 1.62639 
-0.624288 1.65117 0.00110944 1.62639 
-0.652655 1.6056 -0.206435 1.78273 
-0.886058 1.65483 -0.328307 1.88602 
-0.886058 1.65483 -0.328307 1.88602 
-1.04529 1.73823 -0.40251 1.94446 
-1.06011 1.76709 -0.352632 1.89709 
-1.13071 1.80416 -0.352632 1.89709 
-1.10336 1.96576 0.156993 1.44374 
-1.10336 1.96576 0.156993 1.44374 
-0.879882 1.62068 -0.0598882 1.57484 
-0.879882 1.62068 -0.0598882 1.57484 
-0.879882 1.62068 -0.0598882 1.54286 
-1.33405 1.98657 -0.137329 1.67191 
-1.33405 1.98657 -0.137329 1.67191 
-1.30285 1.96536 -0.165902 1.71388 
-1.72783 2.31376 -0.177144 1.73313 
-1.72783 2.31376 -0.141887 1.69904 
-1.46273 2.18476 0.0992522 1.48167 
-1.26616 1.8087 -0.0433335 1.59146 
-1.21153 1.89203 -0.0106643 1.55989 
-1.21153 1.89203 -0.0106643 1.55989 
-1.15398 1.85166 0.0190398 1.57218 
-1.77543 2.24597 0.0214554 1.57218 
-1.98652 2.70547 0.0900332 1.53793 
-2.47982 3.21664 0.150575 1.53793 
-2.39018 3.14439 0.150575 1.53793 
-2.88 3.65152 0.22567 1.53793 
-2.21934 3.07312 0.354177 1.41469 
-2.10017 3.02593 0.256662 1.49738 
-2.10017 3.02593 0.256662 1.49738 
-2.513 3.53871 0.269366 1.47731 
-2.71669 3.83409 0.38231 1.45463 
-2.71669 3.83409 0.38231 1.45463 
-3.13695 4.42213 0.390304 1.41757 
-3.32672 4.6996 0.516895 1.40061 
-3.18211 4.54898 0.516895 1.38614 
-3.72008 5.2523 0.588747 1.36736 
-2.96849 4.41472 0.512216 1.30264 
-2.96849 4.41472 0.512216 1.30264 
-3.24141 4.87889 0.564569 1.36728 
-3.38297 5.169 0.547817 1.35703 
-3.19633 5.169 0.547817 1.35703 
-3.69424 5.71859 0.668578 1.29044 
-3.81129 5.99797 0.697293 1.26731 
-3.81129 5.99797 0.668258 1.26731 
-4.09812 6.51879 0.668258 1.22203 
-3.89113 6.25728 0.707687 1.21696 
-2.78909 4.8513 0.440439 1.17064 
-2.78909 4.8513 0.440439 1.17064 
-3.31559 5.70723 0.607066 1.22244 
-3.31559 5.70723 0.607066 1.22244 
-3.58488 5.391 0.719643 1.21965 
-3.71981 6.67477 0.77331 1.13133 
-3.71981 6.67477 0.77331 1.13133 
-3.49026 6.34562 0.714264 1.1307 
-3.7442 6.9874 0.803366 1.07421 
-3.97804 7.58499 0.87611 1.02189 
-1.42837 3.47532 0.0338561 1.02081 
-1.84364 4.17132 0.148669 1.04169 
-1.84364 4.17132 0.148669 1.04169 
-1.93352 4.44376 0.262565 0.983173 
-1.93352 5.28834 0.495592 0.942115 
-1.93352 5.28834 0.495592 0.942115 
-1.93352 4.93095 0.432486 0.902393 
-2.15594 5.41871 0.367568 0.904908 
-2.15594 5.41871 0.367568 0.904908 
-2.15594 5.41871 0.367568 0.904908 
-2.24188 5.21785 0.714834 0.789308 
-2.42543 5.61022 0.483413 0.614567 
-3.28473 7.65326 1.06304 0.614567 
-3.80847 8.92197 1.40552 0.533823 
-3.5868 8.92197 1.40552 0.533823 
-4.129 9.95409 1.72616 0.556226 
-4.24078 10.4795 1.85826 0.414349 
-4.24078 10.4795 1.85826 0.414349 
-3.46151 8.97888 1.12588 0.629342 
-3.23588 8.46934 1.12588 0.629342 
-2.0817 6.39415 0.491613 0.574235 
-2.66233 6.87344 0.440237 0.427021 
-2.66471 7.37231 0.584279 0.378743 
-2.77511 7.77862 0.721575 0.32905 
-2.77511 7.77862 0.721575 0.257644 
-3.4031 9.90934 1.39401 0.0839512 
-3.14804 9.32894 1.23575 0.109489 
-3.25457 9.87742 1.39795 0.0370938 
-3.37664 10.3877 1.54824 -0.0301626 
-3.37664 10.8815 1.68693 -0.0927141 
-2.90783 9.4555 1.1703 -0.0275283 
-2.67401 8.81356 0.958724 0.0143803 
-3.93045 11.5569 1.62796 -0.283733 
-3.66186 10.8486 1.41332 -0.2317 
-3.66186 10.3375 1.4919 -0.2317 
-2.60058 9.0192 1.82171 -0.458473 
-2.37113 8.34452 1.60141 -0.400522 
-2.37113 8.34452 1.60141 -0.400522 
-1.16775 5.97323 1.98672 -0.612822 
-0.676431 5.02374 1.7695 -0.542656 
-0.321961 3.26509 1.2295 -0.355956 
-2.0044 4.1982 1.54964 -0.50623 
-2.0044 4.1982 1.54964 -0.50623 
-1.50892 3.29049 1.78489 -0.5925 
-1.49659 3.60435 1.9735 -0.509104 
-1.37138 3.60435 1.9735 -0.576309 
-1.48603 4.23817 2.32507 -0.792125 
-1.342 3.82606 2.10134 -0.693935 
-1.30476 3.82606 2.25404 -0.693935 
-1.39327 5.02489 2.7729 -0.947642 
-0.730962 2.8636 1.47147 -0.387087 
-0.648323 2.8636 1.47147 -0.387087 
-1.98239 5.35638 2.12434 -0.629917 
-1.81632 4.89309 1.88665 -0.629917 
-1.68122 4.82284 2.0427 -0.567111 
-1.49186 4.82284 2.0427 -0.567111 
-1.33029 4.55719 2.75371 -0.860638 
-1.17376 4.07943 2.49174 -0.73232 
-1.17376 3.90758 2.63925 -0.78256 
-0.938571 3.76675 2.78072 -0.826306 
-0.509344 2.34261 2.11258 -0.304291 
-0.401158 2.12914 1.57837 -5.34422 
-0.35519 2.12914 1.3023 -5.34422 
-0.35519 2.16927 1.3023 -5.34422 
-0.202705 2.49282 2.34691 -5.09523 
-0.202705 2.49282 2.34691 -4.57883 
-0.163601 2.20205 2.67778 -4.50765 
0.148137 2.06887 2.87571 -4.22644 
0.155627 2.06887 2.60471 -4.22644 
0.324834 1.85435 3.2551 -3.75127 
0.291812 1.50039 2.69465 -2.95763 
0.291812 1.50039 2.69465 -2.95763 
0.354286 1.44125 2.43119 -2.62343 
0.615829 1.52822 3.29091 -3.29396 
0.579893 1.38243 3.47007 -3.17751 
0.866221 1.1313 4.14073 -3.2959 
0.866221 1.01396 4.14073 -2.91249 
0.801394 0.85759 3.89093 -2.79691 
0.801394 0.717449 3.99638 -2.71434 
0.892424 0.592072 3.61041 -2.40949 
1.00776 0.43543 3.865 -2.3321 
1.00776 0.43543 3.865 -2.3321 
1.06779 0.194072 3.47028 -2.07223 
1.2931 0.194072 4.63361 -1.28357 
1.59859 -0.116593 5.30191 -1.60826 
1.4586 -0.116593 5.30191 -1.39981 
1.78302 -0.470028 5.45806 -1.7526 
1.78302 -0.470028 5.45806 -1.7526 
1.61538 -0.75377 5.53849 -1.89411 
1.96695 -0.869389 5.56904 -1.95444 
1.77002 -0.773253 4.46393 -1.54866 
1.77002 -0.773253 4.46393 -1.54866 
0.932221 -0.813026 2.87816 -0.728478 
0.932221 -0.813026 2.87816 -0.728478 
0.932221 -0.757977 2.3928 -0.765075 
1.07853 -0.757977 3.2844 -0.765075 
1.07853 -0.885572 3.2844 -0.765075 
1.07853 -1.31962 4.03051 -0.632972 
1.07853 -1.31962 4.03051 -0.632972 
1.16763 -1.59637 4.92066 -0.913893 
1.91214 -1.23013 4.20105 -0.238246 
1.91214 -1.23013 4.20105 -0.238246 
2.32643 -1.50193 4.9465 -1.01543 
2.4258 -1.50193 4.9465 -1.01543 
2.86866 -1.78692 6.09411 -1.21613 
2.97308 -1.78571 6.33843 -1.1377 
2.97308 -1.78571 6.33843 -1.1377 
3.14331 -1.78503 6.70977 -0.976516 
3.14331 -1.78503 6.70977 -0.976516 
2.86089 -1.80472 6.16153 -0.596869 
2.98813 -1.61787 6.46488 -0.4108 
3.04539 -1.63361 5.9068 -0.0356234 
3.10417 -1.63361 6.66526 -0.839003 
3.51281 -1.85814 7.54923 -1.02353 
3.51281 -1.85814 7.54923 -1.02353 
3.65833 -1.78921 7.92372 -0.865025 
3.71261 -1.75191 8.08943 -0.771952 
3.71261 -1.75191 8.08943 -0.771952 
3.80647 -1.69856 8.31955 -0.595836 
3.80647 -1.69856 8.31955 -0.595836 
3.14439 -1.36023 7.10352 0.291594 
3.14439 -1.36023 7.10352 0.291594 
3.60635 -1.53019 7.07494 0.311134 
3.60635 -1.53158 7.07494 0.311134 
4.13343 -1.60302 9.14841 -0.170346 
3.7461 -1.42822 8.42963 0.236837 
3.79436 -1.42822 8.63304 0.296911 
4.27795 -1.36698 9.72061 0.0241045 
3.87635 -1.22294 9.72061 0.0241045 
4.34638 -1.25559 9.04948 0.499905 
3.53515 -0.910332 8.36719 0.963093 
3.66698 -0.995257 8.6481 0.920433 
3.30512 -0.9085 7.95332 1.30714 
3.38396 -0.9085 8.21716 1.34312 
3.88784 -0.919938 9.49236 0.986174 
3.88784 -0.919938 9.49236 0.986174 
3.99028 -0.774099 8.75523 0.950379 
4.02785 -0.7089 10.3059 1.33735 
4.02785 -0.7089 10.3059 1.33735 
4.09674 -0.606977 10.7033 0.907399 
3.31142 -0.501011 8.92766 1.66589 
2.94521 -0.477778 9.36448 2.02439 
3.10969 -0.443951 8.59933 1.9926 
3.1968 -0.428161 8.92459 1.94604 
3.1968 -0.428161 8.92459 1.94604 
3.5168 -0.645508 10.9149 1.89981 
3.5168 -0.591359 10.0602 1.89981 
3.36018 -0.825232 11.7195 2.28891 
3.36018 -0.825232 11.7195 2.28891 
3.20533 -0.98413 10.7732 2.66251 
2.51772 -0.836316 10.2925 3.00713 
2.51772 -0.836316 10.2925 3.336 
2.76471 -1.06002 11.6114 2.60416 
2.76471 -1.06002 11.6114 2.77418 
2.85784 -1.4123 13.4799 2.84049 
2.85784 -1.4123 13.4799 2.84049 
2.48241 -1.69437 9.74951 3.39539 
2.1813 -1.55282 9.74951 3.61595 
2.1813 -1.55282 9.74951 3.61595 
1.4655 -1.7841 12.4273 4.73673 
1.28657 -1.64619 11.4924 4.99187 
1.3616 -2.01381 11.6193 2.96301 
1.17801 -2.01381 12.0501 3.13701 
1.25819 -2.17078 13.882 3.21515 
1.10281 -1.99186 13.9383 3.118 
1.06365 -2.13147 13.9383 2.89003 
1.09716 -2.60012 16.3922 2.42689 
1.09716 -2.60012 16.3922 2.42689 
0.99172 -2.82373 17.6475 1.95588 
0.931039 -2.90596 18.0845 1.74079 
0.673353 -2.40455 15.3233 1.73026 
0.673353 -2.40455 15.3233 1.73026 
0.72662 -2.81765 18.3698 1.03606 
0.702018 -2.89047 16.7644 1.03292 
0.676982 -2.94065 16.6625 0.81559 
0.578311 -3.02402 16.6625 0.650721 
0.450515 -2.72479 16.6625 0.649 
0.345492 -3.22661 14.9153 0.378275 
0.345492 -2.99896 14.9192 0.221743 
0.345492 -2.99896 14.8839 0.221743 
0.345492 -2.99896 14.8839 0.221743 
0.284131 -3.08223 11.7017 0.22114 
0.0206448 -3.24909 15.4797 -0.413161 
-0.0361242 -3.32044 15.6602 -0.567272 
-0.13499 -3.772 15.6602 -0.732137 
-0.448115 -4.36666 19.1921 -0.385838 
-0.482528 -3.9569 17.4038 -0.40991 
-0.482528 -3.9569 17.4038 -0.40991 
-0.953323 -4.05568 16.9006 0.186254 
-0.953323 -4.05568 16.9006 0.186254 
-0.953323 -4.66049 15.0856 0.186254 
-0.540722 -2.4489 9.45318 -0.766496 
-0.755976 -3.16573 9.45318 -0.782001 
-0.825154 -3.35051 11.619 -0.228687 
-0.825154 -3.35051 12.7391 -0.228687 
-1.01448 -4.0434 14.5113 0.424511 
-1.01401 -4.07787 14.5963 0.60387 
-1.01401 -4.07787 14.5963 0.60387 
-0.94166 -3.66411 14.6216 0.592858 
-0.97022 -4.16359 14.6949 1.00922 
-0.879166 -3.74432 13.2245 0.922088 
-0.879166 -3.74432 13.2245 0.922088 
-0.871625 -3.34348 11.7953 -0.742163 
-0.847893 -4.29498 15.2923 -0.503887 
-0.754758 -3.85714 13.7679 -0.457879 
-0.754758 -3.85714 13.7279 -0.457879 
-0.832181 -4.13999 14.8314 0.743851 
-0.741317 -3.72171 13.3467 0.708553 
-0.741317 -3.72171 13.3467 0.708553 
-0.803159 -4.00222 14.2809 1.53167 
-0.71142 -3.59744 12.8586 1.38052 
-0.616833 -3.20691 11.475 1.20826 
-0.616833 -3.20691 11.475 1.20826 
-0.670231 -3.56994 13.4772 0.952265 
-0.669361 -3.56994 13.4033 1.07632 
-0.67617 -3.51398 13.3961 1.60365 
-0.67617 -3.51398 13.1594 1.60365 
-0.77641 -3.60683 11.8068 1.85842 
-0.69531 -3.60683 11.8068 2.78032 
-0.778236 -3.44083 13.618 3.54347 
-0.513682 -2.45572 9.75598 2.50126 
-0.585375 -2.45378 10.3037 1.80624 
-0.585375 -2.46383 10.5696 2.60296 
-0.577642 -2.75017 11.7349 3.55479 
-0.577642 -2.75017 11.7349 3.55479 
-0.591007 -2.59732 11.3695 4.07969 
-0.591007 -2.59732 11.3695 4.07969 
-0.596275 -2.39505 11.0262 3.68629 
-0.527096 -2.14709 9.92286 4.31263 
-0.527096 -2.07588 9.86856 4.75677 
-0.452964 -1.80162 8.81981 4.54156 
-0.452964 -1.80162 8.81981 4.54156 
-0.452964 -1.80162 8.81981 4.54156 
-0.594748 -2.05511 10.4577 4.79786 
-0.594748 -2.05511 10.2673 4.86819 
-0.594748 -2.05511 10.2673 4.86819 
-0.35996 -0.986854 9.23194 4.38094 
-0.391653 -1.03256 6.45362 4.66823 
-0.561529 -1.08533 7.88168 7.2547 
-0.561529 -1.08533 7.1633 7.2547 
-0.572882 -0.955082 7.19919 6.82731 
-0.747732 -1.02681 9.8355 6.60837 
-0.747732 -1.02681 9.01982 6.60837 
-0.86177 -1.01537 9.66556 7.09033 
-0.929856 -1.00537 9.62339 7.58966 
-0.856504 -0.91937 8.69613 6.85898 
-1.22301 -0.919872 8.22837 8.40621 
-1.12661 -0.919872 7.35914 8.40621 
-1.46722 -0.847096 6.83166 8.86687 
-1.46722 -0.847096 6.83166 8.86687 
-1.34557 -0.738764 5.79338 8.38143 
-1.52642 -0.706432 5.13077 7.46413 
-0.227576 -0.094398 0.80091 3.7197 
-0.148766 -0.0636588 0.893235 4.39453 
-0.148766 -0.0636588 0.893235 3.99509 
-0.795169 -0.0578581 1.77728 7.41962 
-0.795169 -0.0578581 1.77728 7.41962 
-1.28248 0.0244436 1.3828 7.98323 
-1.49794 0.0483446 1.36566 7.21136 
-1.49794 0.0483446 1.36566 7.21136 
-1.56177 0.044646 1.18721 7.72283 
-1.56177 0.044646 1.18721 7.72283 
-2.0247 0.130086 -2.6016 6.9287 
-2.0247 0.130086 -2.64536 7.85393 
-2.46312 0.170192 -2.54505 8.73746 
-2.24925 0.145313 -2.31969 7.82391 
-2.36864 0.145313 -2.36684 7.88331 
-2.81782 0.345357 -2.68201 8.90544 
-2.90586 0.386569 -2.69976 8.93915 
-2.63778 0.336278 -2.42296 8.00591 
-2.70791 0.373748 -2.17845 8.05979 
-2.70791 0.373748 -2.17845 7.20506 
-3.18774 0.542287 -1.90704 9.23221 
-3.18774 0.542287 -1.90704 9.23221 
-2.89242 0.489491 -2.03173 9.36788 
-3.38213 0.636576 -1.76665 8.43885 
-3.04981 0.557861 -1.76665 8.43885 
-3.57993 0.707641 -2.81349 9.69497 
-3.23279 0.626538 -2.52103 8.72666 
-3.74533 0.773184 -3.15562 9.813 
-3.02427 0.608107 -2.51654 7.84933 
-3.20925 0.721396 -2.07948 7.24118 
-2.87741 0.660398 -2.23915 7.53566 
-2.87741 0.597321 -2.23915 7.53566 
-2.6635 0.652925 -2.17189 7.1 
-3.21322 0.815787 -3.06025 8.40953 
-3.56658 0.886235 -3.41238 8.67652 
-3.56658 0.886235 -3.81804 8.87292 
-3.56658 0.886235 -3.81804 8.87292 
-4.39798 1.06468 -4.54293 9.22904 
-2.85894 0.669252 -3.60318 6.60786 
-3.02392 0.744812 -3.71885 7.00122 
-3.02392 0.814025 -3.77535 7.41547 
-3.87 0.868483 -4.12862 7.7941 
-3.87 0.896913 -4.12862 8.11166 
-4.2093 1.04599 -5.6628 9.56309 
-4.2093 1.04599 -5.6628 9.56309 
-3.81207 1.06659 -5.12442 10.0278 
-4.7463 1.06951 -6.80447 10.1754 
-4.29882 1.06951 -6.14513 10.1754 
-4.44094 0.857681 -6.46158 8.25191 
-3.98907 0.857681 -5.81205 8.25191 
-3.98907 0.857681 -6.45016 8.25191 
-4.84831 1.04667 -7.58174 8.56802 
-5.05279 1.07114 -8.17921 10.5075 
-5.05279 1.07114 -8.17921 10.5075 
-5.05279 1.07114 -8.17921 10.5075 
-6.01397 1.1838 -10.0297 12.3232 
-5.47365 1.1838 -10.0297 12.3232 
-6.23957 1.1486 -10.506 12.4659 
-4.51647 1.01442 -9.51195 8.75758 
-5.30356 0.955647 -9.29529 10.5163 
-5.30356 0.875786 -8.39705 10.5163 
-5.5375 1.01484 -10.008 11.1799 
-5.64208 1.02387 -10.1011 11.3694 
-5.07309 1.02387 -10.1011 10.1358 
-5.9476 0.972523 -10.7341 11.929 
-6.0928 0.938945 -11.0883 12.1742 
-5.49402 0.938945 -11.0883 10.8549 
-6.35777 0.884225 -11.615 12.6224 
-5.74025 0.69756 -9.38119 11.3055 
-5.74025 0.69756 -9.38119 11.3055 
-5.74025 0.69756 -9.38119 11.3055 
-5.6523 0.785231 -6.53304 7.33083 
-5.6523 0.785231 -6.53304 7.33083 
-4.5528 0.63752 -10.0396 10.1125 
-5.95703 0.647515 -10.615 13.0627 
-5.95703 0.641894 -12.7299 13.0627 
-6.97874 0.610587 -14.6873 15.0305 
-6.35973 0.523908 -13.2963 13.3188 
-5.87127 0.406992 -12.1692 11.886 
-5.87127 0.364327 -12.1692 11.886 
-6.02966 0.364327 -10.9088 10.6043 
-6.98441 0.393071 -16.3328 14.6234 
-7.11458 0.393071 -16.5519 14.843 
-7.11458 0.385157 -16.5519 16.651 
-6.46171 0.336993 -16.0977 14.8588 
-6.46171 0.336993 -16.0977 14.8588 
-6.20901 0.383167 -17.3257 17.0466 
-6.20901 0.383167 -17.3257 17.0466 
-5.31036 0.432154 -23.3918 12.3383 
-5.31036 0.456183 -23.3918 12.3383 
-5.31036 0.456183 -23.3918 12.3383 
-3.60786 0.513436 -19.5171 10.0181 
-3.10224 0.513436 -19.5171 10.0181 
-3.10224 0.513436 -19.5171 10.0181 
-4.38748 0.723531 -21.8957 9.33997 
-5.43958 0.706064 -21.6749 9.05554 
-5.43958 0.706064 -21.6749 9.05554 
-6.82007 0.350867 -19.7537 7.8309 
-6.82007 0.350867 -21.1758 8.93458 
-7.85893 -0.0403004 -27.098 6.69661 
-8.27512 -0.165584 -26.6334 6.72276 
-8.38522 -0.269143 -24.649 5.92086 
-8.38522 -0.269143 -24.649 5.92086 
-9.41113 -0.310662 -25.4483 7.51018 
-9.56597 -0.305461 -24.984 7.57723 
-9.56597 -0.305461 -24.984 7.57723 
-9.8044 -0.328211 -22.9196 6.7497 
-9.88543 -0.345467 -23.5395 7.62543 
-10.0332 -0.361362 -19.397 6.00577 
-10.1538 -0.318015 -16.4922 7.29279 
-10.1538 -0.318015 -16.4922 7.29279 
-11.0127 -0.291178 -22.2271 6.25172 
-11.0127 -0.291178 -22.2271 6.25172 
-11.1152 -0.263568 -23.0264 5.95093 
-10.9693 -0.232355 -22.1175 5.17831 
-10.7637 -0.214719 -22.1175 5.17831 
-10.5425 -0.196013 -22.215 4.80929 
-10.3059 -0.177363 -22.1944 4.63404 
-9.82747 -0.133338 -20.6037 3.80633 
-9.82747 -0.133338 -20.6037 3.80633 
-9.58467 -0.133338 -19.0832 3.21782 
-9.58467 0.694314 -19.0832 3.21782 
-8.93767 1.13843 -21.7145 4.16066 
-8.93767 1.13843 -21.7145 4.16066 
-7.89136 1.83653 -22.5115 3.81724 
-7.53642 2.1978 -22.5115 3.81724 
-6.70373 2.5045 -21.6361 3.23587 
-6.70373 2.5045 -19.8921 2.4944 
-5.69194 3.15026 -19.5293 2.25757 
-5.28431 3.4639 -19.5293 2.25757 
-4.17609 3.70052 -20.2481 2.42094 
-4.17609 3.70052 -20.2481 2.42094 
-3.76362 4.00068 -19.5397 2.03392 
-2.32515 4.53218 -19.1451 1.78609 
-1.95734 4.80715 -17.5378 1.34202 
-1.95734 4.80715 -17.1199 1.10759 
-0.329296 5.4326 -17.8464 0.73071 
0.0379869 5.4326 -16.3657 0.73071 
0.986407 5.4326 -17.1182 0.73071 
1.33747 5.57567 -17.1182 0.607572 
2.26427 5.84575 -16.4952 0.287011 
2.5893 5.97209 -15.1239 0.0895612 
3.48588 6.02945 -16.001 0.0518392 
3.48588 6.11902 -14.6843 0.0518392 
3.76026 6.15132 -15.4044 -0.412441 
4.6388 6.15132 -15.4044 -0.412441 
5.60328 6.24068 -14.7928 -0.965296 
5.60328 6.24068 -14.7928 -0.965296 
5.98145 6.29685 -13.6232 -1.02895 
6.63062 6.30403 -14.1453 -1.57309 
6.63062 6.32955 -14.1453 -1.60077 
6.72023 6.31811 -12.9123 -1.76857 
6.88828 6.29359 -12.802 -1.90728 
7.12778 6.20474 -12.645 -2.16787 
7.12778 6.20474 -12.645 -2.16787 
7.12778 6.20474 -12.645 -2.16787 
6.70128 5.78724 -10.3422 -2.7183 
6.70128 5.78724 -10.3422 -2.7183 
6.7292 5.65194 -10.2425 -2.93326 
6.76374 5.342 -10.1009 -3.30612 
6.76374 5.342 -10.1009 -3.30612 
7.15387 5.15927 -10.7887 -3.85707 
7.15387 5.15927 -10.7887 -3.85707 
7.06 4.8387 -10.7083 -4.16591 
6.99367 4.68045 -10.5228 -4.49331 
6.99367 4.53648 -9.77283 -4.19867 
6.50585 4.53648 -9.77283 -4.19867 
6.83097 4.19617 -10.2 -4.67916 
6.24281 4.00117 -9.92844 -5.4689 
6.24281 4.00117 -9.92844 -5.4689 
5.44942 3.299 -8.24086 -5.03274 
5.44942 3.299 -8.24086 -4.58725 
5.2922 2.89817 -8.01717 -5.29899 
4.81854 2.71243 -7.33291 -4.81035 
4.81854 2.71243 -7.33291 -4.91697 
5.0804 2.28948 -7.44765 -5.9405 
4.60744 2.10379 -6.79572 -5.35837 
4.52892 1.90235 -6.58749 -5.54454 
4.52892 1.90235 -6.58749 -5.72302 
4.76935 1.48677 -6.62861 -6.63626 
4.76935 1.48677 -6.62861 -6.63626 
4.29448 1.3178 -6.00809 -6.80639 
4.52418 0.981429 -5.65005 -6.10329 
4.52418 0.981429 -5.65005 -6.19738 
4.34536 0.719742 -5.64079 -7.1921 
3.88723 0.618266 -5.05745 -6.4313 
3.88723 0.618266 -5.05745 -6.62328 
4.08799 0.408592 -4.90373 -7.73506 
3.65406 0.338619 -4.38045 -6.8991 
3.59208 0.274875 -3.84834 -6.11132 
3.54186 0.198529 -3.96826 -7.26418 
3.54186 0.198529 -3.96826 -7.26418 
3.81893 0.0773176 -3.64546 -7.59474 
3.81893 0.0773176 -3.64546 -7.59474 
3.32499 -0.0192909 -3.13183 -6.81181 
3.32499 -0.0192909 -3.29737 -7.9912 
3.32499 -0.0192909 -3.29737 -7.9912 
3.54532 -0.075685 -2.99128 -8.47996 
2.47971 -0.111494 -2.23016 -6.82506 
2.48235 -0.134177 -2.09111 -7.47766 
2.49739 -0.155697 -1.98148 -7.47766 
2.83461 -0.177398 -2.16848 -8.79656 
2.52915 -0.177398 -2.16848 -8.79656 
2.86741 -0.183578 -2.18424 -9.06571 
2.86741 -0.183578 -2.18424 -9.06571 
2.83258 -0.169643 -2.07254 -9.59722 
1.72091 -0.15055 -0.775199 -8.76654 
1.49354 -0.161682 -0.775199 -5.61819 
1.36179 -0.200469 -0.417115 -5.62721 
1.54362 -0.211071 -0.393894 -6.7884 
1.54362 -0.211071 -0.393894 -6.7884 
1.552 -0.191908 -0.51644 -6.89995 
1.552 -0.191908 -0.454188 -6.89995 
1.37709 -0.177834 -0.454188 -6.12776 
1.37709 -0.177834 -0.454188 -6.12776 
2.0518 -0.155683 -0.873126 -9.71236 
2.08629 -0.133669 -0.900674 -8.71617 
2.08629 -0.110545 -0.900674 -9.08131 
1.73156 -0.0916706 -1.04201 -9.47216 
1.73156 -0.0779414 -1.04201 -8.52196 
1.73156 -0.0779414 -1.04201 -8.52196 
2.04328 -0.0601518 -1.19191 -10.7458 
2.07434 -0.0484482 -1.27196 -11.0109 
1.72601 -0.0123772 -1.26286 -9.85824 
1.53999 -0.0122366 -1.26286 -9.85824 
1.36589 -0.0172993 -1.09989 -7.46639 
1.36589 -0.0172993 -1.09989 -7.46639 
0.980464 -0.0476315 -0.149231 -5.87972 
1.02832 -0.0639452 -0.0763624 -7.13683 
1.02832 -0.0639452 -0.0763624 -7.13683 
1.07758 -0.0696717 -0.161133 -9.38462 
1.34832 -0.0663619 -0.260687 -9.67672 
1.34832 -0.0663619 -0.260687 -9.67672 
1.43382 -0.051605 -0.431648 -8.62684 
1.45478 -0.0404803 -0.486907 -10.462 
0.938189 -0.0214353 -0.16104 -7.23602 
0.938189 -0.0214353 -0.16104 -7.23602 
0.822848 -0.0284367 -0.0580125 -6.50579 
0.994035 -0.0270425 -0.0247635 -7.31166 
0.994035 -0.0270425 -0.0247635 -7.31166 
0.994035 -0.0270425 -0.0247635 -7.31166 
0.994035 -0.0270425 -0.0247635 -7.31166 
0.994035 -0.0270425 -0.0247635 -7.31166 
0.994035 -0.0270425 -0.0247635 -7.31166 
0.71767 -0.0444849 0.0894701 -6.21628 
0.204627 -0.0765472 0.615542 -2.42803 
0.98857 -0.06043 0.490867 -9.14556 
1.12619 -0.00894139 0.0272864 -10.4617 
1.02243 0.00872031 -0.226126 -9.29765 
1.03024 0.0277631 -0.376588 -9.3501 
1.03024 0.0420327 -0.376588 -9.3501 
1.15821 0.0593878 -0.483781 -10.7381 
1.05785 0.0621314 -0.528097 -9.7269 
1.061 0.0687003 -0.550791 -9.8036 
1.15541 0.0800115 -0.553128 -10.9047 
1.04786 0.077159 -0.566561 -9.82981 
1.01507 0.077159 -0.537715 -9.72561 
1.057 0.0863678 -0.474829 -10.5832 
0.951304 0.0782226 -0.448941 -9.5247 
0.951304 0.0782226 -0.448941 -9.5247 
0.967859 0.0791681 -0.306569 -10.3202 
0.967859 0.0791681 -0.306569 -10.3202 
0.914001 0.0715291 -0.199036 -10.1395 
0.914001 0.0715291 -0.165881 -10.1395 
0.795225 0.0571972 -0.106058 -9.04663 
0.769417 0.0530525 -0.0379797 -8.97373 
0.728084 0.0487633 -0.0379797 -8.03197 
0.691371 0.0446138 0.122565 -8.70049 
0.508448 0.0176193 0.231582 -7.72444 
0.489153 0.0141483 0.341918 -6.90956 
0.473371 0.0141483 0.341918 -6.94524 
0.459656 0.00968945 0.447786 -6.98104 
0.448166 0.00892113 0.47334 -7.00998 
0.437972 0.00870214 0.482467 -7.03229 
0.49671 0.198527 0.689453 -6.98878 
0.550701 0.281192 0.79107 -7.52428 
0.550701 0.281192 0.79107 -7.52428 
0.584766 0.279745 0.840712 -7.11646 
0.534175 0.210894 0.778171 -5.61871 
0.534175 0.210894 0.778171 -5.61871 
0.534175 0.210894 0.778171 -5.61871 
0.555561 0.184326 0.858328 -6.7885 
0.504086 0.16322 0.790228 -6.09563 
0.481308 0.14654 0.756023 -6.0364 
0.481549 0.139552 0.758918 -6.5861 
0.430893 0.139552 0.758918 -6.5861 
0.382283 0.11363 0.684976 -5.61453 
0.382283 0.11363 0.684976 -5.61453 
0.347239 0.103432 0.652988 -5.04189 
0.319514 0.101539 0.652988 -5.04189 
0.319514 0.101539 0.652988 -5.04189 
0.236126 0.0848352 0.693429 -4.90585 
0.236126 0.0848352 0.693429 -4.90585 
0.236126 0.0848535 0.681603 -4.88419 
0.222211 0.0898211 0.727183 -5.74431 
0.190115 0.0817116 0.633091 -5.16634 
0.190115 0.0817116 0.633091 -5.16634 
0.137036 0.0679539 0.598228 -5.05461 
0.117281 0.0579131 0.537924 -4.53428 
0.0989543 0.0541786 0.531763 -4.37922 
0.0989543 0.0541786 0.531763 -4.37922 
0.0673102 0.0541068 0.574992 -4.46281 
0.0673102 0.0541068 0.574992 -4.46281 
0.0434474 0.0495234 0.564008 -4.22993 
0.0355541 0.0424181 0.515637 -3.79224 
0.0275671 0.0407649 0.515637 -3.79224 
0.0275671 0.0407649 0.512767 -3.70578 
0.0133259 0.0386874 0.511781 -3.52777 
-0.010974 0.0290807 0.471922 -2.86178 
-0.0107443 0.0163021 0.406512 -1.43147 
-0.326717 0.561283 0.432099 -1.7026 
-0.972248 1.71808 0.431427 -1.65046 
-0.972248 1.71808 0.431427 -1.65046 
-0.972248 2.05405 0.431427 -1.4967 
-1.36592 2.39055 0.472977 -1.99141 
-1.56054 2.70414 0.45069 -1.93738 
-1.73702 2.70414 0.388049 -1.93738 
-1.93676 3.28524 0.398912 -1.8099 
-2.25984 3.79615 0.299095 -1.47233 
-2.25984 3.79615 0.299095 -1.47233 
-2.25984 3.79615 0.261546 -1.47233 
-2.58436 4.45326 0.264778 -1.58024 
-2.74976 4.45326 0.336379 -1.58024 
-2.74976 4.63417 0.29686 -1.58024 
-2.87932 4.63417 0.29686 -1.44106 
-3.03009 4.80418 0.323952 -1.54911 
-3.17439 5.08561 0.31453 -1.44324 
-3.27963 5.08561 0.290561 -1.44324 
-3.48727 5.41041 0.318229 -1.16211 
-3.58669 5.5658 0.344336 -1.0558 
-3.58669 5.5658 0.344336 -1.0558 
-3.62521 5.6181 0.32915 -0.952901 
-3.62521 5.68643 0.32915 -0.931164 
-3.65455 5.69868 0.334707 -0.840201 
-3.63153 5.69868 0.334235 -0.840201 
-3.63153 5.69531 0.334235 -0.810805 
-3.60409 5.65644 0.327482 -0.725929 
-3.60409 5.61727 0.327482 -0.663468 
-3.51247 5.56964 0.318422 -0.599921 
-3.46436 5.51236 0.316878 -0.560641 
-3.41 5.44591 0.315738 -0.517512 
-3.41 5.37072 0.314504 -0.478264 
-3.30044 5.28715 0.312602 -0.442368 
-3.21333 5.19541 0.311149 -0.409577 
-3.15409 5.09863 0.309096 -0.3801 
-3.15409 4.98925 0.301639 -0.352216 
-2.98786 4.87875 0.298987 -0.309555 
-2.88279 4.76071 0.293635 -0.264116 
-2.68994 4.50514 0.2527 -0.19921 
-2.68994 4.50514 0.2527 -0.181596 
-2.58081 4.36971 0.229181 -0.181596 
-2.51091 4.23319 0.256592 -0.11515 
-2.41474 4.08905 0.247824 -0.0868801 
-2.32831 3.94415 0.260837 -0.0455411 
-2.32831 3.94415 0.260837 -0.0455411 
-2.2143 3.79557 0.245583 -0.00191779 
-2.02701 3.48952 0.229959 0.0213674 
-2.02701 3.48952 0.229959 0.0213674 
-1.91446 3.33384 0.229959 0.0213674 
-1.71353 3.0214 0.189418 0.0545593 
-1.71353 3.0214 0.189418 0.0545593 
-1.53271 2.70474 0.177494 0.109372 
-1.43908 2.54677 0.170407 0.120589 
-1.3379 2.3899 0.154599 0.106305 
-1.3379 2.3899 0.14859 0.115509 
-1.1717 2.08072 0.14955 0.139262 
-1.1717 2.08072 0.14955 0.139262 
-1.00132 1.77745 0.127827 0.127443 
-0.836725 1.48408 0.100433 0.099143 
-0.759961 1.34231 0.100433 0.099143 
-0.759961 1.34231 0.0885884 0.0865297 
-0.69574 1.20527 0.0874919 0.0927445 
-0.69574 1.20527 0.0874919 0.0927445 
-0.578736 0.965031 0.0838867 0.0965785 
-0.578736 0.864061 0.0811931 0.0941287 
-0.464423 0.774579 0.0744414 0.0941287 
-0.418304 0.774579 0.074742 0.0834116 
-0.368646 0.624276 0.0681405 0.0393751 
-0.322703 0.560667 0.0614533 0.00847351 
-0.322703 0.503569 0.0614533 0.00847351 
-0.238969 0.453027 0.0486137 -0.0713808 
-0.203876 0.407671 0.0425982 -0.0928056 
-0.203876 0.407671 0.0425982 -0.0928056 
-0.17493 0.330984 0.0328339 -0.128031 
-0.118347 0.29856 0.0292805 -0.142777 
-0.101018 0.269288 0.0269013 -0.130065 
-0.0834816 0.242965 0.0286861 -0.115999 
-0.0853134 0.219046 0.0424586 -0.0396528 
-0.0583377 0.177234 0.0465302 -0.0301467 
-0.0455414 0.143239 0.0566192 0.0394568 
-0.0455414 0.143239 0.0566192 0.0394568 
-0.0535863 0.115455 0.0801929 0.0376728 
-0.0449693 0.10325 0.0801929 0.0913323 
-0.0449693 0.10325 0.081353 0.0913323 
-0.0453203 0.092267 0.0816507 0.0821535 
-0.0467976 0.0737485 0.100739 0.156489 
-0.0467976 0.0737485 0.100739 0.156489 
