0 0 0 0 
1.1977 6.07907 -0.723924 5.35722 
1.18826 6.0398 -0.731449 5.31867 
1.18826 6.0398 -0.731449 5.31867 
1.26467 6.13176 -0.572845 6.00856 
1.266 6.13176 -0.555977 6.01393 
1.266 6.1465 -0.555977 6.01393 
1.26295 6.17288 -0.517603 5.97777 
1.26295 6.17288 -0.504697 5.96618 
1.26295 6.17288 -0.504697 5.96618 
1.26669 6.17178 -0.504697 5.96618 
1.27541 6.17364 -0.471802 5.92837 
1.20147 6.04196 -0.490957 5.71487 
1.19701 6.12867 -0.492123 5.70661 
1.19701 6.10753 -0.500476 5.70661 
1.19701 6.10753 -0.500476 5.70661 
1.18698 6.08867 -0.510899 5.68854 
1.18242 6.06192 -0.512978 5.67375 
1.17362 6.03841 -0.534752 5.65678 
1.16702 6.02964 -0.541334 5.64878 
1.15959 6.02964 -0.547757 5.64034 
1.15959 6.02147 -0.547757 5.64034 
1.09467 5.94137 -0.59887 5.54155 
1.01943 5.8963 -0.643417 5.36704 
1.01943 5.88382 -0.643417 5.36704 
0.987864 5.85684 -0.660591 5.31944 
0.987864 5.85684 -0.660591 5.31944 
0.987864 5.85684 -0.660591 5.29931 
0.984629 5.86841 -0.65818 5.30922 
0.974142 5.85734 -0.663493 5.30436 
0.974142 5.85734 -0.668229 5.30436 
0.966867 5.85732 -0.665116 5.29648 
0.889153 5.79493 -0.691806 5.14444 
0.880332 5.84071 -0.689414 5.12102 
0.880332 5.84071 -0.689414 5.12102 
0.87216 5.83578 -0.692154 5.10758 
0.860196 5.84774 -0.692476 5.1027 
0.858279 5.8571 -0.691524 5.10753 
0.856529 5.86523 -0.68982 5.11195 
0.856529 5.87403 -0.68783 5.11696 
0.850246 5.89179 -0.684545 5.12812 
0.855389 5.89179 -0.684545 5.12812 
0.787965 5.87476 -0.701679 5.03468 
0.787965 5.87476 -0.701679 5.03468 
0.795108 5.94688 -0.702039 5.05691 
0.80408 5.97385 -0.688326 5.08701 
0.807163 5.97385 -0.688326 5.08701 
0.807163 5.98659 -0.685364 5.09973 
0.810023 6.01131 -0.681894 5.11143 
0.81183 6.01131 -0.681894 5.12742 
0.824801 6.0433 -0.677233 5.17247 
0.824847 6.0433 -0.679675 5.16957 
0.855619 5.95408 -0.697787 5.16345 
0.855619 5.95408 -0.697787 5.16345 
0.878184 6.00927 -0.69473 5.18599 
0.878184 6.00927 -0.691426 5.20355 
0.881583 6.00195 -0.692641 5.20316 
0.881583 6.00195 -0.692641 5.20316 
0.902899 6.06162 -0.681878 5.27876 
0.907315 6.06162 -0.682091 5.27588 
0.907315 6.06162 -0.682091 5.27588 
0.925044 6.06216 -0.681322 5.31303 
0.981119 5.96874 -0.690018 5.32147 
1.01016 5.96159 -0.690512 5.46156 
1.01016 6.12461 -0.67098 5.46156 
1.01016 6.12461 -0.67098 5.46156 
1.02833 6.13725 -0.662713 5.4893 
1.03455 6.1465 -0.660166 5.5041 
1.03455 6.1465 -0.660166 5.49964 
1.051 6.12517 -0.664818 5.52538 
1.051 6.12517 -0.664818 5.52538 
1.0716 6.08675 -0.661849 5.51096 
1.1215 5.9335 -0.662028 5.47614 
1.12753 5.97251 -0.671887 5.47548 
1.1278 5.96058 -0.67378 5.46696 
1.12643 5.97957 -0.670391 5.47855 
1.12643 5.97957 -0.67185 5.46928 
1.12643 5.97957 -0.67185 5.46928 
1.12595 6.00814 -0.67185 5.46928 
1.12796 6.04336 -0.660673 5.52939 
1.12796 6.04336 -0.660673 5.52939 
1.12895 6.06656 -0.655914 5.54628 
1.10296 5.92708 -0.674501 5.39784 
1.10296 5.92708 -0.674501 5.39784 
1.11982 6.13142 -0.64571 5.57351 
1.11834 6.12856 -0.647274 5.56594 
1.11462 6.12856 -0.647566 5.56594 
1.11462 6.12856 -0.647566 5.56594 
1.11032 6.14891 -0.645831 5.55538 
1.11042 6.1548 -0.644667 5.58009 
1.11042 6.1548 -0.644667 5.58009 
1.1067 6.19677 -0.638398 5.58533 
1.06213 5.91214 -0.68184 5.32379 
1.06213 5.89921 -0.68184 5.30685 
1.05632 5.89921 -0.685208 5.30685 
1.06362 6.10088 -0.657611 5.47857 
1.06103 6.10088 -0.660063 5.45812 
1.06103 6.08002 -0.660063 5.45812 
1.04133 6.03956 -0.670597 5.40361 
1.04133 6.03956 -0.670597 5.40361 
1.04133 6.03956 -0.670597 5.40361 
1.0337 6.02787 -0.669758 5.38489 
0.940531 5.87371 -0.724326 5.1673 
0.92068 5.8417 -0.72662 5.12406 
0.92068 5.8417 -0.72662 5.12406 
0.908962 5.94645 -0.726039 5.21981 
0.902196 5.95802 -0.72787 5.20782 
0.901624 5.94004 -0.727279 5.19162 
0.898603 5.94004 -0.727279 5.19162 
0.895746 5.99978 -0.719465 5.20642 
0.896455 5.97935 -0.721678 5.21345 
0.896455 5.97935 -0.721678 5.21345 
0.850344 5.8182 -0.753613 5.0367 
0.834337 5.84442 -0.753077 5.05983 
0.834337 5.84442 -0.753077 5.05983 
0.834337 5.84442 -0.753077 5.05983 
0.83118 5.93376 -0.751538 5.11782 
0.834232 5.92363 -0.7346 5.10897 
0.833248 5.95124 -0.730451 5.12793 
0.833383 6.00828 -0.725424 5.14531 
0.836109 6.00828 -0.725424 5.16271 
0.83493 6.05542 -0.711281 5.20312 
0.857941 5.92973 -0.724089 5.13377 
0.857941 5.92973 -0.724089 5.13377 
0.871334 6.02936 -0.724089 5.13377 
0.879658 6.07984 -0.696732 5.31219 
0.879658 6.07984 -0.696732 5.29822 
0.896244 6.09981 -0.673246 5.36029 
0.896244 6.1259 -0.673246 5.35432 
0.900693 6.1259 -0.674322 5.35432 
0.905296 6.14492 -0.6697 5.37292 
0.913187 6.14492 -0.657673 5.37292 
0.982666 5.94441 -0.683065 5.31364 
1.00037 6.07012 -0.661705 5.48578 
1.01315 6.07623 -0.648372 5.49089 
1.02619 6.11946 -0.641025 5.49089 
1.03156 6.09661 -0.635314 5.51844 
1.03156 6.09661 -0.629181 5.53103 
1.05113 6.14803 -0.614706 5.56706 
1.05643 6.12147 -0.614706 5.56706 
1.06724 6.16089 -0.604439 5.58868 
1.06724 6.16089 -0.607848 5.57315 
1.08185 5.86608 -0.661268 5.40676 
1.07976 5.84948 -0.636327 5.60762 
1.07976 6.02315 -0.633771 5.57951 
1.07174 6.02621 -0.634832 5.57581 
1.07968 6.03219 -0.627223 5.58283 
1.08867 6.03573 -0.630144 5.56319 
1.0975 6.03883 -0.612807 5.59424 
1.10544 6.04126 -0.605111 5.59727 
1.11264 6.043 -0.599136 5.60085 
1.11264 6.043 -0.599136 5.60085 
1.02402 5.85692 -0.679325 5.40772 
0.96927 5.81377 -0.687857 5.37286 
0.973763 5.82617 -0.687857 5.37737 
0.978527 5.82617 -0.653813 5.40605 
0.983159 5.85029 -0.656698 5.38349 
0.988129 5.8609 -0.648488 5.38933 
1.00771 5.89413 -0.626715 5.41965 
0.998291 5.87689 -0.632918 5.39841 
1.01652 5.90948 -0.614121 5.43038 
1.00865 5.89123 -0.622571 5.41605 
0.78314 5.75196 -0.724064 5.0871 
0.78314 5.75196 -0.724064 5.0871 
0.813831 5.77177 -0.674678 5.17394 
0.813831 5.77177 -0.674678 5.17394 
0.835854 5.80295 -0.644723 5.1948 
0.822957 5.80057 -0.644723 5.17905 
0.8323 5.8154 -0.637571 5.17905 
0.841511 5.82978 -0.626666 5.20395 
0.849961 5.84352 -0.616603 5.21679 
0.835279 5.84005 -0.625099 5.20432 
0.676944 5.85219 -0.695213 5.08347 
0.676944 5.85219 -0.695213 5.07239 
0.714461 5.89192 -0.649223 5.22425 
0.714461 5.89192 -0.646012 5.20476 
0.760576 5.90455 -0.607323 5.24648 
0.802979 5.91537 -0.575989 5.27777 
0.802979 5.91537 -0.575989 5.27777 
0.809159 5.91395 -0.582965 5.2662 
0.773924 5.90568 -0.580001 5.29235 
0.773924 5.90568 -0.580001 5.29235 
0.663619 5.87972 -0.665674 5.16097 
0.681236 5.96887 -0.620857 5.3764 
0.681236 5.96887 -0.620857 5.3764 
0.681236 5.96887 -0.620857 5.3764 
0.681236 5.96887 -0.620857 5.3764 
0.749426 5.94325 -0.614622 5.33447 
0.844368 5.91796 -0.524958 5.41451 
0.908165 5.90312 -0.510452 5.43153 
0.908165 5.89035 -0.510452 5.43153 
0.982522 5.87063 -0.461208 5.49269 
0.776306 5.83312 -0.611094 5.37056 
0.761588 5.83363 -0.616705 5.35716 
0.761588 6.33842 -0.616705 5.35716 
1.04874 6.25874 -0.406146 6.04921 
1.04874 6.25874 -0.406146 6.04921 
1.12976 6.25667 -0.375953 6.06708 
1.10589 6.18079 -0.390829 6.04439 
1.14898 6.13472 -0.376872 6.04653 
1.1882 6.09206 -0.363672 6.04753 
1.28536 6.02499 -0.352059 6.04766 
0.834003 5.87071 -0.564058 5.5688 
0.812213 5.85558 -0.570498 5.5688 
1.09368 6.5216 -0.338749 6.52214 
1.09368 6.5216 -0.338749 6.52214 
1.15163 6.42864 -0.35172 6.52214 
1.15163 6.42864 -0.35172 6.52214 
1.20537 6.34061 -0.299895 6.52214 
1.33471 6.2532 -0.281801 6.52214 
1.39836 6.06146 -0.228865 6.35089 
1.39836 6.06146 -0.228865 6.35089 
0.602531 5.63163 -0.607811 5.37036 
0.471061 4.2692 -0.741612 4.13633 
0.278399 4.45342 -0.784251 4.06279 
0.213962 4.5014 -0.784251 4.06279 
0.189984 4.54215 -0.77318 4.06208 
0.138651 4.5917 -0.787573 4.05415 
0.215386 4.57169 -0.744796 4.09952 
0.215386 4.57169 -0.744796 4.09952 
0.215386 4.57169 -0.744796 4.09952 
0.215386 4.57169 -0.744796 4.09952 
-0.497296 5.85709 -0.779035 4.32913 
-0.533784 5.85709 -0.779035 4.3377 
-0.348714 5.98106 -0.626768 4.70404 
-0.263304 5.9424 -0.58652 4.74293 
-0.263304 5.9424 -0.58652 4.74293 
-0.178665 5.90213 -0.5497 4.78379 
0.116037 5.70162 -0.444213 4.89475 
0.0614525 5.78199 -0.454581 4.90873 
0.151073 5.72192 -0.428303 4.95381 
0.104286 5.72979 -0.441622 4.96913 
-0.195196 6.34545 -0.496451 5.18401 
0.205388 7.14112 -0.493829 5.18209 
0.205388 7.14112 -0.253465 6.43228 
0.166552 7.15376 -0.253465 6.43228 
0.166552 7.15376 -0.253465 6.43228 
0.467676 7.14392 -0.253465 6.43228 
0.740029 6.81736 -0.108958 6.44572 
0.856221 6.38273 -0.0850459 6.46162 
0.984742 6.21915 -0.0634428 6.46162 
0.984742 6.21915 -0.0634428 6.46162 
0.888036 5.86107 -0.204791 6.20692 
0.403062 5.07918 -0.408304 5.23775 
0.403062 5.07918 -0.408304 5.23775 
0.301423 5.07918 -0.414209 5.23775 
0.61885 4.82275 -0.355885 5.25195 
0.61885 4.82275 -0.329653 5.25195 
0.714639 4.72492 -0.329653 5.27064 
0.714639 4.72492 -0.329653 5.27064 
1.30185 4.60626 -0.216353 5.29306 
1.31066 4.09802 -0.211251 5.42194 
0.774561 4.68807 -0.356484 5.43977 
0.811493 4.88632 -0.411647 5.40429 
0.628042 4.88632 -0.306078 5.695 
0.759357 4.85814 -0.306078 5.6723 
1.08939 4.48671 -0.229493 5.78628 
0.95211 4.66119 -0.241142 5.77755 
1.07473 4.42408 -0.205743 5.81188 
1.17304 4.42408 -0.205743 5.84497 
1.24214 4.35921 -0.191576 5.87864 
0.968384 4.5963 -0.210679 5.94558 
-0.706704 6.72534 -0.259305 5.61715 
-0.706704 6.72534 -0.259305 5.58251 
-0.205522 5.90357 -0.188257 5.56765 
-0.339645 6.05494 -0.174561 5.5834 
-0.164072 5.8157 -0.179591 5.55082 
-0.0128911 5.61394 -0.149207 5.61872 
-0.0128911 5.61394 -0.149207 5.61872 
0.27255 5.23072 -0.123875 5.67386 
0.411061 5.04688 -0.111873 5.67386 
0.544136 4.87066 -0.100637 5.69485 
-1.11529 6.58809 -0.178126 5.2359 
-0.825066 5.77045 -0.16726 5.02451 
-0.825066 5.77045 -0.164178 5.02451 
-0.632925 5.49887 -0.167784 4.98988 
-0.445971 5.23081 -0.172018 5.08068 
-0.445971 5.23081 -0.172018 5.08068 
0.226945 4.33618 -0.164692 5.19799 
0.0723422 4.5277 -0.164692 5.19799 
0.579144 3.87293 -0.155573 5.26996 
0.415141 3.87293 -0.155573 5.24644 
-0.319502 5.55483 -0.0966784 5.13114 
-0.995574 5.11645 -0.0848974 5.13114 
-0.995574 4.89024 -0.0979247 4.48767 
-0.995574 4.64179 -0.0874923 4.48767 
-0.222021 4.16439 -0.114258 4.6429 
-0.222021 4.16439 -0.119303 4.70465 
-0.222021 4.16439 -0.119303 4.70465 
0.109444 3.85547 -0.10468 4.9293 
0.109444 3.85547 -0.10468 4.9293 
0.602535 3.85547 -0.10468 5.09824 
0.386515 3.57506 -0.121985 5.10053 
0.386515 3.57506 -0.121985 5.10053 
0.777621 3.47692 -0.023794 5.57942 
0.550617 3.83358 -0.00164268 5.59232 
0.274664 4.48152 0.106717 5.76987 
0.0504756 4.82525 0.136964 5.76677 
0.0504756 4.82525 0.136964 5.76677 
0.825173 3.84321 0.0609472 6.02813 
0.825173 3.84321 0.102815 6.02813 
0.554732 4.25131 0.102815 6.01132 
-0.900086 6.53023 0.376151 6.05668 
-0.900086 6.53023 0.376151 6.05668 
-0.379133 4.99626 0.178524 5.60119 
-0.379133 4.99626 0.178524 5.58949 
-0.379133 4.99626 0.178524 5.58949 
0.275205 4.08854 -0.000281564 5.89364 
-0.00890183 4.08854 -0.000281564 5.83746 
-0.00890183 4.49749 0.0638852 5.83746 
-0.00890183 3.56073 -0.0500387 5.83746 
0.846842 3.16087 -0.0713831 6.11384 
-1.04376 6.287 0.488176 5.87181 
-1.04376 6.287 0.488176 5.87181 
-1.26222 6.287 0.498779 6.06107 
-0.646625 5.89018 0.37409 6.26044 
-0.646625 5.89018 0.37409 6.30345 
0.107916 5.11022 0.144828 6.4657 
0.107916 4.77859 0.144828 6.4657 
-0.150018 5.13569 0.215494 6.40008 
0.624323 4.05699 0.156929 6.48567 
0.783563 4.05699 0.110411 6.55567 
-1.91726 7.34105 0.74353 6.04418 
-1.91726 7.34105 0.74353 6.04418 
-1.2592 4.82107 0.145952 4.79209 
-1.2592 4.82107 0.145952 4.79209 
-1.2592 4.82107 0.145952 4.79209 
-2.77318 6.50872 -0.146877 5.06304 
-2.77318 6.50872 -0.146877 5.06304 
-1.68081 4.93097 -0.156717 5.06575 
-1.39781 4.53609 -0.238688 5.16359 
-1.09414 4.13257 -0.303722 5.25642 
-1.57685 5.37574 0.249889 4.99432 
-1.71968 5.77735 0.233956 5.13499 
-1.71968 5.77735 0.233956 5.13499 
-1.04138 4.78218 -0.00851068 5.44569 
-1.04138 4.78218 -0.00851068 5.44569 
-0.405659 3.89028 -0.265355 5.70056 
-0.405659 3.89028 -0.265355 5.70056 
0.247773 3.04951 -0.45113 5.9324 
-0.0669063 3.04951 -0.45113 5.9324 
0.886404 2.29463 -0.564568 6.13494 
-1.37739 5.91351 0.785423 5.35121 
-1.37739 5.91351 0.785423 5.35121 
-1.30395 5.77454 0.482265 5.14845 
-1.03791 5.33373 0.482265 5.31465 
-0.760672 4.89537 0.0731283 5.4826 
-0.393685 4.32595 -0.233124 5.7892 
-0.701231 4.32595 -0.0702838 5.7892 
-0.325436 4.25977 -0.229663 5.82792 
-0.325436 3.86888 -0.357311 5.96446 
0.543732 3.15972 -0.462622 6.08733 
-3.16179 8.07267 1.08627 5.03328 
-2.40896 7.50541 0.566097 5.23666 
-2.40896 7.50541 0.566097 5.23666 
-1.51902 6.13747 0.28485 5.41949 
-1.89629 6.53437 0.00026791 5.61218 
-1.89629 6.53437 0.00026791 5.61218 
-0.768475 4.91376 -0.618113 6.08107 
-0.768475 4.91376 -0.618113 6.08107 
-0.768475 4.91376 -0.618113 6.08107 
0.62146 3.05463 -1.27873 6.63811 
-2.00492 6.89551 0.878654 4.98658 
-2.00492 6.89551 0.878654 4.98658 
-3.31452 7.513 0.210492 3.9659 
-2.4753 6.14582 -0.523932 4.47195 
-2.79809 6.47334 -0.423197 4.33501 
-1.78733 5.37944 -0.747141 4.58255 
-1.78733 5.37944 -0.747141 4.58255 
-1.01929 3.98137 -1.63032 5.26773 
-1.26024 4.36737 -1.36566 5.05793 
-0.203404 3.02536 -1.92989 5.54478 
-1.16871 5.2067 -0.0798097 4.37211 
-1.3364 5.47599 -0.0798097 4.37211 
-1.3364 5.47599 -0.0798097 4.37211 
-0.682055 3.37169 -0.529588 4.27703 
-0.486435 3.37169 -0.741747 4.44614 
0.27136 2.01801 -1.31715 4.94775 
0.27136 2.62557 -1.31715 4.94775 
0.625998 1.7372 -1.54871 5.25544 
0.625998 1.7372 -1.54871 5.25544 
0.926987 1.59486 -1.70701 5.52926 
-0.576975 4.90681 0.698695 4.32959 
-0.846674 5.31101 0.896787 4.23222 
-0.846674 4.32245 0.896787 4.23222 
-0.125215 4.24483 0.0262082 5.05949 
-0.117612 4.21058 -0.159203 5.26697 
-0.117612 4.69083 -0.159203 5.26697 
0.06087 4.0154 -0.527333 5.71546 
0.0662524 4.0276 -0.615794 5.83982 
0.0662524 4.01158 -0.615794 5.83982 
0.55328 3.44299 -0.784338 6.13052 
-1.30937 6.77117 1.0858 5.19029 
-0.887924 6.07098 0.849833 5.40644 
-1.30944 6.07098 0.849833 5.57796 
-1.29671 6.48382 0.474303 5.57796 
-1.29671 6.48382 0.474303 5.73802 
-1.45309 6.36416 0.216159 6.02216 
-1.74001 6.78866 0.113647 6.1488 
-1.81222 6.84106 0.0299628 6.2604 
-1.75494 6.60471 -0.0345839 6.35697 
-2.00182 7.02278 -0.0814951 6.43952 
-3.18854 8.97532 1.77203 5.22428 
-3.35708 9.1363 1.90437 4.92366 
-3.36931 8.78344 1.23054 5.62117 
-3.36931 8.78344 1.06823 5.69214 
-3.86246 9.0005 0.661035 6.04483 
-3.88716 9.08629 0.912134 5.8 
-4.1037 9.21431 0.812009 5.89354 
-4.1037 9.32403 0.74719 5.89354 
-4.64435 9.44683 0.397981 6.24676 
-4.57332 9.48133 0.716423 5.93804 
-4.21308 9.26369 1.93247 4.48599 
-4.26032 8.69085 1.29221 4.39527 
-4.26032 8.69085 1.29221 4.19482 
-4.84823 8.93502 1.0666 4.52827 
-4.58177 8.65912 1.24963 4.35227 
-4.58177 8.65912 1.24963 4.35227 
-5.09171 8.81569 1.41653 4.42576 
-5.09171 8.81569 1.41653 4.42576 
-0.715245 2.60594 -0.439767 3.85008 
-1.74243 3.43232 -0.491903 3.85008 
-0.62212 2.8068 -0.355609 4.02019 
-1.57112 3.936 -0.560898 4.63591 
-1.57112 3.936 -0.560898 4.57516 
-2.76599 5.31867 -0.434347 4.80532 
-2.37215 5.06325 -0.317238 4.75496 
-3.22238 6.09368 -0.144183 4.78221 
-3.94153 6.99717 0.0338745 4.8016 
-4.60026 7.8385 0.216117 4.8016 
-6.27555 9.74277 0.471972 4.87294 
-5.67596 9.2702 0.585776 4.79759 
-2.97265 7.10857 0.955428 4.4526 
-3.63961 8.12651 0.955428 4.80249 
-5.17616 9.76247 1.17396 4.90314 
-4.44789 9.03074 1.16258 4.87932 
-5.42928 10.3156 1.40458 4.81348 
-6.22806 11.4005 1.62506 4.76172 
-6.95276 12.3883 1.83233 4.70713 
-6.05632 11.3398 1.66011 4.56875 
-6.05632 10.5733 1.66011 4.56875 
-5.5019 10.5759 1.49639 4.5624 
-3.09332 7.21835 0.795201 4.48861 
-4.69699 8.97588 1.044 4.31562 
-3.68531 7.73501 0.886625 4.35014 
-5.244 8.61666 1.01679 4.21352 
-5.244 9.80926 1.23771 4.21352 
-5.94697 11.9891 1.68842 4.23642 
-6.61988 11.9891 1.68842 4.00903 
-7.30864 13.0227 1.84926 3.94473 
-7.9863 14.0037 1.9978 3.86364 
-10.1852 17.1294 2.0537 3.76893 
-2.80594 5.67508 -0.0732253 3.75403 
-2.80594 4.51572 -0.0732253 3.75403 
-3.70285 6.01126 0.175473 3.63753 
-2.99263 6.01126 0.175473 3.6321 
-3.90057 7.58138 0.175473 3.48233 
-6.08657 7.58138 0.477101 3.48233 
-3.52221 8.47791 0.385369 3.32357 
-3.52221 7.2876 0.385369 3.32357 
-3.52221 7.2876 0.385369 3.32357 
-9.07039 16.8303 2.15206 2.7714 
-5.22736 11.3741 0.359849 3.10916 
-7.55007 13.781 1.0587 2.84506 
-6.26234 11.6163 0.630902 2.96934 
-8.51881 15.7888 1.39996 2.66812 
-7.27589 13.5697 0.897504 2.80269 
-7.27589 13.5697 0.897504 2.80269 
-2.26099 4.21916 0.897504 2.80269 
-2.26099 4.21916 -1.79939 2.84865 
0.0893038 1.63976 -2.58229 2.5772 
1.37009 -0.817663 -1.23359 2.02737 
1.97718 -2.43216 -1.24482 2.13215 
1.97718 -2.43216 -1.24482 2.13215 
-2.12272 6.11823 0.514548 1.70206 
-0.336539 2.45564 0.20566 1.90234 
-0.336539 2.45564 0.20566 1.90234 
-0.385372 2.88319 1.46079 1.62817 
-0.426514 3.07683 1.94493 1.57257 
-0.434148 3.01103 1.94493 1.57257 
-4.74985 14.6425 3.36342 1.18629 
-3.83099 13.3261 1.99509 1.56055 
-0.333134 4.23946 -1.69172 3.34935 
-1.73532 8.47619 -0.472229 3.11309 
-0.638179 6.16458 -0.472229 3.45399 
-2.79327 12.3458 0.651636 2.95979 
-2.79327 12.3458 -0.072851 3.33482 
-2.60243 16.7327 -0.728182 3.56852 
-2.93086 12.2931 0.286056 2.95237 
-3.1789 14.6248 0.758445 3.25102 
-3.1789 14.6248 0.758445 3.25102 
-3.7114 18.1216 1.11625 3.2258 
-1.30902 7.56707 -3.34168 4.7138 
-1.30902 7.56707 -3.34168 4.7138 
-3.48504 15.3915 -0.777254 3.85445 
-3.48504 12.2562 -0.777254 3.85445 
-2.29445 12.1312 -1.27092 4.32559 
-1.7052 12.1312 -0.931754 4.32559 
-1.17648 8.57216 -0.685565 3.46956 
-0.638466 6.82423 -0.409359 3.46956 
-0.638466 6.82423 -0.409359 3.28075 
0.874959 1.67709 -0.847601 3.29433 
1.50864 -3.10097 -2.9041 3.93505 
0.536993 1.31165 -1.52989 8.6008 
0.536993 1.31165 -1.52989 8.6008 
1.08079 0.378506 0.501332 7.50484 
1.4361 -0.999158 0.501332 7.73044 
1.75572 -0.0337871 2.44899 6.60772 
1.75572 -1.00559 1.88018 6.89149 
1.6971 -0.724353 2.73586 6.41153 
1.58135 -0.415196 2.73586 6.0731 
1.58135 -0.415196 2.73586 6.0731 
0.0297785 -1.59033 1.85733 6.50063 
-0.228642 0.0610415 1.54666 12.2496 
-0.228642 -0.157084 1.44978 12.2386 
-0.228642 -0.157084 1.44978 12.2386 
1.35688 0.406661 5.09116 10.5342 
1.2978 0.379661 4.74074 10.551 
1.51876 0.379661 4.74074 9.87847 
1.51876 0.200938 5.815 9.87847 
1.51876 0.479194 8.20543 9.87847 
2.26111 0.697287 9.81384 7.80147 
0.953253 -0.310081 5.30384 8.7467 
-0.201749 -0.366379 2.82988 8.7467 
-0.4068 -0.572697 2.39303 10.0437 
-0.256851 -0.355585 5.21546 4.03085 
-0.496782 -0.492444 3.68235 4.5952 
0.58513 -0.960886 5.56783 3.39764 
0.58513 -0.960886 5.56783 3.39764 
0.338251 -0.657976 3.55416 3.10067 
0.531278 -0.555133 3.51771 3.77845 
0.531278 -0.555133 3.51771 3.77845 
0.752279 -0.0644694 1.74334 3.82771 
0.207164 -0.0644694 2.13611 3.82771 
0.416887 -0.142743 2.77462 1.39552 
1.92029 -0.76536 5.98909 -0.216178 
1.92029 -0.76536 5.98909 -0.216178 
0.224408 0.122212 0.35393 2.10113 
0.224408 0.122212 0.35393 2.10113 
2.17997 -1.74745 3.77002 -0.34325 
0.896479 -0.479916 0.576527 0.996145 
0.729641 -0.259086 0.576527 0.701398 
0.697165 -0.255416 0.449368 0.534959 
-0.138384 0.349438 -1.34945 1.36866 
-0.138384 -0.054443 -1.34945 1.36866 
1.04344 -0.807261 2.11771 -0.660475 
1.04344 -0.807261 2.11771 -0.660475 
-0.0296282 0.211911 -0.0694559 0.634473 
1.16354 -1.33922 1.42422 -0.685241 
1.16354 -1.33922 1.42422 -0.685241 
1.16354 -1.33922 1.42422 -0.685241 
1.16354 -1.33922 0.8236 -0.411944 
-1.2873 0.672966 -3.23489 1.16349 
0.0671516 -0.614099 -0.859756 0.387908 
0.0671516 -0.614099 -0.859756 0.387908 
-0.651844 0.22564 -1.99218 1.5853 
-0.651844 0.22564 1.23412 1.5853 
2.30304 -2.38398 4.13899 -0.932612 
0.600598 -0.171533 1.37361 0.914944 
0.5697 0.137982 1.24578 0.856177 
0.5697 0.0506086 1.25821 0.510371 
0.691167 0.0506086 1.25821 0.188994 
0.775676 -0.265215 1.19032 -0.001785 
-0.40917 0.874411 -1.15393 1.58553 
-0.40917 0.874411 1.7316 1.58553 
2.43718 -1.92497 1.71165 0.266568 
2.43718 0.21128 1.71165 0.390371 
2.43718 1.8963 -1.05429 2.95914 
-0.369806 -0.841849 -3.34713 5.90132 
0.552843 -0.115193 -3.34713 4.26172 
1.10191 -0.181971 3.69833 4.26172 
1.10191 -0.181971 3.69833 4.30841 
1.43065 -0.0452705 4.86059 4.45264 
0.0479115 0.952615 2.30358 4.45264 
3.22843 -1.41627 7.90436 2.91898 
3.22843 -1.41627 7.90436 2.91898 
2.71379 -0.328435 6.63506 3.54956 
2.71379 -0.328435 6.63506 3.54956 
2.51018 0.412737 5.65576 3.96588 
2.51018 0.412737 5.65576 3.96588 
2.56889 0.356018 5.08098 4.39373 
0.87075 1.01945 1.71366 6.10966 
-0.319361 1.11735 -0.392818 7.57412 
0.237743 1.16065 -1.8662 8.80041 
0.872588 -4.33848e-05 0.434998 8.33745 
1.22327 -4.33848e-05 2.40887 8.33745 
-1.54258 -4.33848e-05 0.750108 8.33745 
-2.27667 -4.33848e-05 0.750108 8.33745 
-2.27667 -0.0994581 -0.803846 8.33745 
0.127205 -0.0994581 5.07264 10.7876 
0.127205 -0.0994581 5.07264 10.7876 
-0.804133 -0.0330908 3.50866 10.8152 
1.5108 0.675621 5.23345 12.7597 
1.5108 0.675621 5.23345 12.7597 
0.214839 0.458922 2.44378 14.0284 
2.41651 0.458922 10.5488 10.8426 
4.00535 0.312396 13.7269 9.92458 
3.33432 0.889788 11.8485 10.3829 
3.33432 0.889788 11.8485 10.3829 
2.49229 1.12903 8.98837 10.5913 
0.591683 0.7978 3.93809 12.3926 
0.674905 0.553651 3.93809 12.2872 
0.838124 0.370828 3.94203 12.3087 
0.838124 0.370828 0.95833 12.3087 
-0.112787 0.315523 0.151442 14.7457 
-0.112787 0.308155 6.1116 12.965 
-0.112787 0.308155 6.1116 12.965 
-1.55261 -0.303404 3.07339 15.7859 
-0.46592 -0.59864 7.07991 14.0944 
-0.46592 -0.59864 7.07991 14.0944 
0.656844 -0.59864 7.07991 14.0944 
-0.411226 -1.00968 12.6748 13.7481 
-0.870242 -0.721814 10.2186 13.7481 
-0.870242 -0.685226 8.66512 13.9332 
-0.870242 -0.685226 8.66512 13.9332 
0.719596 -0.956485 13.9418 11.7246 
0.719596 -0.602715 13.9418 13.4203 
-1.96658 -1.14394 4.8106 13.5259 
-1.96658 -1.14394 4.8106 13.5259 
-2.776 -3.02357 9.86931 13.0445 
-2.776 -3.02357 9.86931 13.0445 
-3.83207 -2.98704 8.43394 13.6015 
-4.70585 -1.9397 2.21462 15.0008 
-4.70585 -1.18003 -2.65513 15.9944 
-3.40539 -3.23638 3.84202 14.6772 
-3.69019 -2.00944 4.82448 14.9523 
-3.47809 -2.95154 10.813 14.2315 
-3.90274 -2.95154 10.813 14.2315 
-4.26266 -3.30361 10.3103 14.9579 
-4.26266 -1.84592 3.35735 16.1382 
-4.50303 -3.44258 9.51202 15.3587 
-4.50303 -3.44258 9.51202 15.3587 
-2.46092 -2.25468 23.2957 2.00963 
-1.45952 -2.066 21.0926 0.843059 
-1.30721 -2.51019 23.5067 -0.0154148 
-1.18486 -2.83869 21.9133 -0.752947 
-1.18486 -2.79873 19.1657 -1.54043 
-1.70423 -2.71155 19.1657 -2.05884 
-1.70423 -2.71155 15.9885 -2.05884 
-3.40895 -4.19821 15.3884 -3.1521 
-3.3205 -1.72188 15.3884 -3.14048 
-3.89738 -3.22301 7.67043 -3.9476 
-3.23503 -0.859044 -8.88577 -3.93804 
-2.40386 -0.859044 -8.88577 -3.93804 
-1.92633 0.194398 0.842877 -6.41562 
-2.06119 -2.29059 0.842877 -6.41562 
-1.43102 -0.383665 -5.13103 -5.10569 
-2.08573 -2.38783 2.49141 -4.0739 
-2.44923 -2.24166 2.7825 -4.72065 
-2.44923 -2.24166 2.7825 -4.72065 
-2.89536 -1.58048 0.719084 -3.23525 
-2.89536 -1.58048 0.719084 -3.23525 
-2.71416 -1.54574 0.4244 -3.92394 
-2.71416 -1.4949 0.4244 -4.45084 
-2.10561 -1.2046 0.945503 -5.65799 
-1.81348 -1.2046 0.993258 -4.05276 
-1.55076 -1.04067 0.602199 -2.18038 
-1.55076 -1.04067 0.602199 -2.18038 
-1.51462 -2.42678 -0.511686 -3.04052 
-1.51462 0.32158 -1.13714 -3.04052 
-0.687882 -1.34961 3.6052 -0.906185 
3.01012 3.57652 -12.0405 -1.35843 
3.97721 4.40096 -14.9258 -3.67615 
4.7157 2.48127 -12.5227 -9.75057 
3.98307 1.16396 -7.09901 -7.29879 
3.98307 1.16396 -2.88896 -7.29879 
1.48735 -1.68244 0.229919 -1.0115 
1.35914 0.481963 0.229919 1.27444 
1.00994 0.679991 2.49629 2.96817 
0.812022 0.483783 3.08689 1.65159 
0.695685 0.483783 3.08689 1.45293 
0.594573 -0.022934 2.96211 1.84508 
0.484659 1.13571 -1.81896 2.33324 
0.84112 1.13571 -1.81896 1.1901 
0.822632 0.662544 -3.57317 -4.71363 
-0.0917614 -2.48784 1.84464 -1.65129 
0.201116 -0.427748 1.84464 0.236607 
-0.0570203 -0.69297 1.82182 1.74117 
0.343811 1.00776 0.736672 2.99213 
0.343811 1.00776 0.736672 2.99213 
1.0963 1.42341 -0.512875 3.35429 
1.42977 2.12311 -3.99121 3.35429 
1.54904 1.66929 -3.26721 3.35429 
1.57134 1.23828 -5.6638 3.35429 
1.57134 1.23828 -5.6638 3.35429 
1.10327 -0.675894 0.568397 3.35429 
1.11906 -0.675894 0.568397 3.35429 
0.918517 0.635134 2.65791 3.35429 
0.918517 1.48491 -1.07564 3.35429 
1.03623 1.44218 0.608909 -0.454942 
1.03623 1.44218 0.608909 -0.454942 
1.33501 1.55008 -3.23935 0.293373 
1.4722 1.72543 -6.97596 -3.49297 
1.48793 1.72872 -7.97871 -10.8251 
1.48793 1.44358 -8.58597 -10.8251 
1.48288 1.26416 -6.60447 -6.7794 
1.25882 1.04915 -3.08109 0.352201 
1.25882 1.04915 -3.08109 0.352201 
0.699589 0.841515 0.397388 -2.16727 
0.703458 0.737135 -0.180118 5.28929 
0.459708 0.737135 -0.180118 0.981017 
0.459708 0.842057 -0.680899 0.981017 
0.735278 1.02091 -14.3548 17.5924 
1.0261 1.02091 -16.269 18.0508 
1.07258 0.963229 -14.6061 22.8296 
1.07258 1.04894 -12.9002 22.8296 
0.734492 1.08349 -11.3376 22.4088 
0.734492 1.07751 -10.1322 27.4368 
0.70758 0.861811 -10.3884 26.9137 
0.70758 0.861811 -10.3884 26.9137 
-1.21653 0.573529 -10.19 30.3256 
-0.735 0.0891765 -9.77959 30.3256 
-0.735 0.0891765 -9.77959 24.4867 
-0.965496 0.0891765 -9.77959 24.4867 
-0.965496 0.0781444 -9.2253 22.0553 
-2.34086 0.462156 -9.82689 22.2117 
1.87391 0.0566307 4.46593 -0.086522 
1.26891 0.599802 4.46593 -0.086522 
-1.18001 1.38482 1.59493 0.314409 
-0.648443 0.730428 1.68074 -4.55495 
-1.83554 0.819208 -0.616151 -0.506811 
-1.83554 -0.0268553 -0.0278212 -3.83229 
-0.982284 -0.169095 -1.04975 -2.99039 
-1.04826 -0.148492 -5.36511 -1.90844 
-1.04826 -0.0664681 -5.36511 -1.57833 
-2.33383 0.362102 -5.52416 1.67165 
-2.33383 0.362102 -2.77605 1.67165 
-2.34392 0.26589 -2.16281 -2.78678 
-0.860596 -0.306807 -2.54811 -1.95371 
-1.10487 -0.149964 -3.10975 -1.16 
-1.35353 0.018082 -3.3478 -0.651792 
-0.0382557 -0.363458 -1.05927 -3.92168 
-0.184781 -0.0762653 0.153191 -0.776753 
0.468579 0.0432025 -6.59682 -1.49832 
-0.0024189 0.420127 -6.59682 -0.569413 
-0.316995 0.420127 -5.79273 -0.569413 
-1.98187 1.01472 -6.66644 -0.285263 
-0.260511 0.135085 -6.66644 -0.457346 
-0.597046 0.105688 -2.4959 -0.0815187 
-1.01221 0.174097 -2.21634 0.310759 
-3.09701 0.702619 -2.64971 0.576128 
-1.09666 -0.236975 -2.63198 0.667495 
0.454573 -0.695907 0.919002 -3.30553 
0.978475 -0.0644337 -2.38764 -2.2402 
0.366477 0.39043 -3.28084 0.418194 
1.6417 0.0865613 0.352015 -2.35352 
-0.87166 0.0865613 0.352015 -2.35352 
-0.87166 0.674261 -2.29063 3.107 
-1.12122 0.674261 -2.29063 3.107 
-3.59561 0.550396 -4.65839 6.18016 
-1.13987 0.550396 -4.65839 6.18016 
-1.13987 -0.524857 -10.0718 10.8744 
-1.10083 -0.453033 -6.38797 3.61693 
-1.10083 -0.453033 -6.38797 3.61693 
0.732964 0.118545 30.5107 36.6922 
-3.51533 0.545874 27.8516 28.3117 
-3.51533 0.545874 27.8516 20.4442 
-4.79151 -1.39272 15.0861 9.50726 
-4.83976 -2.11486 9.98795 2.34878 
-4.83976 -2.11486 9.98795 2.34878 
-6.43321 -1.84198 -3.86937 2.07331 
-3.09892 -2.37141 -1.69666 -5.91255 
2.10547 -0.842542 1.89349 -9.62624 
2.10547 -0.842542 1.89349 -9.62624 
1.75906 0.0258386 2.55904 -11.1681 
1.32783 0.575027 -5.96162 -1.86572 
1.32783 0.575027 -5.96162 -1.86572 
-3.47217 1.39657 -16.5961 0.590275 
-0.17595 0.176045 -10.1434 -3.21476 
0.106573 -0.0386846 -9.45431 -5.20556 
-2.36299 0.479168 -9.26343 -5.72768 
0.679304 -0.0969922 -9.25034 -5.40865 
0.745182 0.121209 -9.18881 -4.85292 
3.1552 0.0347858 -3.96049 -9.50162 
0.00898043 0.981121 -10.1665 -1.26585 
-0.138728 1.01813 -9.74287 -1.15538 
-0.0528066 0.820091 -8.65037 -2.21029 
0.0689931 0.35231 -7.06848 -3.18445 
2.67428 -0.075146 -1.19379 -8.49399 
3.27144 0.3303 -4.43306 -1.49463 
3.27144 0.170538 0.546643 -5.69857 
3.27144 0.170538 0.546643 -5.69857 
4.9622 0.912648 -9.57433 3.05324 
4.9622 0.344435 -3.2781 3.05324 
4.9622 -0.0562512 2.80456 -4.82868 
3.38696 -0.0562512 -4.95662 -4.82868 
3.38696 0.33739 -4.95662 3.40673 
-0.745709 -1.04299 4.96454 -11.7407 
-0.745709 -1.04299 4.96454 -11.7407 
-0.745709 -0.710615 7.57146 -10.893 
-3.4678 -0.168181 -11.4581 12.7016 
-0.933659 -0.203954 -11.4581 3.29409 
1.36217 -0.408632 3.26007 -7.01835 
0.59652 -0.32026 0.711865 -2.94962 
0.59652 -0.32026 0.711865 -2.94962 
2.05403 -0.272464 3.25848 -4.17702 
2.05403 -0.272464 3.25848 6.55942 
2.05403 -0.0809649 -6.13859 6.55942 
2.05403 -0.125053 -5.79081 4.61878 
2.05403 -0.125053 -5.79081 4.61878 
-2.95179 -0.46068 -4.97657 -11.2721 
-2.95179 -0.46068 -4.97657 -11.2721 
3.46577 0.233152 -1.64074 -8.46547 
3.46577 1.68846 -6.52834 -12.1931 
3.46577 5.66398 -10.2226 -9.70478 
3.46577 2.80095 -5.55227 -5.64047 
4.06935 -1.54343 -7.16247 -2.80799 
-36.6922 -4.81737 -7.75739 -2.40435 
-36.6922 -6.48165 -7.69306 -3.36282 
-36.6922 -6.48165 -7.69306 -3.36282 
-36.6922 -6.48165 -7.69306 -3.36282 
-36.6922 -4.4701 -19.6851 -6.12552 
-36.6922 0.428328 -30.4368 -13.6111 
-36.6922 0.428328 -29.2884 -13.6111 
-36.6922 0.89104 -30.9633 -12.6998 
-36.6922 0.698127 -30.9633 -9.25039 
-36.6922 0.53934 -33.6913 -8.06248 
-36.6922 0.47189 -33.4061 -8.63418 
-36.6922 0.301915 -32.5338 -9.86038 
-36.6922 -0.19693 -31.559 -10.8986 
-36.6922 -0.19693 -30.9413 -10.8098 
-36.6922 -0.46274 -28.474 -11.9108 
-36.6922 -0.421857 -17.9637 -11.6414 
-36.6922 -0.556831 -12.2053 -11.6414 
-36.6922 -0.854651 -11.8331 -11.3735 
-35.6713 -1.22298 -17.5044 -7.83231 
-33.8525 -1.33053 -21.2146 -7.80685 
-33.8525 -0.964742 -12.7066 -7.80685 
-31.369 14.4636 -16.3855 -12.1097 
-31.369 18.3588 -16.3855 -13.5704 
-24.9907 18.5833 -10.4984 -10.9344 
-22.0325 18.6777 -10.9916 -8.41252 
-22.0325 18.9331 -10.9916 -8.42106 
-17.1788 19.2653 -5.46211 -7.72648 
-17.1788 19.2653 -5.46211 -7.72648 
-9.84881 19.563 -14.3607 -4.47141 
-9.84881 19.563 -14.3607 -4.47141 
-4.02456 20.3661 -6.76092 -8.23005 
-4.02456 20.6821 -6.76092 -6.14231 
-2.08514 20.6821 -7.18488 -6.14231 
5.1346 21.434 -15.1598 6.43902 
5.1346 21.434 -15.1598 6.43902 
7.05144 23.0535 -9.7557 7.85919 
8.1599 23.4321 -5.05242 7.90006 
8.1599 23.4321 -5.05242 7.90006 
16.1088 23.2812 -12.2438 8.46937 
17.2043 23.283 -7.79139 8.42619 
19.5438 23.0682 -7.79139 8.54921 
21.7594 22.7714 -7.65665 8.57023 
21.7594 22.7714 -7.65665 8.57023 
24.2132 22.575 -6.61662 7.2931 
24.4108 22.5904 -6.30728 6.66129 
21.9717 22.6382 -2.96531 6.02217 
19.7579 22.0094 -0.259213 5.39141 
19.5552 21.4664 -0.259213 4.7709 
20.8496 20.8041 -4.46505 3.5362 
20.8496 20.8041 -4.46505 3.5362 
19.333 19.7551 -5.63662 2.19022 
16.6782 19.3341 -2.94993 2.18821 
15.9194 19.3341 -2.98737 2.18821 
15.2053 17.951 -3.03747 0.910526 
14.4812 17.2061 -3.06494 -0.425734 
11.1011 15.8259 -1.11441 -2.2201 
10.5304 15.8259 -1.98815 -2.2201 
10.5304 15.8259 -1.98815 -2.13923 
7.83976 13.2651 -0.934314 -1.05318 
9.37831 12.231 -4.05196 -2.87059 
8.85165 11.4117 -4.62092 -3.21055 
8.15287 11.4117 -5.30004 -3.21055 
8.15287 10.6046 -5.30004 -3.4672 
9.04481 9.76045 -5.27561 -4.45503 
7.95521 9.09134 -7.46019 -6.75475 
8.52062 8.33692 -9.94003 -7.93258 
5.59209 7.81353 -8.50812 -4.73645 
4.75052 7.81353 -8.50812 -4.73645 
4.75052 7.06485 -8.40085 -5.02163 
4.15217 5.49922 -7.92239 -5.64792 
1.04642 3.16329 -5.32025 -3.78918 
0.930321 3.16329 -5.32025 -3.99053 
-0.766258 2.42267 -3.17542 -1.85569 
0.89191 1.50639 -3.79909 -5.43182 
0.89191 1.50639 -3.79909 -5.43182 
0.89191 1.50639 -2.26604 -5.43182 
-0.841417 0.854143 -2.26604 -1.69792 
2.18154 -0.783048 -4.55817 -5.76365 
2.18154 -1.05684 -4.55817 -5.76365 
0.729788 -1.14082 -4.42994 -2.47572 
0.0990733 -1.20408 -3.67924 -2.35622 
0.0990733 -1.29412 -3.67924 -2.35622 
-0.771903 -1.37968 -1.68545 -2.61542 
-2.69868 -1.49123 0.989521 1.82838 
-2.69868 -1.49123 0.989521 1.82838 
-1.92774 -2.7543 9.07068 -3.14395 
-1.92774 -2.7543 9.07068 -3.14395 
-4.24118 -1.60721 5.13669 4.89722 
-4.24118 -1.60721 5.13669 4.79706 
-4.25945 -1.70431 5.13669 5.05769 
-4.25945 -1.70431 9.12784 5.05769 
-0.12314 -1.84641 6.50588 -4.17004 
-2.1694 -0.372945 3.40218 4.18676 
-2.1694 -0.372945 3.40218 4.18676 
-1.12664 -0.484806 2.26356 1.68311 
-0.489788 -0.461203 1.42026 2.26198 
0.829003 -0.345237 0.501375 -4.2024 
-0.00403042 -0.111538 -0.150888 -0.108588 
1.60178 -0.0331445 -1.6647 -4.6524 
0.51986 0.191337 -2.35694 -4.6524 
0.816077 0.259951 -2.63002 -1.02488 
0.816077 0.259951 -2.63002 -1.02488 
2.18878 0.328201 -3.24065 -7.49364 
2.18878 0.328201 -3.24065 -1.16039 
0.840064 0.470947 -4.06224 -1.57419 
0.870766 0.425431 -3.6357 -2.69342 
0.870766 0.425431 -3.6357 -2.69342 
1.11683 0.241995 -2.45174 -5.59423 
1.06923 0.234168 -2.89873 -5.59423 
1.92283 0.262285 -4.03714 -7.23314 
0.576439 0.421901 -4.62078 0.0668386 
0.576439 0.421901 -4.62078 0.0668386 
1.1822 0.343584 -3.2193 -6.52064 
-0.132789 0.209069 -2.4067 -0.978591 
-0.990911 0.087372 -1.30023 2.73716 
-1.48582 -0.217636 1.31331 2.78382 
-0.973915 -0.452271 2.55416 0.106996 
-0.973915 -0.452271 2.55416 -1.30948 
-0.973915 -0.452271 2.55416 -1.30948 
0.308516 -0.525928 2.45961 -3.46445 
-0.577368 -0.393735 1.55355 -3.46445 
0.130606 -0.315775 0.532674 -1.35666 
-0.736398 -0.216145 0.00577131 -0.890098 
-0.736398 -0.216145 0.00577131 -0.890098 
-0.649125 -0.271228 0.862456 3.54674 
-1.71054 -0.368642 0.982186 5.1561 
-1.95508 -0.458359 2.33439 6.4872 
-1.44446 -0.541504 3.90217 6.4872 
-1.44446 -0.555605 4.08952 -6.51757 
-0.442939 -0.478526 2.29241 -4.61575 
-0.374585 -0.37393 0.386418 -2.05349 
-0.374585 -0.261718 -0.644059 -0.778832 
-0.358601 -0.180082 -0.958814 -0.600893 
-0.38368 -0.133095 -0.869496 -0.912864 
-0.375959 -0.132652 -0.50423 3.42958 
-0.967507 -0.194797 0.495234 1.11506 
-0.731865 -0.226991 2.22762 1.00667 
-0.564147 -0.245441 2.54603 -0.94259 
-0.564147 -0.245441 2.54603 -0.94259 
0.0462072 -0.215762 1.47834 -1.35396 
-0.896511 -0.186188 1.47834 -1.35396 
-0.646736 -0.215827 0.952872 1.63446 
-0.646736 -0.215827 0.952872 1.63446 
0.201844 -0.174662 2.28405 4.3746 
-0.184203 -0.12813 2.28405 -7.13785 
-0.691422 -0.143476 2.28405 -7.13785 
-0.691422 -0.143476 0.270182 0.368927 
-0.391049 -0.224648 1.09269 -1.89214 
-0.335748 -0.213767 0.926306 2.23147 
-0.278858 -0.181188 1.18432 -3.22441 
-0.287875 -0.158903 1.18432 -2.39011 
-0.287875 -0.158903 -0.0346723 -2.39011 
-0.289701 -0.142828 -0.0346723 -1.2031 
-0.301387 -0.124488 -0.0346723 -1.2031 
-0.301387 -0.124488 -0.348923 -0.19351 
-0.525157 -0.0593795 -0.632804 -1.10572 
-0.525157 -0.0593795 -0.632804 -1.10572 
-0.20142 -0.156902 3.29008 -3.72059 
-0.20142 -0.156902 3.29008 -3.72059 
-0.20142 -0.156902 3.29008 -3.72059 
-0.269468 -0.099768 2.70297 0.451439 
-0.785287 -0.171044 0.0631665 7.25952 
-0.559262 -0.236091 1.99676 7.25952 
-0.464028 -0.229801 2.8278 3.96668 
-0.440386 -0.222351 2.95919 0.9524 
-0.646183 -0.268202 1.96706 5.55512 
-0.517671 -0.26034 2.42528 3.19109 
-0.377889 -0.240161 2.68721 4.01153 
-0.170462 -0.139878 1.9111 -3.37148 
-0.170462 -0.139878 1.9111 -3.37148 
-0.177137 -0.153119 0.859907 -3.37148 
0.216681 -0.128296 0.660795 1.18243 
0.321757 -0.142489 0.831206 -7.43074 
0.321757 -0.142489 0.831206 -7.43074 
0.0737206 -0.137703 -1.60386 -6.6002 
-0.102048 -0.155702 -2.90015 -2.10296 
-0.165474 -0.0644031 -3.06516 -1.48968 
-0.155801 0.00133118 -2.72179 -1.71489 
-0.146248 0.038615 -0.847508 2.17229 
-0.141583 0.038615 -0.201855 2.32827 
0.30659 0.126373 1.42237 -2.1148 
0.231891 0.0734745 1.04755 -0.454056 
0.167012 0.0647128 0.626884 1.19263 
0.0694086 0.0711567 0.80606 -1.51362 
-0.0359812 0.0711567 0.511046 -1.2982 
-0.158605 -0.0172441 -0.222741 1.04887 
-0.154743 -0.0597913 -0.241721 2.13332 
-0.116089 -0.0376693 0.370103 -0.69686 
-0.116089 -0.0445404 0.4089 -0.69686 
-0.109742 -0.0445404 0.4089 -1.06369 
-4.66732 9.96648 0.345361 -0.943123 
-4.66732 9.96648 0.345361 -0.943123 
-8.25665 16.5039 0.104369 -2.51752 
-8.84607 17.5639 -0.547396 0.106004 
-8.84607 17.5639 -0.547396 0.106004 
-9.96415 20.2464 0.0537065 0.156663 
-10.5414 20.2464 0.0537065 1.01611 
-11.6279 21.4845 0.465595 -0.757566 
-12.1071 21.4845 0.0806149 0.590511 
-12.1071 21.4845 0.0806149 0.590511 
-12.5254 21.4845 0.0181325 0.508871 
-12.5254 21.9542 0.0181325 -0.778697 
-13.3552 22.8588 0.0108256 -0.54109 
-13.6381 23.01 -0.179883 0.154933 
-13.6381 23.1054 -0.179883 0.154933 
-14.193 23.139 -0.16054 0.683821 
-14.4037 23.1118 -0.0348916 0.63149 
-14.5772 23.024 0.0834407 0.523074 
-14.5772 23.024 0.0834407 0.523074 
-13.8077 23.0684 1.14066 -0.295345 
-13.6059 22.976 0.877498 0.615599 
-13.4324 22.8581 0.862318 0.636121 
-13.4324 22.6457 0.862318 0.636121 
-13.2294 22.6457 0.687233 0.548965 
-13.0577 22.3572 0.687233 0.769734 
-11.3251 20.2725 0.314878 1.1587 
-10.8687 19.7633 0.455686 0.735416 
-10.8687 19.7633 0.455686 0.735416 
-10.2249 18.6909 0.698318 -0.184025 
-9.83492 18.1348 0.454602 0.177223 
-9.37833 17.5659 0.193154 0.181064 
-8.93262 16.9813 0.193154 0.181064 
-8.93262 16.9813 0.193154 0.458839 
-8.27715 15.8357 0.537311 -0.0799518 
-8.27715 15.8357 0.210294 -0.0799518 
-7.38449 14.6084 0.334605 0.355403 
-6.871 14.0144 0.251678 0.45516 
-6.64102 13.3937 0.293486 0.368077 
-6.33853 12.695 0.156307 0.373073 
-5.97842 12.0519 0.21753 0.33629 
-5.50048 12.0519 0.227082 0.289459 
-5.18821 10.7286 0.132465 0.204838 
-4.40349 10.1067 0.160831 0.330264 
-1.56828 4.48176 -0.358187 0.0904017 
-1.56828 4.48176 -0.358187 0.0904017 
-0.865329 2.88598 0.0346107 0.152259 
-0.641518 2.36188 -0.0225499 0.084316 
-0.641518 2.36188 -0.0225499 0.084316 
-0.509527 1.8561 0.00339771 0.0481707 
-0.388298 1.8561 0.00339771 0.238296 
-0.388298 1.36282 0.148889 0.238296 
-0.353259 0.892258 0.148889 0.364261 
-0.215405 0.0323263 0.262605 0.261118 
-0.0744023 -0.3702 0.267086 0.285953 
0.0524286 -0.672266 0.19118 0.132138 
0.1379 -0.815377 0.113579 0.199247 
0.224192 -0.676824 0.0471402 -0.0739421 
0.231181 -0.597495 0.108801 0.264788 
0.231181 -0.597495 0.108801 0.264788 
0.198047 -0.476892 0.15484 0.367357 
0.29076 -0.438916 0.199745 0.331125 
0.29076 -0.438916 0.242102 0.269126 
0.258399 -0.347214 0.31641 0.424269 
0.333718 -0.311279 0.28295 0.119232 
0.346091 -0.270419 0.236934 0.124791 
0.346091 -0.229622 0.236934 0.124791 
0.390359 -0.193598 0.182304 -0.0853473 
0.372679 -0.157083 0.157742 0.204457 
0.305073 -0.127081 0.210166 -0.031876 
0.329052 -0.0958874 0.205127 0.255497 
0.311627 -0.0814622 0.192028 -0.0215494 
0.311627 -0.0814622 0.192028 -0.0215494 
0.292986 -0.0692491 0.197081 -0.0165357 
0.239977 -0.0692491 0.197081 0.199752 
0.267689 -0.0584851 0.219525 0.0159261 
0.304286 -0.0322705 0.187755 -0.217665 
0.314903 -0.00318257 0.0721527 -0.407297 
0.299933 -0.00318257 0.0491812 -0.0613779 
0.318477 0.00587425 0.0466543 -0.178673 
0.318477 0.00587425 0.0466543 -0.178673 
0.242621 0.0152435 0.0864036 0.212451 
0.274231 0.0114974 0.200863 -0.0671214 
0.270009 0.0103857 0.209405 -0.0671214 
0.287064 0.00906569 0.17714 -0.12412 
0.287064 0.00906569 0.17714 -0.12412 
0.309573 0.0164101 0.104947 -0.289919 
0.309573 0.0164101 0.104947 -0.289919 
-2.13238 1.10736 0.135029 -0.309553 
-2.13238 1.10736 0.135029 -0.309553 
-3.27036 1.39816 0.147114 -0.164449 
-3.84234 1.39816 0.29852 -0.0956351 
-3.84234 1.54896 0.29852 -0.208767 
-3.84234 1.71327 0.29852 -0.217073 
-4.10881 1.71327 0.337702 -0.217073 
-4.57402 2.05425 0.332331 -0.476324 
-5.08035 2.39719 0.307377 -0.413262 
-5.08035 2.39719 0.307377 -0.329266 
-5.2992 2.56222 0.288395 -0.37216 
-5.2992 2.56222 0.288395 -0.37216 
-5.69972 2.88711 0.233538 -0.433557 
-5.90145 3.04382 0.218226 -0.433557 
-5.90145 3.04382 0.218226 -0.433557 
-6.28165 3.19674 0.231879 -0.40166 
-6.28165 3.19674 0.231879 -0.40166 
