0 0 0 0 
0.348795 1.77125 -0.208947 1.56277 
0.346262 1.75834 -0.21084 1.54984 
0.346262 1.75834 -0.21084 1.54984 
0.368096 1.78358 -0.171952 1.75897 
0.369417 1.78358 -0.168891 1.76201 
0.369417 1.78508 -0.168891 1.76201 
0.37112 1.78872 -0.162841 1.75917 
0.37112 1.78872 -0.160239 1.75849 
0.37112 1.78872 -0.160239 1.75849 
0.372755 1.79136 -0.160239 1.75849 
0.375456 1.79383 -0.152216 1.75491 
0.364508 1.77549 -0.142661 1.70538 
0.365963 1.80293 -0.139592 1.70434 
0.365963 1.79968 -0.140272 1.70434 
0.365963 1.79968 -0.140272 1.70434 
0.363841 1.79628 -0.141203 1.69917 
0.363254 1.79321 -0.139922 1.69544 
0.362324 1.78954 -0.141699 1.69151 
0.361626 1.78766 -0.142195 1.68948 
0.360785 1.78766 -0.142811 1.68739 
0.360785 1.78574 -0.142811 1.68739 
0.346673 1.76453 -0.152955 1.66074 
0.327272 1.74777 -0.167168 1.61216 
0.327272 1.74387 -0.167168 1.61216 
0.317808 1.73472 -0.172691 1.59734 
0.317808 1.73472 -0.172691 1.59734 
0.317808 1.73472 -0.172691 1.59162 
0.316813 1.7366 -0.172732 1.59405 
0.313587 1.73303 -0.174562 1.59244 
0.313587 1.73303 -0.176346 1.59244 
0.310911 1.73214 -0.175646 1.58938 
0.285896 1.70506 -0.188885 1.54042 
0.281895 1.71648 -0.189304 1.53194 
0.281895 1.71648 -0.189304 1.53194 
0.279187 1.71427 -0.190356 1.52722 
0.274625 1.71569 -0.191012 1.52288 
0.273742 1.71759 -0.190808 1.5232 
0.272177 1.71954 -0.190572 1.52358 
0.272177 1.72152 -0.190281 1.52406 
0.269807 1.72563 -0.189678 1.52535 
0.270822 1.72563 -0.189678 1.52535 
0.243662 1.71112 -0.198768 1.48342 
0.243662 1.71112 -0.198768 1.48342 
0.244502 1.73071 -0.199196 1.48759 
0.245993 1.73916 -0.195716 1.49555 
0.246183 1.73916 -0.195716 1.49555 
0.246183 1.74304 -0.194957 1.49861 
0.24643 1.75073 -0.193563 1.50003 
0.245718 1.75073 -0.193563 1.50346 
0.24807 1.76177 -0.191678 1.51538 
0.247305 1.76177 -0.192205 1.5139 
0.245985 1.7425 -0.198576 1.50379 
0.245985 1.7425 -0.198576 1.50379 
0.250707 1.75912 -0.197909 1.50907 
0.250707 1.75912 -0.197183 1.51395 
0.251219 1.75734 -0.197527 1.51351 
0.251219 1.75734 -0.197527 1.51351 
0.256464 1.77542 -0.194119 1.5344 
0.257152 1.77542 -0.194444 1.53396 
0.257152 1.77542 -0.194444 1.53396 
0.261352 1.77803 -0.193638 1.54388 
0.274218 1.75447 -0.197165 1.54587 
0.282552 1.75207 -0.197442 1.58637 
0.282552 1.79901 -0.191935 1.58637 
0.282552 1.79901 -0.191935 1.58637 
0.286417 1.80581 -0.190297 1.59656 
0.288268 1.80918 -0.189539 1.60162 
0.288268 1.80918 -0.189539 1.60093 
0.292687 1.80615 -0.190297 1.60995 
0.292687 1.80615 -0.190297 1.60995 
0.298458 1.79859 -0.18941 1.60781 
0.317118 1.75804 -0.189057 1.60599 
0.32192 1.7675 -0.190716 1.60889 
0.322369 1.76383 -0.191169 1.60666 
0.323754 1.76749 -0.190634 1.61151 
0.323754 1.76749 -0.191031 1.60908 
0.323754 1.76749 -0.191031 1.60908 
0.323983 1.77481 -0.191031 1.60908 
0.325306 1.78542 -0.188137 1.62775 
0.325306 1.78542 -0.188137 1.62775 
0.326079 1.79249 -0.186979 1.63415 
0.324157 1.75038 -0.191533 1.59667 
0.324157 1.75038 -0.191533 1.59667 
0.32893 1.81077 -0.184199 1.65028 
0.328499 1.81132 -0.184538 1.64907 
0.327903 1.81132 -0.184081 1.64907 
0.327903 1.81132 -0.184081 1.64907 
0.326791 1.81925 -0.183166 1.64752 
0.326331 1.82288 -0.182717 1.65583 
0.326331 1.82288 -0.182717 1.65583 
0.325255 1.83759 -0.180882 1.65967 
0.316274 1.76229 -0.190383 1.59237 
0.316274 1.75751 -0.190383 1.58734 
0.315273 1.75751 -0.191189 1.58734 
0.317083 1.81706 -0.184207 1.63924 
0.316211 1.81706 -0.184894 1.63385 
0.316211 1.81189 -0.184894 1.63385 
0.310127 1.80478 -0.186812 1.62027 
0.310127 1.80478 -0.186812 1.62027 
0.310127 1.80478 -0.186812 1.62027 
0.30809 1.80191 -0.186404 1.61535 
0.289979 1.74517 -0.199123 1.54932 
0.284503 1.73296 -0.199699 1.53423 
0.284503 1.73296 -0.199699 1.53423 
0.279992 1.76251 -0.200624 1.56105 
0.275175 1.76785 -0.201384 1.55635 
0.273972 1.76349 -0.202052 1.55156 
0.272483 1.76349 -0.202052 1.55156 
0.270835 1.78164 -0.20037 1.55525 
0.269907 1.77703 -0.201196 1.55713 
0.269907 1.77703 -0.201196 1.55713 
0.253666 1.71778 -0.212732 1.49259 
0.24894 1.71762 -0.213515 1.49305 
0.24894 1.71762 -0.213515 1.49305 
0.24894 1.71762 -0.213515 1.49305 
0.247378 1.7413 -0.21386 1.50826 
0.246981 1.73902 -0.210166 1.50573 
0.246416 1.74625 -0.209021 1.51019 
0.245851 1.7627 -0.20784 1.51465 
0.245627 1.7627 -0.20784 1.51917 
0.245145 1.77688 -0.20401 1.53046 
0.24611 1.74164 -0.207817 1.50298 
0.24611 1.74164 -0.207817 1.50298 
0.249506 1.76959 -0.207817 1.50298 
0.25081 1.78574 -0.199765 1.55281 
0.25081 1.78574 -0.199765 1.55105 
0.2539 1.79252 -0.194335 1.56887 
0.2539 1.80301 -0.194335 1.56733 
0.254635 1.80301 -0.194462 1.56733 
0.255757 1.80941 -0.192799 1.57275 
0.257383 1.80941 -0.189268 1.57275 
0.274085 1.76906 -0.19342 1.56176 
0.279366 1.80536 -0.187174 1.61159 
0.28193 1.80923 -0.184992 1.61589 
0.285647 1.82229 -0.182904 1.61589 
0.286946 1.81703 -0.180896 1.6249 
0.286946 1.81703 -0.178883 1.62929 
0.293052 1.83355 -0.174497 1.64064 
0.294334 1.82785 -0.174497 1.64064 
0.297943 1.84023 -0.170685 1.64883 
0.297943 1.84023 -0.171254 1.64563 
0.310353 1.76031 -0.18145 1.6054 
0.317542 1.74941 -0.173443 1.66379 
0.317542 1.79593 -0.17428 1.65916 
0.317868 1.79454 -0.17349 1.65787 
0.319701 1.79764 -0.171475 1.66069 
0.321627 1.8005 -0.172524 1.65612 
0.323602 1.80316 -0.167421 1.66597 
0.325593 1.80565 -0.165372 1.66834 
0.32756 1.80794 -0.163382 1.67063 
0.32756 1.80794 -0.163382 1.67063 
0.31655 1.74834 -0.178824 1.62085 
0.304003 1.73088 -0.18336 1.61274 
0.30557 1.73329 -0.18336 1.61426 
0.30725 1.73329 -0.174873 1.62314 
0.30895 1.73843 -0.176288 1.61722 
0.310644 1.74107 -0.173844 1.61877 
0.316519 1.75056 -0.167463 1.62769 
0.313952 1.74614 -0.16901 1.62178 
0.319752 1.75558 -0.162804 1.63073 
0.318512 1.75106 -0.164543 1.62643 
0.259882 1.69008 -0.19627 1.52601 
0.259882 1.69008 -0.19627 1.52601 
0.268398 1.69228 -0.184407 1.55088 
0.268398 1.69228 -0.184407 1.55088 
0.274733 1.69869 -0.17664 1.55563 
0.2713 1.69721 -0.17664 1.55061 
0.274358 1.70064 -0.17401 1.55061 
0.277386 1.7041 -0.170313 1.55595 
0.280339 1.7076 -0.166723 1.55876 
0.276687 1.70631 -0.168185 1.55416 
0.231971 1.70213 -0.185864 1.50946 
0.231971 1.70213 -0.185864 1.50586 
0.241505 1.71231 -0.174163 1.54949 
0.241505 1.71231 -0.175232 1.54555 
0.253672 1.71538 -0.164375 1.55713 
0.26579 1.71845 -0.154875 1.56516 
0.26579 1.71845 -0.154875 1.56516 
0.268229 1.71813 -0.156276 1.5616 
0.259543 1.71851 -0.149157 1.56485 
0.259543 1.71851 -0.149157 1.56485 
0.224546 1.71134 -0.176322 1.52471 
0.226699 1.73841 -0.166817 1.59058 
0.226699 1.73841 -0.166817 1.59058 
0.226699 1.73841 -0.166817 1.59058 
0.226699 1.73841 -0.166817 1.59058 
0.245983 1.73168 -0.165498 1.57776 
0.273832 1.72352 -0.139415 1.60199 
0.293774 1.72033 -0.133879 1.60645 
0.293774 1.71714 -0.133879 1.60645 
0.316694 1.71176 -0.116172 1.6233 
0.266741 1.69939 -0.150486 1.58753 
0.262412 1.69873 -0.153075 1.58426 
0.262412 1.84437 -0.153075 1.58426 
0.342367 1.82752 -0.0991314 1.79628 
0.342367 1.82752 -0.0991314 1.79628 
0.368817 1.82633 -0.0871564 1.80282 
0.364078 1.80794 -0.0897849 1.79793 
0.377074 1.79814 -0.0842543 1.80062 
0.389844 1.7882 -0.0788534 1.8031 
0.419986 1.77064 -0.0736786 1.80532 
0.311416 1.73349 -0.127677 1.69819 
0.30432 1.73006 -0.131105 1.69819 
0.379711 1.94414 -0.0723577 1.99633 
0.379711 1.94414 -0.0723577 1.99633 
0.396041 1.92319 -0.0752385 1.99633 
0.396041 1.92319 -0.0752385 1.99633 
0.412392 1.90205 -0.0594967 1.99633 
0.451434 1.88052 -0.0531762 1.99633 
0.48121 1.82404 -0.0322477 1.96857 
0.48121 1.82404 -0.0322477 1.96857 
0.286936 1.70017 -0.127674 1.71747 
0.247927 1.3047 -0.167964 1.36086 
0.238147 1.26984 -0.176132 1.30692 
0.221338 1.27408 -0.176132 1.30692 
0.213601 1.25373 -0.175949 1.2793 
0.197342 1.26167 -0.180844 1.27013 
0.222202 1.23629 -0.170006 1.27011 
0.222202 1.23629 -0.170006 1.27011 
0.222202 1.23629 -0.170006 1.27011 
0.222202 1.23629 -0.170006 1.27011 
0.00502664 1.4994 -0.210011 1.25181 
-0.00970684 1.4994 -0.210011 1.25255 
0.0357125 1.53659 -0.173969 1.35986 
0.0582581 1.52495 -0.163645 1.36936 
0.0582581 1.52495 -0.163645 1.36936 
0.0809474 1.51332 -0.153383 1.37911 
0.163284 1.45717 -0.122168 1.40777 
0.149359 1.47814 -0.123252 1.40947 
0.172567 1.46554 -0.113681 1.42012 
0.159109 1.47257 -0.115245 1.42231 
0.039213 1.70011 -0.128532 1.48321 
0.13938 1.9617 -0.130936 1.48643 
0.13938 1.9617 -0.0560786 1.84938 
0.123669 1.97179 -0.0560786 1.84938 
0.123669 1.97179 -0.0560786 1.84938 
0.205998 1.98021 -0.0560786 1.84938 
0.287352 1.89866 -0.0170462 1.88116 
0.323812 1.78034 -0.00808415 1.89496 
0.360628 1.74169 0.000536846 1.89496 
0.360628 1.74169 0.000536846 1.89496 
0.350991 1.68412 -0.0189219 1.86085 
0.257953 1.38045 -0.0786931 1.5747 
0.257953 1.38045 -0.0786931 1.5747 
0.228524 1.38045 -0.0824292 1.5747 
0.320899 1.29618 -0.0695159 1.57794 
0.320899 1.29618 -0.0627019 1.57794 
0.357979 1.25199 -0.0627019 1.58269 
0.357979 1.25199 -0.0627019 1.58269 
0.539118 1.20819 -0.0291135 1.58765 
0.57017 1.01319 -0.0233784 1.61944 
0.466378 1.11694 -0.0475202 1.60668 
0.46649 1.16628 -0.0756689 1.591 
0.417377 1.16628 -0.0457266 1.67433 
0.456372 1.14762 -0.0457266 1.67125 
0.558392 1.0292 -0.0281462 1.70404 
0.530625 1.06135 -0.0320468 1.70135 
0.567762 0.977587 -0.0227738 1.71065 
0.60356 0.977587 -0.0227738 1.71992 
0.637321 0.939516 -0.0182529 1.72927 
0.600339 0.951851 -0.0191683 1.74447 
0.0991268 1.59574 -0.0596658 1.68484 
0.0991268 1.59574 -0.0596658 1.67829 
0.240973 1.36766 -0.0402415 1.68018 
0.208324 1.40496 -0.0361372 1.6869 
0.252767 1.34747 -0.0376424 1.67944 
0.296642 1.29079 -0.0281082 1.69999 
0.296642 1.29079 -0.0281082 1.69999 
0.383407 1.17812 -0.0201807 1.71893 
0.426399 1.12231 -0.0162665 1.71893 
0.46872 1.06707 -0.0125157 1.72517 
-0.0216749 1.59457 -0.0360958 1.60376 
0.0607404 1.36246 -0.0334663 1.54208 
0.0607404 1.36246 -0.0308338 1.54208 
0.116687 1.28368 -0.0324675 1.53301 
0.172485 1.20509 -0.0320479 1.55821 
0.172485 1.20509 -0.0320479 1.55821 
0.37089 0.93826 -0.0315966 1.59157 
0.336847 0.975343 -0.0315966 1.59157 
0.479443 0.787661 -0.0317632 1.6088 
0.444382 0.787661 -0.0317632 1.60066 
0.250258 1.18481 -0.0319883 1.54543 
0.0570354 1.03284 -0.0454378 1.54543 
0.0570354 0.967591 -0.0442777 1.35899 
0.0570354 0.884654 -0.0423927 1.35899 
0.297112 0.722678 -0.0502935 1.38869 
0.297112 0.722678 -0.0530703 1.40549 
0.297112 0.722678 -0.0530703 1.40549 
0.404298 0.59534 -0.0491058 1.45679 
0.404298 0.59534 -0.0491058 1.45679 
0.562755 0.59534 -0.0491058 1.49559 
0.518497 0.454922 -0.0611363 1.49422 
0.518497 0.454922 -0.0611363 1.49422 
0.666269 0.353859 -0.0442365 1.62306 
0.616899 0.428127 -0.039911 1.62327 
0.550829 0.570882 -0.0311388 1.67579 
0.498969 0.650952 -0.0242696 1.67542 
0.498969 0.650952 -0.0242696 1.67542 
0.736221 0.348769 -0.0488682 1.75285 
0.736221 0.348769 -0.0410413 1.75285 
0.679856 0.435217 -0.0410413 1.75161 
0.286001 1.07716 0.028893 1.78313 
0.286001 1.07716 0.028893 1.78313 
0.44463 0.646761 -0.019586 1.65907 
0.44463 0.646761 -0.019586 1.65549 
0.44463 0.646761 -0.019586 1.65549 
0.648262 0.374306 -0.0679964 1.74533 
0.585023 0.374306 -0.0679964 1.73943 
0.585023 0.464739 -0.0589498 1.73943 
0.585023 0.199015 -0.0962873 1.73943 
0.84385 0.0340206 -0.120824 1.82586 
0.320268 0.907268 0.0144025 1.77939 
0.320268 0.907268 0.0144025 1.77939 
0.255528 0.907268 0.0226913 1.83564 
0.46296 0.796506 -0.00926094 1.89811 
0.46296 0.796506 -0.00926094 1.91869 
0.683895 0.587089 -0.0788796 1.97735 
0.683895 0.484614 -0.0788796 1.97735 
0.614646 0.580291 -0.0649249 1.96525 
0.830223 0.278512 -0.086186 1.99343 
0.89909 0.278512 -0.106649 2.02052 
0.118714 1.24879 0.0577009 1.92203 
0.118714 1.24879 0.0577009 1.92203 
0.356131 0.481449 -0.0945203 1.55269 
0.356131 0.481449 -0.0945203 1.55269 
0.356131 0.481449 -0.0945203 1.55269 
-0.133888 1.06799 -0.136643 1.58795 
-0.133888 1.06799 -0.136643 1.58795 
0.18911 0.59272 -0.160908 1.60684 
0.272381 0.466431 -0.196531 1.64063 
0.356632 0.340716 -0.230264 1.67373 
0.174135 0.678658 -0.149721 1.61784 
0.112271 0.827564 -0.143165 1.6536 
0.112271 0.827564 -0.143165 1.6536 
0.310141 0.54619 -0.206018 1.73674 
0.310141 0.54619 -0.206018 1.73674 
0.507134 0.267004 -0.292391 1.8197 
0.507134 0.267004 -0.292391 1.8197 
0.703181 -0.0058374 -0.372624 1.89979 
0.632987 -0.0058374 -0.372624 1.89979 
0.89737 -0.268726 -0.444138 1.97603 
0.267139 0.699753 -0.116087 1.76769 
0.267139 0.699753 -0.116087 1.76769 
0.313783 0.694961 -0.140516 1.67798 
0.407721 0.561641 -0.140516 1.72502 
0.502868 0.426047 -0.245663 1.77559 
0.61821 0.257876 -0.32938 1.85867 
0.539608 0.257876 -0.298686 1.85867 
0.636686 0.229469 -0.351384 1.88625 
0.636686 0.0981613 -0.402055 1.93419 
0.916105 -0.156006 -0.450424 1.98075 
-0.178992 1.38989 0.0316145 1.67372 
0.0392729 1.27378 -0.0780292 1.7226 
0.0392729 1.27378 -0.0780292 1.7226 
0.306912 0.885603 -0.147621 1.77706 
0.223573 0.982627 -0.224567 1.83578 
0.223573 0.982627 -0.224567 1.83578 
0.513584 0.537817 -0.442709 2.00295 
0.513584 0.537817 -0.442709 2.00295 
0.513584 0.537817 -0.442709 2.00295 
0.887425 0.00184886 -0.676069 2.18857 
0.0947053 1.09343 -0.170119 1.79007 
0.0947053 1.09343 -0.170119 1.79007 
-0.326626 1.53671 -0.12171 1.37353 
-0.116057 1.19292 -0.31068 1.50594 
-0.184086 1.26011 -0.291963 1.48109 
0.0865444 0.93112 -0.388034 1.5487 
0.0865444 0.93112 -0.388034 1.5487 
0.293684 0.536119 -0.684903 1.7682 
0.230765 0.608699 -0.653504 1.73704 
0.506384 0.219027 -0.848557 1.88722 
0.139879 0.76204 -0.512158 1.62861 
0.0901358 0.840113 -0.512158 1.62861 
0.0901358 0.840113 -0.512158 1.62861 
0.3507 0.141541 -0.656848 1.60584 
0.386011 0.141541 -0.726311 1.63249 
0.617513 -0.285468 -0.915982 1.78809 
0.617513 -0.180117 -0.915982 1.78809 
0.777618 -0.479434 -1.03686 1.90055 
0.777618 -0.479434 -1.03686 1.90055 
0.924456 -0.645618 -1.14489 2.00736 
0.45596 0.235322 -0.5764 1.68439 
0.388678 0.358129 -0.499141 1.64244 
0.388678 0.0816175 -0.499141 1.64244 
0.658702 0.0239036 -0.722521 1.87286 
0.685115 -0.00416258 -0.77199 1.92996 
0.685115 0.125657 -0.77199 1.92996 
0.741146 -0.0624627 -0.871748 2.04647 
0.764975 -0.0865253 -0.917433 2.10096 
0.764975 -0.109495 -0.917433 2.10096 
0.917999 -0.289111 -1.00359 2.20771 
0.369267 0.671738 -0.513018 1.96589 
0.496502 0.48827 -0.558859 2.01943 
0.410416 0.48827 -0.558859 2.07062 
0.413973 0.615161 -0.644576 2.07062 
0.413973 0.615161 -0.644576 2.12016 
0.367479 0.606323 -0.711673 2.21094 
0.284991 0.73461 -0.744187 2.25508 
0.245826 0.770387 -0.775766 2.29775 
0.247388 0.71645 -0.805666 2.3388 
0.169692 0.840928 -0.833721 2.37803 
-0.323894 1.63638 -0.260061 2.06602 
-0.384257 1.72805 -0.186471 1.95654 
-0.404108 1.70511 -0.342863 2.14327 
-0.404108 1.70511 -0.380241 2.178 
-0.564648 1.80359 -0.485668 2.28287 
-0.614004 1.87771 -0.414611 2.2249 
-0.712456 1.95704 -0.433267 2.24907 
-0.712456 2.03183 -0.451091 2.24907 
-0.948503 2.11093 -0.555599 2.37192 
-0.979532 2.1671 -0.481782 2.30818 
-1.15123 2.46429 -0.0267484 1.88523 
-1.25467 2.50097 -0.0230532 1.8165 
-1.25467 2.50097 -0.0230532 1.75968 
-1.47513 2.65286 -0.0688153 1.83854 
-1.45603 2.63394 -0.0270385 1.78436 
-1.45603 2.63394 -0.0270385 1.78436 
-1.80823 2.89998 0.0723734 1.78989 
-1.80823 2.89998 0.0723734 1.78989 
-0.66865 1.40044 0.0165142 1.16316 
-0.959915 1.62025 0.00146751 1.16316 
-0.62755 1.22635 -0.0958286 1.18433 
-0.877076 1.50086 -0.169108 1.35671 
-0.877076 1.50086 -0.169108 1.35266 
-1.25724 1.89514 -0.172811 1.41992 
-1.19842 1.852 -0.162987 1.41517 
-1.44568 2.13173 -0.130143 1.42791 
-1.68642 2.40688 -0.0955537 1.43986 
-1.9214 2.67781 -0.059275 1.43986 
-2.45225 3.26102 0.000224914 1.4781 
-2.36795 3.20002 0.0176637 1.46877 
-1.77509 2.8221 0.182849 1.38021 
-1.97611 3.13902 0.182849 1.47337 
-2.47126 3.67629 0.273406 1.50044 
-2.35135 3.56705 0.278653 1.49245 
-2.64266 3.96123 0.361919 1.47072 
-2.9244 4.3437 0.443 1.44991 
-3.19817 4.71549 0.521941 1.42946 
-3.15877 4.81615 0.618824 1.36947 
-3.15877 4.64606 0.618824 1.36947 
-3.09729 4.78223 0.635783 1.3653 
-2.50105 4.06929 0.537369 1.31745 
-2.97229 4.61542 0.625548 1.26121 
-2.78298 4.37997 0.58983 1.26207 
-3.26546 4.6513 0.633714 1.21931 
-3.26546 5.04726 0.706238 1.21931 
-3.51919 5.83054 0.852888 1.22066 
-3.76704 5.83054 0.852888 1.15983 
-4.01113 6.20959 0.922221 1.13176 
-4.25085 6.57911 0.988947 1.10365 
-4.93196 7.57896 1.04909 1.0753 
-2.94648 4.75181 0.579912 1.06306 
-2.94648 4.42559 0.579912 1.06306 
-3.35598 5.0293 0.621706 1.02425 
-3.12326 5.0293 0.621706 1.02664 
-3.34836 5.45452 0.621706 0.98636 
-4.01737 5.45452 0.705716 0.98636 
-3.29175 5.92681 0.743052 0.913738 
-3.29175 5.56769 0.743052 0.913738 
-3.29175 5.56769 0.743052 0.913738 
-4.87517 8.33418 1.26653 0.748041 
-3.86229 7.10912 0.923694 0.793779 
-4.52682 7.86316 1.1327 0.716431 
-4.26091 7.42157 1.04009 0.73196 
-4.90299 8.66794 1.28476 0.642648 
-4.63103 8.20438 1.18389 0.660628 
-4.63103 8.20438 1.18389 0.660628 
-3.25915 6.05134 1.18389 0.660628 
-3.25915 6.05134 0.553012 0.677318 
-2.16906 4.35704 0.0222474 0.688221 
-1.91582 3.89975 0.295342 0.56597 
-1.46368 3.15218 0.243035 0.535975 
-1.46368 3.15218 0.243035 0.535975 
-2.41915 5.23969 0.729521 0.374148 
-2.34033 5.26194 0.664036 0.39436 
-2.34033 5.26194 0.664036 0.39436 
-2.48618 5.78206 1.07727 0.263509 
-2.62025 6.25636 1.283 0.202542 
-2.74208 6.68166 1.283 0.202542 
-3.40329 8.53725 1.93449 0.00224884 
-3.18251 8.10061 1.78406 0.050279 
-2.10105 5.84234 0.925671 0.373873 
-2.49869 7.03865 1.21956 0.313127 
-2.27178 6.52796 1.21956 0.380996 
-2.86424 8.29029 1.56083 0.244772 
-2.86424 8.29029 1.4063 0.316393 
-2.81856 9.71512 1.25035 0.38428 
-2.98084 8.6385 1.66167 0.217674 
-2.95286 9.33327 1.85663 0.250829 
-2.95286 9.33327 1.85663 0.250829 
-3.12803 10.6497 2.04093 0.213195 
-2.41511 8.17788 1.22435 0.577284 
-2.41511 8.17788 1.22435 0.577284 
-3.14238 10.583 1.89962 0.379686 
-3.14238 9.89846 1.89962 0.379686 
-2.87297 9.86764 1.7934 0.532234 
-2.70702 9.86764 1.89815 0.532234 
-2.5436 8.92528 1.99778 0.29798 
-2.38061 8.45023 2.09642 0.29798 
-2.38061 8.45023 2.09642 0.24343 
-1.90041 7.01329 2.04355 0.216668 
-1.0046 4.07813 1.24658 0.455103 
-0.941263 4.32767 1.44434 1.87526 
-0.941263 4.32767 1.44434 1.87526 
-0.79268 3.96207 1.79857 1.69074 
-0.679336 3.56044 1.79857 1.74392 
-0.518229 3.70159 2.25064 1.45775 
-0.518229 3.33212 2.08916 1.51145 
-0.325299 3.24606 2.31492 1.39169 
-0.2353 3.17558 2.31492 1.27843 
-0.2353 3.17558 2.31492 1.27843 
-0.0264075 1.75032 2.37861 1.26383 
-0.00194523 1.03249 1.75822 3.12684 
-0.00194523 0.933814 1.63995 3.16318 
-0.00194523 0.933814 1.63995 3.16318 
0.287442 1.00932 2.51398 2.70783 
0.293724 1.08758 2.40682 2.73874 
0.40603 1.08758 2.40682 2.56672 
0.40603 1.07363 2.71982 2.56672 
0.40603 1.15843 3.45936 2.56672 
0.818758 1.2399 4.15214 1.86268 
0.713435 1.00645 3.66462 1.98702 
0.501672 0.670365 3.15791 1.98702 
0.396393 0.468426 2.01379 2.47481 
0.440658 0.397501 3.13429 0.595456 
0.384207 0.347382 2.91832 0.672913 
0.695976 0.190271 3.62855 0.284375 
0.695976 0.190271 3.62855 0.284375 
0.73916 0.08664 3.54541 0.020044 
0.845259 0.0218705 3.71968 0.129575 
0.845259 0.0218705 3.71968 0.129575 
1.03544 -0.0714328 3.53743 0.011565 
0.937789 -0.0714328 3.68446 0.011565 
1.02421 -0.116499 3.89338 -0.727027 
1.49186 -0.312988 4.96756 -1.29492 
1.49186 -0.312988 4.96756 -1.29492 
1.23467 -0.24387 4.09155 -0.94552 
1.23467 -0.24387 4.09155 -0.94552 
1.93932 -0.933032 5.28961 -1.68999 
1.7629 -0.833737 4.80603 -1.48627 
1.82783 -0.924295 4.80603 -1.5707 
1.88953 -1.01213 4.82262 -1.65121 
1.7022 -0.901073 4.32747 -1.45365 
1.7022 -0.995696 4.32747 -1.45365 
2.13225 -1.37058 5.05388 -2.08825 
2.13225 -1.37058 5.05388 -2.08825 
1.9209 -1.22195 4.56152 -1.86017 
2.39503 -1.87968 5.26169 -2.32275 
2.39503 -1.87968 5.26169 -2.32275 
2.39503 -1.87968 5.26169 -2.32275 
2.39503 -1.87968 5.2844 -2.37764 
2.03715 -1.96531 4.23879 -1.97207 
2.19863 -2.02842 4.42882 -2.22286 
2.19863 -2.02842 4.42882 -2.22286 
1.97441 -1.82675 3.96767 -1.96157 
1.97441 -1.82675 4.69367 -1.96157 
2.84329 -2.73411 5.52425 -2.7343 
2.57102 -2.44825 5.01348 -2.42989 
2.73036 -2.50808 5.14264 -2.47705 
2.73036 -2.57445 5.26184 -2.53821 
2.80704 -2.57445 5.26184 -2.60175 
2.87831 -2.70588 5.46587 -2.66158 
2.59007 -2.42197 4.90676 -2.35287 
2.59007 -2.42197 5.67234 -2.35287 
3.44015 -3.22979 5.75635 -2.87764 
3.44015 -2.89317 5.75635 -2.90059 
3.44015 -2.25606 5.35465 -2.27454 
2.23205 -2.18835 3.38343 -1.3216 
2.40766 -1.98411 3.38343 -1.74112 
2.57286 -2.04364 4.80888 -1.74112 
2.57286 -2.04364 4.80888 -1.78938 
2.85767 -2.13678 5.40832 -1.85255 
2.57795 -1.90364 4.93598 -1.85255 
3.51107 -2.50712 6.64727 -2.36367 
3.51107 -2.50712 6.64727 -2.36367 
3.72274 -2.43734 7.0712 -2.37447 
3.72274 -2.43734 7.0712 -2.37447 
3.92419 -2.26427 7.44832 -2.38729 
3.92419 -2.26427 7.44832 -2.38729 
4.09915 -2.13394 7.73967 -2.37808 
3.72493 -1.90742 7.03096 -1.97714 
3.43027 -1.66904 6.468 -1.5755 
3.52096 -1.49417 5.82509 -1.18827 
3.62161 -1.67068 6.0804 -1.27127 
3.71552 -1.67068 6.33953 -1.27127 
3.13928 -1.67068 6.40377 -1.27127 
2.79232 -1.67068 6.40377 -1.27127 
2.79232 -1.66984 5.79119 -1.27127 
3.1221 -1.66984 6.62065 -0.513787 
3.1221 -1.66984 6.62065 -0.513787 
2.8089 -0.909958 6.09742 -0.52171 
3.58852 -0.752607 7.21228 -0.111767 
3.58852 -0.752607 7.21228 -0.111767 
3.3627 -0.719063 6.58152 0.281018 
3.9769 -0.719063 8.82181 -0.595523 
4.55809 -0.66583 10.1601 -0.992386 
4.62105 -0.527998 10.4467 -0.981879 
4.62105 -0.527998 10.4467 -0.981879 
4.70589 -0.295383 10.8465 -0.96742 
4.26719 -0.257705 9.88397 -0.528767 
4.30667 -0.183459 9.88397 -0.529515 
4.34877 -0.11876 10.0408 -0.523296 
4.34877 -0.11876 9.26166 -0.523296 
4.05868 0.0479782 8.61755 0.258737 
4.05868 0.0513897 9.98961 -0.190288 
4.05868 0.0513897 9.98961 -0.190288 
3.63327 0.0227875 9.12799 0.637111 
3.67379 0.0219646 9.85691 0.227193 
3.67379 0.0219646 9.85691 0.227193 
3.94819 0.0219646 9.85691 0.227193 
3.78795 -0.0857715 11.5777 -0.0153089 
3.70138 -0.170636 12.1526 -0.0153089 
3.70138 -0.207486 12.3387 0.032217 
3.70138 -0.207486 12.3387 0.032217 
4.19296 -0.35888 15.0595 -0.654506 
4.19296 -0.334407 15.0595 -0.219692 
3.50215 -0.502783 13.808 -0.126809 
3.50215 -0.502783 13.808 -0.126809 
3.04873 -1.15374 15.5806 -0.18185 
3.04873 -1.15374 15.5806 -0.18185 
2.66279 -1.48043 15.7281 0.0425337 
1.86974 -1.37567 14.271 0.449537 
1.86974 -1.26782 12.8503 0.836477 
1.93748 -1.87959 14.2783 0.568772 
1.66997 -1.73768 14.4178 0.65072 
1.54739 -2.16565 16.1743 0.478414 
1.30498 -2.16565 16.1743 0.478414 
1.01365 -2.59132 16.6832 0.790078 
1.01365 -2.37806 15.1544 1.1556 
0.56287 -2.95127 17.0675 1.0367 
0.56287 -2.95127 17.0675 1.0367 
0.228745 -2.70248 15.9415 0.599902 
0.102737 -2.66223 15.0371 0.337772 
0.0334242 -2.83246 16.4831 0.079732 
-0.0275323 -2.99343 16.9821 -0.146509 
-0.0275323 -3.13057 17.3401 -0.386393 
-0.230467 -3.30696 17.3401 -0.546808 
-0.230467 -3.30696 17.6546 -0.546808 
-0.771664 -4.17573 19.8891 -0.879392 
-0.786117 -3.79755 19.8891 -0.88183 
-1.10461 -4.42001 19.7949 -1.12085 
-1.07424 -4.00167 15.8914 -1.12246 
-1.02157 -4.00167 15.8914 -1.12246 
-1.10735 -3.70801 17.924 -1.50703 
-1.34122 -4.33848 17.924 -1.50703 
-1.24578 -3.92625 16.0979 -1.47324 
-1.53408 -4.57275 18.0025 -1.53211 
-1.70847 -4.72888 18.0037 -1.47258 
-1.70847 -4.72888 18.0037 -1.47258 
-2.15981 -5.08165 17.8546 -1.19754 
-2.15981 -5.08165 17.8546 -1.19754 
-2.27354 -5.17885 17.7964 -1.17909 
-2.27354 -5.26598 17.7964 -1.20145 
-2.44543 -5.40378 17.5573 -1.34584 
-2.50909 -5.40378 17.5462 -1.21587 
-2.56135 -5.45728 17.5192 -1.07093 
-2.56135 -5.45728 17.5192 -1.07093 
-2.76573 -6.00367 17.1244 -0.77249 
-2.76573 -5.40915 16.8681 -0.77249 
-2.68481 -5.91615 18.1617 -0.118139 
-1.7989 -4.20354 12.7385 0.0126238 
-1.51977 -2.88834 8.63372 -0.253697 
-0.990854 -3.07265 8.08517 -2.02733 
-1.00719 -3.25964 8.63497 -1.88164 
-1.00719 -3.25964 9.19424 -1.88164 
-1.30011 -4.08448 9.75888 -1.18745 
-1.15635 -3.6663 9.75888 -0.760172 
-1.1524 -3.6565 10.3832 -0.261196 
-1.15011 -3.66198 10.577 0.112102 
-1.14899 -3.66198 10.577 0.424992 
-1.15014 -3.69317 10.9063 0.756872 
-1.15417 -3.32907 9.90948 1.0987 
-1.02443 -3.32907 9.90948 1.00589 
-1.02866 -3.3651 9.33169 -0.479088 
-1.30353 -4.20118 10.7249 0.190077 
-1.17846 -3.79826 10.7249 0.522824 
-1.23163 -3.97557 10.8971 0.894186 
-1.1066 -3.56477 10.6941 1.36839 
-1.1066 -3.56477 10.6941 1.36839 
-0.912036 -3.15484 10.2203 2.06209 
-0.789036 -2.81123 9.15051 2.06209 
-0.732628 -2.7329 9.09077 2.06209 
-0.682878 -2.67163 8.1029 2.06209 
-0.682878 -2.67163 8.1029 2.06209 
-0.768554 -3.09211 9.49696 2.06209 
-0.673445 -3.09211 9.49696 2.06209 
-0.658078 -2.7466 10.0067 2.06209 
-0.658078 -2.45079 9.02255 2.06209 
-0.531289 -2.32861 9.45546 2.25188 
-0.531289 -2.32861 9.45546 2.25188 
-0.341785 -1.77922 7.95046 3.8823 
-0.212729 -1.39848 6.24736 3.01865 
-0.121604 -1.23374 5.48127 0.458483 
-0.121604 -1.16011 4.75209 0.458483 
-0.090827 -1.09484 4.80016 0.808276 
-0.049343 -0.985503 4.9728 1.76978 
-0.049343 -0.985503 4.9728 1.76978 
-0.0466718 -0.446783 3.85102 0.926976 
-0.0248524 -0.392043 3.49884 2.95656 
-0.0439889 -0.392043 3.49884 2.46521 
-0.0439889 -0.30853 3.16644 2.46521 
-0.118774 -0.130944 2.65881 4.92412 
-0.0756949 -0.130944 1.97343 4.96206 
-0.0837162 -0.0397794 1.93122 6.53877 
-0.0837162 0.0179609 1.89322 6.53877 
-0.139044 0.0703195 1.88975 6.52516 
-0.139044 0.120186 1.85935 8.07987 
-0.109855 0.126246 1.43095 8.04346 
-0.109855 0.126246 1.43095 8.04346 
-0.725348 0.335956 0.381094 10.9388 
-0.669373 0.297433 0.112148 10.9388 
-0.669373 0.297433 0.112148 10.4657 
-0.790612 0.297433 0.112148 10.4657 
-0.790612 0.326259 -0.0877407 10.7749 
-1.36273 0.502989 -1.11529 12.8218 
-1.09613 0.45106 -0.477038 11.0749 
-1.13934 0.494607 -0.477038 11.0749 
-1.6901 0.678772 -1.16476 11.6892 
-1.54713 0.622556 -1.01952 10.4445 
-2.04867 0.764687 -1.68286 11.1805 
-2.04867 0.677393 -1.52356 10.0352 
-2.0124 0.697677 -1.77916 9.88882 
-2.1464 0.720636 -3.11797 9.78812 
-2.1464 0.745161 -3.11797 9.68635 
-2.72278 0.87334 -3.84447 10.5236 
-2.72278 0.87334 -3.51494 10.5236 
-2.98773 0.925061 -3.61659 9.32479 
-2.71474 0.823392 -3.90497 9.32912 
-2.86793 0.862018 -4.23978 9.35359 
-3.01419 0.901774 -4.5196 9.38184 
-2.72228 0.805314 -4.09948 8.39151 
-2.96186 0.886172 -4.13171 8.6142 
-2.77722 0.844501 -6.44531 7.90203 
-2.90273 0.900925 -6.44531 8.06828 
-3.02152 0.900925 -6.67216 8.06828 
-3.55916 1.12473 -7.38076 8.3357 
-3.21583 1.00948 -7.38076 8.4407 
-3.37698 1.04557 -6.9738 8.62596 
-3.54285 1.08381 -7.12842 8.81226 
-4.21 1.2659 -7.4569 8.98602 
-3.82457 1.12762 -7.67058 9.14283 
-3.55449 1.01784 -7.07677 8.29953 
-3.31249 0.966686 -7.88543 7.68812 
-3.45402 1.0265 -8.25456 8.01292 
-3.08273 0.932405 -7.44291 7.19265 
-3.74415 0.932405 -7.44291 7.19265 
-3.74415 1.17488 -8.47854 8.86474 
-3.87693 1.17488 -8.47854 8.86474 
-4.82223 1.36294 -9.77024 10.5952 
-4.37388 1.36294 -9.77024 10.5952 
-4.37388 1.21269 -9.52529 10.3805 
-4.62867 1.11008 -9.05173 9.72845 
-4.62867 1.11008 -9.05173 9.72845 
-4.16497 1.15566 1.3608 19.7614 
-5.07745 1.32963 1.01659 20.2431 
-5.07745 1.32963 1.01659 20.82 
-5.41791 1.25999 -1.05034 19.9948 
-5.60327 1.19816 -1.82387 19.2327 
-5.60327 1.19816 -1.82387 19.2327 
-6.57075 1.24232 -4.83984 19.3087 
-5.99895 1.06231 -4.41077 17.2946 
-5.3474 0.98107 -4.48715 14.966 
-5.3474 0.98107 -4.48715 14.966 
-5.39406 1.03331 -4.01793 13.3512 
-5.44953 1.08717 -6.08958 14.5876 
-5.44953 1.08717 -6.08958 14.5876 
-6.90222 1.41728 -10.0966 15.4508 
-6.22915 1.26951 -9.32125 15.1384 
-6.28285 1.24663 -9.94215 14.886 
-7.06322 1.34965 -10.5164 14.6776 
-6.36081 1.21638 -11.0449 14.5156 
-6.39226 1.21255 -11.5248 14.3873 
-5.70098 1.10625 -10.4998 12.7898 
-6.48846 1.24436 -12.4101 14.3242 
-6.53621 1.25629 -12.7769 14.2947 
-6.57204 1.25653 -13.0684 14.2132 
-6.66491 1.2148 -13.644 14.1547 
-5.95739 1.09734 -12.3502 12.5867 
-5.52119 1.04206 -13.2224 13.1979 
-5.52119 0.95219 -11.9429 11.8097 
-5.52119 0.95219 -11.9429 11.8097 
-4.87729 0.94342 -13.5443 12.2675 
-4.87729 0.856651 -12.3013 12.2675 
-4.87729 0.771345 -11.0184 10.8933 
-5.06667 0.771345 -13.1643 10.8933 
-5.06667 0.833573 -13.1643 13.0399 
-5.86843 0.610609 -12.5858 11.9197 
-5.86843 0.610609 -12.5858 11.9197 
-5.86843 0.547817 -11.242 10.6333 
-7.04397 0.510094 -15.8149 15.4558 
-6.39599 0.459899 -15.8149 13.9728 
-5.93038 0.362088 -13.2716 12.7365 
-6.13681 0.325099 -13.7653 13.2755 
-6.13681 0.325099 -13.7653 13.2755 
-5.69083 0.259497 -12.8395 12.4328 
-5.69083 0.259497 -12.8395 15.0166 
-5.69083 0.24021 -15.3081 15.0166 
-5.69083 0.215501 -15.719 15.4037 
-5.69083 0.215501 -15.719 15.4037 
-7.53813 0.11664 -18.2871 14.8795 
-7.53813 0.11664 -18.2871 14.8795 
-6.04153 0.111216 -16.8064 12.9094 
-6.04153 0.175395 -17.2495 11.3945 
-6.04153 0.394566 -17.7184 11.2062 
-6.04153 0.358262 -16.21 11.1744 
-5.76469 0.180284 -16.6419 11.1869 
-7.48051 -0.0388129 -17.0269 11.15 
-8.33848 -0.245959 -17.3611 11.0594 
-8.33848 -0.245959 -17.3611 11.0594 
-8.33848 -0.245959 -17.3611 11.0594 
-8.75109 -0.460581 -22.843 12.4243 
-9.30023 -0.310735 -20.1337 9.04092 
-9.30023 -0.310735 -20.5921 9.04092 
-9.62145 -0.230897 -21.1208 8.19557 
-9.79475 -0.211036 -21.1208 8.02094 
-9.96827 -0.196088 -22.1426 7.8369 
-10.1461 -0.181922 -22.5512 7.61212 
-10.3927 -0.177404 -22.8325 7.28004 
-10.725 -0.214815 -22.9582 6.80547 
-11.0414 -0.214815 -23.0662 6.40137 
-11.6028 -0.234309 -23.1516 5.65052 
-12.3172 -0.214054 -20.0397 3.51358 
-12.3172 -0.212745 -18.4711 3.51358 
-12.5204 -0.240868 -18.4936 3.38491 
-12.4251 -0.295421 -20.1369 3.8904 
-12.0853 -0.341672 -21.6838 4.26814 
-12.0853 -0.327512 -19.9192 4.26814 
-11.2857 0.396889 -21.1293 3.49985 
-11.2857 0.917629 -21.1293 2.82032 
-10.3597 1.29042 -19.1445 2.60443 
-9.75364 1.63013 -18.9256 2.46789 
-9.75364 1.95072 -18.9256 2.04215 
-8.72383 2.27384 -17.0895 1.92762 
-8.72383 2.27384 -17.0895 1.92762 
-6.93546 2.76241 -19.475 2.37947 
-6.93546 2.76241 -19.475 2.37947 
-5.5179 3.27527 -17.5605 1.73079 
-5.5179 3.49851 -17.5605 1.6745 
-5.04543 3.49851 -17.3418 1.6745 
-2.90065 3.89415 -18.0787 2.02586 
-2.90065 3.89415 -18.0787 2.02586 
-1.74041 4.35926 -16.4085 2.1289 
-1.35782 4.5795 -15.0003 2.14393 
-1.35782 4.5795 -15.0003 2.14393 
1.02497 4.85879 -16.8688 2.35145 
1.39489 5.02293 -15.4955 2.3584 
2.15883 5.14128 -15.4955 2.41078 
2.91784 5.24001 -15.1089 2.43059 
2.91784 5.24001 -15.1089 2.43059 
4.39822 5.41399 -14.4015 2.07998 
5.03403 5.49243 -14.085 1.90378 
5.61261 5.65207 -12.5973 1.72855 
5.98527 5.74874 -11.2338 1.55215 
6.35187 5.75651 -11.2338 1.37444 
7.15394 5.72361 -11.8739 1.01817 
7.15394 5.72361 -11.8739 1.01817 
7.64234 5.67485 -11.6696 0.630482 
7.33532 5.65884 -10.6677 0.630789 
7.49011 5.65884 -10.4342 0.630789 
7.61463 5.53216 -10.2225 0.261041 
7.70991 5.44827 -10.0293 -0.125871 
7.31817 5.27136 -8.98114 -0.85652 
7.34354 5.27136 -8.8888 -0.85652 
7.34354 5.27136 -8.8888 -1.15555 
6.86308 4.89672 -8.0371 -1.30664 
7.35835 4.71694 -8.74748 -1.95216 
7.33911 4.55627 -8.73424 -2.19329 
7.29983 4.55627 -8.74186 -2.19329 
7.29983 4.38955 -8.74186 -2.41796 
7.70804 4.20099 -8.58695 -2.82534 
7.60978 4.03274 -9.02423 -3.76798 
7.9701 3.84149 -9.49303 -4.63153 
7.34945 3.69235 -8.84969 -4.27228 
7.20769 3.69235 -8.84969 -4.27228 
7.20769 3.51533 -8.76199 -4.51629 
7.06903 3.14731 -8.58342 -4.97162 
6.18125 2.58634 -7.7726 -4.76153 
6.06217 2.58634 -7.7726 -4.9352 
5.4767 2.40527 -7.12719 -4.50277 
5.80183 2.18552 -7.32759 -5.58088 
5.80183 2.18552 -7.32759 -5.58088 
5.80183 2.18552 -6.7126 -5.58088 
5.23615 2.00188 -6.7126 -5.05005 
5.91456 1.56157 -7.1793 -6.95141 
5.91456 1.37964 -7.1793 -6.95141 
5.6568 1.21595 -6.87439 -7.07036 
5.52161 1.06534 -6.70261 -7.14196 
5.52161 0.924862 -6.70261 -7.14196 
5.22925 0.797639 -6.23643 -7.40211 
4.52412 0.582737 -5.36258 -6.76864 
4.52412 0.582737 -5.36258 -6.76864 
3.10138 0.00682699 -2.71056 -5.97627 
3.10138 0.00682699 -2.71056 -5.97627 
1.55612 -0.194012 -2.54955 -3.91175 
1.55612 -0.194012 -2.54955 -3.45458 
1.31376 -0.22237 -2.54955 -3.02179 
1.31376 -0.22237 -0.776939 -3.02179 
2.28423 -0.282461 -1.08416 -5.37471 
1.66444 -0.234151 -0.672776 -4.05561 
1.66444 -0.234151 -0.672776 -4.05561 
1.72028 -0.227664 -0.640112 -4.67854 
1.85941 -0.225063 -0.743312 -4.63649 
2.15028 -0.214025 -0.945965 -6.26787 
1.94378 -0.192661 -0.883467 -5.6289 
2.42464 -0.187118 -1.23333 -7.13936 
2.20153 -0.160691 -1.20233 -7.13936 
2.32358 -0.144678 -1.34489 -6.7873 
2.32358 -0.144678 -1.34489 -6.7873 
2.80314 -0.1156 -1.68386 -8.83415 
2.80314 -0.1156 -1.68386 -7.94532 
2.58941 -0.0732492 -1.73298 -8.3053 
2.62674 -0.0598245 -1.77882 -8.6792 
2.62674 -0.0598245 -1.77882 -8.6792 
2.70307 -0.0443168 -1.815 -9.43645 
2.73366 -0.0373106 -1.85622 -9.43645 
3.04386 -0.0318435 -2.05405 -11.1129 
2.76216 -0.0146468 -2.00621 -9.97249 
2.76216 -0.0146468 -2.00621 -9.97249 
2.98177 0.00198342 -2.07638 -11.7292 
2.6488 0.0116004 -1.91531 -10.8006 
2.37369 0.00986586 -1.75538 -9.70633 
2.08867 -0.00551423 -1.43129 -9.0286 
2.07295 -0.0284089 -1.18367 -9.41059 
2.07295 -0.0284089 -1.18367 -9.76475 
2.07295 -0.0284089 -1.18367 -9.76475 
2.31348 -0.0476991 -1.01258 -10.4269 
2.07715 -0.0502717 -0.977952 -10.4269 
2.28069 -0.0491969 -0.974732 -10.8543 
2.04366 -0.0479608 -0.953562 -11.0829 
2.04366 -0.0479608 -0.953562 -11.0829 
1.92565 -0.045925 -0.789256 -10.1688 
1.51006 -0.0567962 -0.616652 -9.61523 
1.32417 -0.0655473 -0.472007 -8.58684 
1.33703 -0.0722572 -0.331963 -8.58684 
1.33703 -0.0738965 -0.269208 -11.0877 
1.5374 -0.0744727 -0.268152 -11.3951 
1.5614 -0.0716915 -0.317711 -11.5955 
1.5614 -0.0661667 -0.36781 -11.7775 
1.54972 -0.0587926 -0.39225 -11.9502 
1.51894 -0.0507919 -0.391139 -12.1127 
1.49182 -0.0437235 -0.358482 -11.0083 
1.17117 -0.0417196 -0.304119 -11.2497 
1.17071 -0.0394605 -0.142295 -10.442 
1.17289 -0.0375084 -0.0714955 -10.7754 
1.17289 -0.0375084 -0.0714955 -10.7754 
1.31458 -0.0267049 -0.0228246 -11.3005 
1.04156 -0.0304088 -0.0228246 -11.3005 
1.05482 -0.0287751 -0.00115978 -10.5821 
1.05482 -0.0287751 -0.00115978 -10.5821 
1.25013 -0.0113915 0.123474 -9.48915 
1.12787 -0.0125082 0.123474 -12.2781 
1.00054 -0.0153976 0.123474 -12.2781 
1.00054 -0.0153976 0.0925471 -11.1058 
0.953632 -0.0102591 0.140069 -11.3189 
0.944864 -0.00816045 0.147212 -10.1827 
0.938313 -0.00491351 0.178727 -11.5627 
0.930517 -0.00162065 0.178727 -11.6257 
0.930517 -0.00162065 0.141864 -11.6257 
0.923531 0.00165907 0.141864 -11.6449 
0.906375 0.00530996 0.141864 -11.6449 
0.906375 0.00530996 0.122755 -11.5793 
0.801509 0.0216954 0.103125 -12.1966 
0.801509 0.0216954 0.103125 -12.1966 
0.742012 0.00850636 0.344787 -10.8812 
0.742012 0.00850636 0.344787 -10.8812 
0.742012 0.00850636 0.344787 -10.8812 
0.722748 0.0268728 0.368712 -9.82649 
0.524159 0.0206918 0.334934 -8.43862 
0.516824 0.0114417 0.411993 -8.43862 
0.493787 0.011383 0.497089 -8.49332 
0.471613 0.0115484 0.561269 -8.40078 
0.341668 -0.00374181 0.583426 -6.62493 
0.333264 -0.0032027 0.634562 -6.71462 
0.13736 -0.0282584 0.68626 -3.40498 
0.119927 -0.025556 0.661166 -3.30773 
0.119927 -0.025556 0.661166 -3.30773 
0.104919 -0.0275093 0.646604 -3.30773 
0.23814 0.139608 0.602769 -0.756481 
0.286314 0.123593 0.666405 -3.10876 
0.286314 0.123593 0.666405 -3.10876 
0.278054 0.114395 0.557595 -4.41702 
0.247163 0.100142 0.405196 -3.97886 
0.233746 0.0980307 0.326151 -4.18191 
0.223484 0.0971633 0.27482 -4.3932 
0.148701 0.0693964 0.0991998 -3.46298 
0.132372 0.0693964 0.101066 -3.10058 
0.152992 0.0756406 0.239925 -3.74455 
0.143759 0.0696623 0.23644 -3.39147 
0.145495 0.0709151 0.221581 -3.02796 
0.132928 0.0719072 0.305132 -3.75057 
0.118611 0.0719072 0.324979 -3.83323 
0.0901298 0.0636648 0.289613 -3.48281 
0.0785231 0.0556118 0.257978 -3.10127 
0.0710109 0.0607638 0.34074 -3.67865 
0.0710109 0.0594123 0.362965 -3.67865 
0.0628938 0.0594123 0.362965 -3.77568 
-0.168866 0.550791 0.379211 -3.84954 
-0.168866 0.550791 0.379211 -3.84954 
-0.605844 1.37813 0.47644 -4.68176 
-0.789847 1.72564 0.405706 -4.21022 
-0.789847 1.72564 0.405706 -4.21022 
-1.16662 2.72513 0.385228 -3.98318 
-1.34434 2.72513 0.385228 -3.59176 
-1.71005 3.32609 0.466036 -3.7899 
-1.8862 3.32609 0.418413 -3.41416 
-1.8862 3.32609 0.418413 -3.41416 
-2.05613 3.32609 0.421652 -3.36382 
-2.05613 3.60952 0.421652 -3.63557 
-2.40562 4.34735 0.470464 -3.58238 
-2.5467 4.55592 0.458389 -3.40603 
-2.5467 4.74747 0.458389 -3.40603 
-2.84145 4.92177 0.445919 -3.09534 
-2.97671 5.07883 0.447225 -2.96722 
-3.10371 5.21861 0.451218 -2.85428 
-3.10371 5.21861 0.451218 -2.85428 
-3.28396 5.47411 0.556029 -2.84901 
-3.33646 5.57493 0.523562 -2.5647 
-3.39516 5.66681 0.537303 -2.48071 
-3.39516 5.74313 0.537303 -2.48071 
-3.44296 5.74313 0.547836 -2.40878 
-3.48607 5.80294 0.547836 -2.25411 
-3.47815 5.87917 0.436497 -1.42145 
-3.43889 5.85412 0.446673 -1.365 
-3.43889 5.85412 0.446673 -1.365 
-3.42015 5.77965 0.503895 -1.37345 
-3.37914 5.72366 0.465791 -1.24127 
-3.31101 5.65541 0.426423 -1.20411 
-3.23783 5.578 0.426423 -1.20411 
-3.23783 5.578 0.426423 -1.08153 
-3.16029 5.40967 0.502441 -1.09307 
-3.16029 5.40967 0.456316 -1.09307 
-3.00074 5.20148 0.455582 -0.903537 
-2.90102 5.08862 0.420432 -0.811382 
-2.84801 4.9728 0.447221 -0.765892 
-2.77174 4.84583 0.436506 -0.706013 
-2.71017 4.71504 0.433035 -0.653253 
-2.60204 4.71504 0.428864 -0.606471 
-2.51793 4.43761 0.420169 -0.582801 
-2.33747 4.29501 0.406778 -0.452611 
-1.46402 2.86759 0.158222 -0.200431 
-1.46402 2.86759 0.158222 -0.200431 
-1.22103 2.3858 0.183986 -0.0750724 
-1.12595 2.22579 0.1661 -0.0680863 
-1.12595 2.22579 0.1661 -0.0680863 
-1.05561 2.06847 0.173631 -0.0618462 
-0.988584 2.06847 0.173631 0.00206102 
-0.988584 1.91267 0.214373 0.00206102 
-0.946169 1.76019 0.214373 0.062045 
-0.846685 1.46228 0.233408 0.109222 
-0.771781 1.31655 0.236636 0.148177 
-0.70052 1.17828 0.219108 0.134961 
-0.605743 0.941869 0.201896 0.212556 
-0.507907 0.754966 0.183981 0.169888 
-0.473122 0.676987 0.202394 0.262664 
-0.473122 0.676987 0.202394 0.262664 
-0.429184 0.544902 0.205744 0.326468 
-0.382451 0.487557 0.209073 0.351987 
-0.382451 0.487557 0.213128 0.373093 
-0.348139 0.392379 0.230625 0.451777 
-0.307772 0.351407 0.216943 0.408273 
-0.261918 0.315281 0.209606 0.446224 
-0.261918 0.28333 0.209606 0.446224 
-0.228341 0.25478 0.194712 0.400346 
-0.211151 0.229773 0.190483 0.482109 
-0.209872 0.207691 0.199074 0.433835 
-0.169927 0.16916 0.193545 0.52724 
-0.159317 0.152953 0.181281 0.474341 
-0.159317 0.152953 0.181281 0.474341 
-0.150128 0.138409 0.179927 0.485114 
-0.152541 0.138409 0.179927 0.55153 
-0.127005 0.112886 0.17927 0.539208 
-0.107473 0.0835169 0.162169 0.481377 
-0.0807552 0.0697043 0.137527 0.378884 
-0.0733438 0.0697043 0.134374 0.437002 
-0.058536 0.0640343 0.123839 0.391815 
-0.058536 0.0640343 0.123839 0.391815 
-0.0640237 0.0539723 0.12432 0.503471 
-0.0508268 0.0495021 0.122256 0.451417 
-0.0465035 0.0453426 0.117129 0.451417 
-0.0292899 0.0379504 0.110586 0.413137 
-0.0292899 0.0379504 0.110586 0.413137 
-0.00169433 0.0298924 0.0910966 0.308136 
-0.00169433 0.0298924 0.0910966 0.308136 
-0.133286 0.0934666 0.0827976 0.27318 
-0.133286 0.0934666 0.0827976 0.27318 
-0.287402 0.165307 0.0785141 0.252572 
-0.433415 0.165307 0.078568 0.25367 
-0.433415 0.193536 0.078568 0.223717 
-0.433415 0.223606 0.078568 0.21486 
-0.506558 0.223606 0.0806389 0.21486 
-0.636195 0.288922 0.0718999 0.116153 
-0.78093 0.360234 0.074481 0.0972135 
-0.78093 0.360234 0.074481 0.082535 
-0.846083 0.397319 0.0703399 0.0391902 
-0.846083 0.397319 0.0703399 0.0391902 
-0.968428 0.473871 0.0564889 -0.0961697 
-1.03206 0.51302 0.0522326 -0.0961697 
-1.03206 0.51302 0.0522326 -0.0961697 
-1.15672 0.552525 0.0461059 -0.148045 
-1.15672 0.552525 0.0461059 -0.148045 
